epoch,accuracy,loss,lr,val_accuracy,val_loss
0,0.857280433177948,0.34537529945373535,0.001,0.6796423196792603,0.8820850849151611
1,0.8626733422279358,0.3315954804420471,0.001,0.6864808201789856,0.8859860897064209
2,0.874036967754364,0.30698350071907043,0.001,0.7164649963378906,0.804460883140564
3,0.8767334222793579,0.29835474491119385,0.001,0.7332982420921326,0.8459968566894531
4,0.8861710429191589,0.28988173604011536,0.001,0.6922672390937805,1.0094081163406372
5,0.8748074173927307,0.30155378580093384,0.001,0.659652829170227,0.8473578095436096
6,0.8894453048706055,0.2619428336620331,0.001,0.7538138031959534,0.8385939598083496
7,0.8944529891014099,0.2679731547832489,0.001,0.7012099027633667,0.9970280528068542
8,0.892719566822052,0.2731543481349945,0.001,0.5660178661346436,1.4394261837005615
9,0.8880970478057861,0.276626855134964,0.001,0.746975302696228,0.8139522075653076
10,0.8950307965278625,0.2577064037322998,0.001,0.6159915924072266,1.2327207326889038
11,0.8979198932647705,0.2504008412361145,0.001,0.6643871665000916,0.8671535849571228
12,0.8959938287734985,0.26449739933013916,0.001,0.6906890869140625,0.8767330646514893
13,0.8984977006912231,0.2473391890525818,0.001,0.6906890869140625,0.8714309334754944
14,0.9067796468734741,0.2389349788427353,0.001,0.6491320133209229,1.056907296180725
15,0.9042758345603943,0.24066714942455292,0.001,0.7033140659332275,1.0162057876586914
16,0.8977272510528564,0.25703302025794983,0.001,0.6959494948387146,0.8431338667869568
17,0.902157187461853,0.2380436658859253,0.001,0.6822724938392639,0.8214585781097412
18,0.9167950749397278,0.20683002471923828,0.0003,0.706470251083374,0.9708340167999268
19,0.9177581071853638,0.2060084193944931,0.0003,0.7059442400932312,0.9510101675987244
20,0.9164098501205444,0.2055724710226059,0.0003,0.687532901763916,0.9626883864402771
21,0.9191063046455383,0.20247524976730347,0.0003,0.6933193206787109,1.0660572052001953
22,0.9202619194984436,0.2029504030942917,0.0003,0.7148869037628174,0.9595053791999817
23,0.9167950749397278,0.19879651069641113,0.0003,0.6927932500839233,0.9864073991775513
24,0.9233435988426208,0.18867313861846924,0.0003,0.7206733226776123,0.9538235068321228
25,0.9283512830734253,0.18157276511192322,0.0003,0.7117306590080261,0.9919711351394653
26,0.9264252781867981,0.18239136040210724,0.0003,0.706470251083374,0.9109067916870117
27,0.9252696633338928,0.1933884173631668,0.0003,0.6975275874137878,1.0375216007232666
28,0.9200693368911743,0.1966487169265747,0.0003,0.6980536580085754,0.998591959476471
29,0.9244992136955261,0.19138699769973755,0.0003,0.7364544868469238,0.9655171036720276
30,0.9219954013824463,0.18858996033668518,0.0003,0.685954749584198,0.8362506031990051
31,0.9158320426940918,0.2097446173429489,0.0003,0.6843766570091248,0.8913546204566956
32,0.9208397269248962,0.19549541175365448,0.0003,0.7054182291030884,1.0048006772994995
33,0.9277734756469727,0.1756940633058548,1e-04,0.7122567296028137,0.9525273442268372
34,0.9304699301719666,0.17428550124168396,1e-04,0.7059442400932312,0.9375205636024475
35,0.9339368343353271,0.16523583233356476,1e-04,0.717517077922821,0.9963066577911377
36,0.9331663846969604,0.16958895325660706,1e-04,0.7027879953384399,0.941378653049469
37,0.9318181872367859,0.1738358438014984,1e-04,0.724881649017334,1.0360147953033447
38,0.9298921227455139,0.17673076689243317,1e-04,0.7264597415924072,0.9757614731788635
39,0.9298921227455139,0.17479440569877625,1e-04,0.7201473116874695,0.9645543098449707
40,0.9335516095161438,0.17555749416351318,1e-04,0.7038400769233704,0.9772109389305115
41,0.9318181872367859,0.17142342031002045,1e-04,0.7211993932723999,0.9716149568557739
42,0.9302773475646973,0.17306816577911377,1e-04,0.7033140659332275,0.9825937151908875
43,0.9279661178588867,0.17921601235866547,1e-04,0.6891109943389893,0.9808898568153381
44,0.9320107698440552,0.17104516923427582,1e-04,0.713834822177887,0.9789029359817505
45,0.9270030856132507,0.17615582048892975,1e-04,0.6896370053291321,0.9805834889411926
46,0.9323959946632385,0.16666629910469055,1e-04,0.7154129147529602,0.9886515736579895
47,0.9298921227455139,0.16768568754196167,1e-04,0.6943714022636414,0.9617668390274048
48,0.9293143153190613,0.1760943979024887,1e-04,0.6975275874137878,0.9673187136650085
49,0.9335516095161438,0.1632065773010254,1e-04,0.7106785774230957,0.9810482859611511
50,0.9285439252853394,0.18002374470233917,1e-04,0.6917411684989929,1.0083154439926147
51,0.9318181872367859,0.1718011498451233,1e-04,0.7190952301025391,0.930641770362854
52,0.9331663846969604,0.1683274358510971,1e-04,0.6964755654335022,0.9801905751228333
53,0.92719566822052,0.17641815543174744,1e-04,0.6775381565093994,0.9519309997558594
54,0.9389445185661316,0.15932711958885193,1e-04,0.697001576423645,0.9519977569580078
55,0.9379814863204956,0.1595964878797531,1e-04,0.6849026679992676,1.0203828811645508
56,0.9287365078926086,0.179354727268219,1e-04,0.7222514748573303,1.0845824480056763
57,0.9318181872367859,0.16627256572246552,1e-04,0.7206733226776123,0.9499707818031311
58,0.9345146417617798,0.16009287536144257,1e-04,0.706470251083374,0.9435595870018005
59,0.9296995401382446,0.17306794226169586,1e-04,0.6959494948387146,1.00120210647583
60,0.9279661178588867,0.17356222867965698,1e-04,0.7206733226776123,1.0480729341506958
61,0.9368258714675903,0.16237138211727142,1e-04,0.6822724938392639,0.9862752556800842
62,0.9377889037132263,0.1642824411392212,1e-04,0.6891109943389893,0.9427082538604736
63,0.9339368343353271,0.16430580615997314,1e-04,0.6927932500839233,0.9809701442718506
64,0.938366711139679,0.15688017010688782,1e-04,0.7075223326683044,1.0402926206588745
65,0.9323959946632385,0.166807621717453,1e-04,0.7054182291030884,1.0553994178771973
66,0.9285439252853394,0.17945201694965363,1e-04,0.6754339933395386,0.9847720265388489
67,0.9358628392219543,0.16493886709213257,1e-04,0.7301420569419861,1.0132938623428345
68,0.9246918559074402,0.1796421855688095,1e-04,0.6933193206787109,0.9550223350524902
69,0.9345146417617798,0.16401001811027527,1e-04,0.7159389853477478,0.9927489161491394
70,0.9302773475646973,0.17412839829921722,1e-04,0.7059442400932312,0.9422920346260071
71,0.9335516095161438,0.1677502691745758,1e-04,0.6996317505836487,0.9928121566772461
72,0.9350924491882324,0.16623394191265106,1e-04,0.7185691595077515,1.0897287130355835
73,0.9356702566146851,0.16363778710365295,1e-04,0.687532901763916,0.9709608554840088
74,0.9333590269088745,0.16791120171546936,1e-04,0.6896370053291321,0.9978029131889343
75,0.938366711139679,0.1557505577802658,1e-04,0.7038400769233704,1.0462056398391724
76,0.9362480640411377,0.16092072427272797,1e-04,0.7133088111877441,1.0121445655822754
77,0.9312403798103333,0.1575457602739334,1e-04,0.7117306590080261,1.0649921894073486
78,0.9399075508117676,0.15948863327503204,1e-04,0.6938453316688538,1.077789545059204
79,0.9358628392219543,0.16167733073234558,1e-04,0.6885849833488464,0.997342050075531
80,0.937403678894043,0.15820766985416412,1e-04,0.7190952301025391,1.0952006578445435
81,0.9360554814338684,0.1610671877861023,1e-04,0.6943714022636414,1.0295807123184204
82,0.9370185136795044,0.15954019129276276,1e-04,0.6880589127540588,0.9926466941833496
83,0.9358628392219543,0.1662077158689499,1e-04,0.6822724938392639,1.0392857789993286
84,0.9395223259925842,0.1590932160615921,1e-04,0.6943714022636414,1.0589017868041992
85,0.9329738020896912,0.1659259796142578,1e-04,0.6854287385940552,1.0212956666946411
86,0.9339368343353271,0.1635340303182602,1e-04,0.6801683306694031,1.0026741027832031
87,0.9337441921234131,0.1637032926082611,1e-04,0.7012099027633667,0.9951880574226379
88,0.9329738020896912,0.1596377044916153,1e-04,0.687532901763916,1.0450290441513062
89,0.9352850317955017,0.16225434839725494,1e-04,0.6948974132537842,1.0015177726745605
90,0.9364407062530518,0.15813122689723969,1e-04,0.7117306590080261,1.0632745027542114
91,0.9399075508117676,0.15667490661144257,1e-04,0.7017359137535095,1.0383380651474
92,0.9379814863204956,0.1533346027135849,1e-04,0.7001578211784363,1.046250820159912
93,0.9414483904838562,0.15036459267139435,1e-04,0.6827985048294067,1.0144556760787964
94,0.9368258714675903,0.16186179220676422,1e-04,0.6738558411598206,1.000044584274292
95,0.9422187805175781,0.15265387296676636,1e-04,0.6775381565093994,1.0148696899414062
96,0.9379814863204956,0.1596856564283371,1e-04,0.6912151575088501,1.0349594354629517
97,0.9399075508117676,0.15056249499320984,1e-04,0.6885849833488464,1.0050541162490845
98,0.9404853582382202,0.1482175588607788,1e-04,0.6791162490844727,1.0114701986312866
99,0.9408705830574036,0.1504482924938202,1e-04,0.7148869037628174,1.162014126777649
100,0.9362480640411377,0.1567986011505127,1e-04,0.7006838321685791,0.9985103011131287
101,0.9401001334190369,0.1516738384962082,1e-04,0.6864808201789856,1.0173577070236206
102,0.9364407062530518,0.1571962982416153,1e-04,0.7017359137535095,0.973662793636322
