epoch,accuracy,loss,lr,val_accuracy,val_loss
0,0.9306625723838806,0.18638108670711517,0.001,0.5291951894760132,2.123539924621582
1,0.9343220591545105,0.17523819208145142,0.001,0.5433982014656067,2.1743874549865723
2,0.948767364025116,0.1389724761247635,0.001,0.5570752024650574,2.394829511642456
3,0.9391371607780457,0.16611850261688232,0.001,0.5639137029647827,2.0919876098632812
4,0.9520416259765625,0.13719049096107483,0.001,0.687532901763916,0.9912079572677612
5,0.9503081440925598,0.12521982192993164,0.001,0.5491846203804016,2.4483039379119873
6,0.9501155614852905,0.12877166271209717,0.001,0.529721200466156,2.464075803756714
7,0.9445300698280334,0.1441446989774704,0.001,0.6549184918403625,1.5731065273284912
8,0.9483821392059326,0.13201026618480682,0.001,0.5507627725601196,2.41532564163208
9,0.9545454382896423,0.11812323331832886,0.001,0.5623356103897095,2.062162160873413
10,0.9597457647323608,0.10680067539215088,0.001,0.6733298301696777,1.0058863162994385
11,0.9531972408294678,0.1231885626912117,0.001,0.5602314472198486,1.8746280670166016
12,0.9634052515029907,0.10091715306043625,0.001,0.6512361764907837,2.0026817321777344
13,0.9610939621925354,0.10689377784729004,0.001,0.6938453316688538,1.0882645845413208
14,0.9593605399131775,0.1005975529551506,0.001,0.7164649963378906,1.1499717235565186
15,0.9624422192573547,0.09339920431375504,0.001,0.6917411684989929,1.3989293575286865
16,0.9697611927986145,0.08412561565637589,0.001,0.7117306590080261,1.3096466064453125
17,0.9662942886352539,0.09135468304157257,0.001,0.5460284352302551,3.956199884414673
18,0.9637904763221741,0.09237664937973022,0.001,0.7180431485176086,1.2471100091934204
19,0.9659090638160706,0.09280844032764435,0.001,0.6549184918403625,3.5315864086151123
20,0.973998486995697,0.06960877031087875,0.0003,0.7211993932723999,0.9084495902061462
21,0.9757319092750549,0.059570759534835815,0.0003,0.7401367425918579,1.3065460920333862
22,0.9824730157852173,0.0516476146876812,0.0003,0.6806943416595459,1.4212744235992432
23,0.9774653315544128,0.06101560592651367,0.0003,0.6833245754241943,1.3537700176239014
24,0.9836286306381226,0.04927203059196472,0.0003,0.7396107316017151,1.1255989074707031
25,0.982280433177948,0.05586213245987892,0.0003,0.7201473116874695,1.0893858671188354
26,0.9845916628837585,0.0445169098675251,0.0003,0.7632824778556824,1.4235920906066895
27,0.9817026257514954,0.055089887231588364,0.0003,0.6796423196792603,1.2636650800704956
28,0.9863251447677612,0.04342465475201607,0.0003,0.6843766570091248,1.1660964488983154
29,0.9882511496543884,0.041716642677783966,0.0003,0.7396107316017151,1.1277549266815186
30,0.9826656579971313,0.04791998490691185,0.0003,0.7411888241767883,1.149559497833252
31,0.9869029521942139,0.039356429129838943,0.0003,0.7506575584411621,1.1104540824890137
32,0.9828582406044006,0.04695788398385048,0.0003,0.6317727565765381,1.7679897546768188
33,0.9869029521942139,0.04155590012669563,0.0003,0.7117306590080261,1.2085844278335571
34,0.9870955348014832,0.04057560861110687,0.0003,0.7716991305351257,1.127079963684082
35,0.9872881174087524,0.03714416176080704,0.0003,0.735928475856781,1.0029696226119995
36,0.9895994067192078,0.033864159137010574,1e-04,0.7443450689315796,1.1049646139144897
37,0.9903697967529297,0.027119124308228493,1e-04,0.708048403263092,1.745853066444397
38,0.9895994067192078,0.030130717903375626,1e-04,0.7222514748573303,1.3996330499649048
39,0.990562379360199,0.03138446807861328,1e-04,0.7264597415924072,1.6701087951660156
40,0.9884437322616577,0.030247598886489868,1e-04,0.7401367425918579,1.280411720275879
41,0.9903697967529297,0.028840040788054466,1e-04,0.7669647336006165,1.2126009464263916
42,0.9919106364250183,0.0266899261623621,1e-04,0.7559179663658142,1.1261050701141357
43,0.9895994067192078,0.02751648984849453,1e-04,0.765912652015686,1.421937346458435
44,0.9909476041793823,0.026052359491586685,1e-04,0.7427669763565063,1.3082547187805176
45,0.9909476041793823,0.028452087193727493,1e-04,0.7354024052619934,1.2367699146270752
46,0.990755021572113,0.031588368117809296,1e-04,0.7317201495170593,1.5869905948638916
47,0.9901772141456604,0.03150728717446327,1e-04,0.7496054768562317,1.7505900859832764
48,0.9911401867866516,0.03101591393351555,1e-04,0.7148869037628174,1.2716983556747437
49,0.9911401867866516,0.026751307770609856,1e-04,0.7243555784225464,1.139042854309082
50,0.9913328289985657,0.027434280142188072,1e-04,0.7264597415924072,1.2871602773666382
51,0.9934514760971069,0.023835251107811928,1e-04,0.7296159863471985,1.3421541452407837
52,0.9942218661308289,0.02177605964243412,1e-04,0.7443450689315796,1.560221552848816
53,0.9903697967529297,0.031837258487939835,1e-04,0.7311940789222717,1.0749503374099731
54,0.990755021572113,0.03196970745921135,1e-04,0.7348763942718506,1.3240063190460205
55,0.989791989326477,0.02978937327861786,1e-04,0.7117306590080261,1.564671277999878
56,0.9901772141456604,0.031963642686605453,1e-04,0.7411888241767883,1.56162691116333
57,0.9911401867866516,0.029357604682445526,1e-04,0.7427669763565063,1.4191832542419434
58,0.9913328289985657,0.028018275275826454,1e-04,0.7496054768562317,1.567879557609558
59,0.991718053817749,0.029079845175147057,1e-04,0.7790636420249939,1.4301425218582153
60,0.9909476041793823,0.031406570225954056,1e-04,0.7706470489501953,1.2697672843933105
61,0.9919106364250183,0.02527734450995922,1e-04,0.7643345594406128,1.3373949527740479
62,0.9926810264587402,0.02433169074356556,1e-04,0.7485533952713013,1.2600233554840088
63,0.9922958612442017,0.024642111733555794,1e-04,0.7785376310348511,1.3316144943237305
64,0.9922958612442017,0.02336600422859192,1e-04,0.7480273246765137,1.158479928970337
65,0.9934514760971069,0.02005026862025261,1e-04,0.7380326390266418,1.5070452690124512
66,0.9932588338851929,0.020570410415530205,1e-04,0.7485533952713013,1.6437844038009644
67,0.991525411605835,0.027074629440903664,1e-04,0.7643345594406128,1.4324392080307007
68,0.9922958612442017,0.024534309282898903,1e-04,0.7422409057617188,1.544581651687622
69,0.9946070909500122,0.020714426413178444,1e-04,0.7653866410255432,1.124739646911621
70,0.9934514760971069,0.023872684687376022,1e-04,0.7322461605072021,1.3980140686035156
71,0.9913328289985657,0.02585078403353691,1e-04,0.7522356510162354,1.3608155250549316
72,0.9936440587043762,0.021101266145706177,1e-04,0.7238295674324036,1.40569269657135
73,0.992488443851471,0.022341229021549225,1e-04,0.7306680679321289,1.4590157270431519
74,0.990755021572113,0.029038462787866592,1e-04,0.7254076600074768,1.8271738290786743
75,0.9946070909500122,0.01965571567416191,1e-04,0.7396107316017151,1.360521674156189
76,0.9932588338851929,0.019057702273130417,1e-04,0.7690688967704773,1.7128138542175293
77,0.990755021572113,0.03195768967270851,1e-04,0.7627564668655396,1.618206262588501
78,0.9930662512779236,0.021167661994695663,1e-04,0.7538138031959534,1.407302737236023
79,0.9930662512779236,0.021533288061618805,1e-04,0.7580220699310303,1.1478155851364136
80,0.9926810264587402,0.02220418117940426,1e-04,0.7485533952713013,1.2467730045318604
81,0.9940292835235596,0.02120947279036045,1e-04,0.7596002221107483,1.1982930898666382
82,0.9934514760971069,0.024830542504787445,1e-04,0.7348763942718506,1.1560949087142944
83,0.9942218661308289,0.01860857754945755,1e-04,0.7574960589408875,1.6575201749801636
84,0.9932588338851929,0.022011078894138336,1e-04,0.756443977355957,1.571555256843567
85,0.9922958612442017,0.025417424738407135,1e-04,0.7375065684318542,1.652672529220581
86,0.9926810264587402,0.02935716323554516,1e-04,0.7327722311019897,1.4693882465362549
87,0.9932588338851929,0.020812220871448517,1e-04,0.7611783146858215,1.260255217552185
88,0.9930662512779236,0.024300435557961464,1e-04,0.7606523036956787,1.1893601417541504
89,0.9936440587043762,0.019975341856479645,1e-04,0.6922672390937805,1.531333565711975
90,0.992488443851471,0.022998012602329254,1e-04,0.7406628131866455,1.5293294191360474
91,0.9922958612442017,0.023707490414381027,1e-04,0.735928475856781,1.484312653541565
92,0.9940292835235596,0.020111581310629845,1e-04,0.7517096400260925,1.3421874046325684
93,0.9928736686706543,0.020625639706850052,1e-04,0.7617043852806091,1.3652536869049072
94,0.992488443851471,0.02379143238067627,1e-04,0.7069963216781616,1.5226856470108032
95,0.9936440587043762,0.02218477614223957,1e-04,0.756443977355957,1.336013913154602
96,0.992488443851471,0.024461228400468826,1e-04,0.7627564668655396,1.2932932376861572
97,0.9940292835235596,0.01970205269753933,1e-04,0.7301420569419861,1.393481731414795
98,0.9940292835235596,0.019796088337898254,1e-04,0.7338243126869202,1.559330701828003
99,0.9949923157691956,0.018268069252371788,1e-04,0.7369805574417114,1.4659106731414795
100,0.9936440587043762,0.0205956120043993,1e-04,0.7774855494499207,1.333706259727478
101,0.9936440587043762,0.02020416222512722,1e-04,0.7501314878463745,1.1690928936004639
102,0.9951848983764648,0.015828490257263184,1e-04,0.7601262331008911,1.5528548955917358
103,0.9944145083427429,0.018068702891469002,1e-04,0.7906364798545837,1.3984856605529785
104,0.9919106364250183,0.028787465766072273,1e-04,0.7048921585083008,1.476283073425293
105,0.9932588338851929,0.022288618609309196,1e-04,0.7401367425918579,1.7002315521240234
106,0.9942218661308289,0.016747156158089638,1e-04,0.7285639047622681,1.2285586595535278
107,0.991718053817749,0.03037075139582157,1e-04,0.7848500609397888,1.3359030485153198
108,0.9940292835235596,0.019612902775406837,1e-04,0.7459232211112976,1.2708815336227417
109,0.9957627058029175,0.016240088269114494,1e-04,0.7653866410255432,1.3852900266647339
110,0.9953774809837341,0.015484112314879894,1e-04,0.7432929873466492,1.4897820949554443
111,0.991718053817749,0.025706090033054352,1e-04,0.7648605704307556,1.2708146572113037
112,0.9953774809837341,0.016698339954018593,1e-04,0.7695949673652649,1.165829062461853
113,0.9949923157691956,0.01939893700182438,1e-04,0.7648605704307556,1.727210521697998
114,0.9947996735572815,0.01712888292968273,1e-04,0.7522356510162354,1.6406669616699219
115,0.9949923157691956,0.01871551387012005,1e-04,0.7695949673652649,1.4695619344711304
116,0.9946070909500122,0.01928688772022724,1e-04,0.765912652015686,1.5134116411209106
117,0.9940292835235596,0.018548710271716118,1e-04,0.7269858121871948,1.6294094324111938
118,0.9934514760971069,0.01855822093784809,1e-04,0.7301420569419861,1.7031660079956055
119,0.9942218661308289,0.018224630504846573,1e-04,0.7822198867797852,1.4967204332351685
120,0.9951848983764648,0.016575351357460022,1e-04,0.7753813862800598,1.6283376216888428
