epoch,accuracy,loss,lr,val_accuracy,val_loss
0,0.8382126092910767,0.3863981366157532,0.001,0.2582851052284241,2.700896739959717
1,0.9036979675292969,0.2590082883834839,0.001,0.35507628321647644,3.2208633422851562
2,0.9254622459411621,0.20749343931674957,0.001,0.294581800699234,2.6287665367126465
3,0.926232635974884,0.1852165162563324,0.001,0.654392421245575,1.0368326902389526
4,0.9429892301559448,0.1524886190891266,0.001,0.6554445028305054,1.0417890548706055
5,0.9447226524353027,0.15376335382461548,0.001,0.6838505864143372,0.7126142382621765
6,0.9491525292396545,0.1357542723417282,0.001,0.74539715051651,1.1744464635849
7,0.9603235721588135,0.12108469009399414,0.001,0.6370331645011902,3.640489339828491
8,0.956278920173645,0.11795703321695328,0.001,0.7496054768562317,0.712070643901825
9,0.966486930847168,0.09913689643144608,0.001,0.7075223326683044,0.7640705108642578
10,0.96359783411026,0.09900081157684326,0.001,0.6538664102554321,1.8821052312850952
11,0.9618644118309021,0.10088421404361725,0.001,0.6275644302368164,1.938693642616272
12,0.9697611927986145,0.0778103843331337,0.001,0.6391372680664062,3.711272954940796
13,0.9689907431602478,0.08158103376626968,0.001,0.7974750399589539,0.6231058835983276
14,0.9766949415206909,0.06871277093887329,0.001,0.717517077922821,1.4395229816436768
15,0.980354368686676,0.058453381061553955,0.001,0.7780115604400635,0.871883749961853
16,0.9795839786529541,0.05982643738389015,0.001,0.724881649017334,1.245837688446045
17,0.9788135886192322,0.0614931620657444,0.001,0.7596002221107483,1.3495118618011475
18,0.9869029521942139,0.04597647860646248,0.001,0.6675434112548828,2.522648334503174
19,0.9761170744895935,0.07400903850793839,0.001,0.7106785774230957,1.6453578472137451
20,0.9888289570808411,0.040468908846378326,0.001,0.6891109943389893,1.738144040107727
21,0.9807395935058594,0.0656500831246376,0.001,0.7532877326011658,1.5092458724975586
22,0.9863251447677612,0.03939571604132652,0.001,0.8027353882789612,0.9349910020828247
23,0.9851694703102112,0.04636149853467941,0.001,0.7596002221107483,1.2246789932250977
24,0.9901772141456604,0.03360433131456375,0.001,0.7948448061943054,1.3968441486358643
25,0.9869029521942139,0.040672507137060165,0.001,0.6849026679992676,1.3404035568237305
26,0.9843990802764893,0.04818139225244522,0.001,0.7596002221107483,1.1142988204956055
27,0.990562379360199,0.030210526660084724,0.001,0.7922146320343018,1.4690756797790527
28,0.991718053817749,0.030798090621829033,0.001,0.7143608331680298,1.8212968111038208
29,0.9946070909500122,0.02073085680603981,0.0003,0.7853761315345764,1.2818756103515625
30,0.9944145083427429,0.01813049241900444,0.0003,0.7574960589408875,1.5462396144866943
31,0.9965331554412842,0.012715660035610199,0.0003,0.8206207156181335,1.1325370073318481
32,0.9963405132293701,0.014367087744176388,0.0003,0.7927406430244446,1.277829885482788
33,0.9949923157691956,0.016411297023296356,0.0003,0.7811678051948547,1.333494782447815
34,0.9984591603279114,0.009607371874153614,0.0003,0.8011572957038879,1.1970347166061401
35,0.9953774809837341,0.014869175851345062,0.0003,0.7869542241096497,1.2377872467041016
36,0.9988443851470947,0.0073106661438941956,0.0003,0.8353497982025146,0.9126937389373779
37,0.9974961280822754,0.010813627392053604,0.0003,0.8842714428901672,0.728810727596283
38,0.998073935508728,0.009010314010083675,0.0003,0.7943187952041626,1.5885732173919678
39,0.9967257380485535,0.012003842741250992,0.0003,0.854813277721405,0.8639196753501892
40,0.9942218661308289,0.019273189827799797,0.0003,0.8137822151184082,1.0736154317855835
41,0.9963405132293701,0.012263252399861813,0.0003,0.8137822151184082,1.1139310598373413
42,0.998073935508728,0.007969850674271584,0.0003,0.8148342967033386,1.0975767374038696
43,0.9974961280822754,0.009333422407507896,0.0003,0.8353497982025146,1.1101374626159668
44,0.9976887702941895,0.009110281243920326,1e-04,0.8090478777885437,1.2414705753326416
45,0.9984591603279114,0.00814487412571907,1e-04,0.8169384598731995,1.0353021621704102
46,0.9986517429351807,0.004499264992773533,1e-04,0.804839551448822,1.2780317068099976
47,0.9984591603279114,0.006163063924759626,1e-04,0.7985270619392395,1.4583487510681152
48,0.9986517429351807,0.0073400563560426235,1e-04,0.8058916330337524,1.3009334802627563
49,0.9978813529014587,0.008104580454528332,1e-04,0.7948448061943054,1.2535055875778198
50,0.9969183206558228,0.009029028005897999,1e-04,0.8200947046279907,1.2191535234451294
51,0.9982665777206421,0.006571016740053892,1e-04,0.8306154608726501,1.0827572345733643
52,0.9982665777206421,0.007651093881577253,1e-04,0.8074697256088257,1.3289389610290527
53,0.9967257380485535,0.008875572122633457,1e-04,0.8279852867126465,1.0333421230316162
54,0.9978813529014587,0.005456897430121899,1e-04,0.8574434518814087,0.9731342792510986
55,0.9973035454750061,0.011007493361830711,1e-04,0.8416622877120972,0.9051494002342224
56,0.9982665777206421,0.00789488572627306,1e-04,0.8200947046279907,1.1199705600738525
57,0.9984591603279114,0.006243483163416386,1e-04,0.8195686340332031,1.2420035600662231
58,0.998073935508728,0.007523602806031704,1e-04,0.8206207156181335,1.1458914279937744
59,0.9988443851470947,0.004288627300411463,1e-04,0.8195686340332031,1.1758111715316772
60,0.9986517429351807,0.007106886710971594,1e-04,0.84218829870224,1.0564680099487305
61,0.999036967754364,0.0054674348793923855,1e-04,0.8169384598731995,1.3349870443344116
62,0.9988443851470947,0.005951950326561928,1e-04,0.8132562041282654,1.231817364692688
63,0.999036967754364,0.006057317368686199,1e-04,0.8069437146186829,1.2858909368515015
64,0.9982665777206421,0.007674648426473141,1e-04,0.815886378288269,1.4299911260604858
65,0.9982665777206421,0.005298763979226351,1e-04,0.7990531325340271,1.601841688156128
66,0.9982665777206421,0.006592628080397844,1e-04,0.7532877326011658,1.831162691116333
67,0.9986517429351807,0.005498249549418688,1e-04,0.8037874698638916,1.3788743019104004
68,0.9988443851470947,0.004442905075848103,1e-04,0.7764334678649902,1.5751080513000488
69,0.999036967754364,0.0037971490528434515,1e-04,0.7980010509490967,1.4133505821228027
70,0.9986517429351807,0.004147006664425135,1e-04,0.793792724609375,1.565178632736206
71,0.9988443851470947,0.004694906994700432,1e-04,0.8106259703636169,1.204160213470459
72,0.9992296099662781,0.004734772257506847,1e-04,0.8143082857131958,1.2799677848815918
73,0.9978813529014587,0.006105820648372173,1e-04,0.8001052141189575,1.3983850479125977
74,0.9992296099662781,0.0034272405318915844,1e-04,0.7880063056945801,1.572330355644226
75,0.9976887702941895,0.0066622160375118256,1e-04,0.7543398141860962,2.014319896697998
76,0.9982665777206421,0.006042750086635351,1e-04,0.793792724609375,1.2585885524749756
77,0.9986517429351807,0.004957105964422226,1e-04,0.7801157236099243,1.7089165449142456
78,0.9982665777206421,0.006020700093358755,1e-04,0.7548658847808838,1.7901803255081177
79,0.998073935508728,0.007967779412865639,1e-04,0.8342977166175842,1.077162265777588
80,0.9986517429351807,0.0036501078866422176,1e-04,0.7922146320343018,1.6656792163848877
81,0.9988443851470947,0.006176194176077843,1e-04,0.8374539613723755,1.0449427366256714
82,0.9986517429351807,0.005219373386353254,1e-04,0.8127301335334778,1.193130373954773
83,0.9988443851470947,0.00647004833444953,1e-04,0.8206207156181335,1.1723440885543823
84,0.9988443851470947,0.004210855811834335,1e-04,0.8195686340332031,1.2183889150619507
85,0.9984591603279114,0.005582941696047783,1e-04,0.8248290419578552,1.0065938234329224
86,0.9994221925735474,0.0025515654124319553,1e-04,0.8011572957038879,1.3643041849136353
87,0.9988443851470947,0.0035131059121340513,1e-04,0.7980010509490967,1.4119694232940674
88,0.9988443851470947,0.003156042890623212,1e-04,0.7853761315345764,1.6890463829040527
89,0.9988443851470947,0.004371722228825092,1e-04,0.8111520409584045,1.4418658018112183
90,0.9988443851470947,0.0035215658135712147,1e-04,0.8111520409584045,1.3364903926849365
91,0.9986517429351807,0.0039574746042490005,1e-04,0.7927406430244446,1.4597946405410767
92,0.9986517429351807,0.005223502870649099,1e-04,0.8448185324668884,1.0864585638046265
93,0.999036967754364,0.004075933713465929,1e-04,0.7895844578742981,1.605905532836914
94,0.9986517429351807,0.0038054154720157385,1e-04,0.7685428857803345,1.936192512512207
95,0.999036967754364,0.004031177144497633,1e-04,0.7774855494499207,1.4798997640609741
96,0.9986517429351807,0.005428103264421225,1e-04,0.7859021425247192,1.6508806943893433
97,0.9992296099662781,0.0032876499462872744,1e-04,0.7890583872795105,1.5616506338119507
98,0.9986517429351807,0.0036105976905673742,1e-04,0.7627564668655396,2.195298194885254
99,0.9994221925735474,0.004154942464083433,1e-04,0.8590215444564819,1.0193817615509033
100,0.9986517429351807,0.003719596890732646,1e-04,0.8001052141189575,1.4182196855545044
101,0.9986517429351807,0.004611164331436157,1e-04,0.8221988677978516,1.1866313219070435
102,0.998073935508728,0.006385207176208496,1e-04,0.7774855494499207,1.662817120552063
103,0.9986517429351807,0.005447416566312313,1e-04,0.8227248787879944,1.2506757974624634
104,0.998073935508728,0.0052765049040317535,1e-04,0.7816938161849976,1.6070586442947388
105,0.9984591603279114,0.003783054184168577,1e-04,0.8148342967033386,1.3717995882034302
106,0.9974961280822754,0.006592833437025547,1e-04,0.8295633792877197,1.2561949491500854
107,0.999036967754364,0.003643398405984044,1e-04,0.8206207156181335,1.2029478549957275
108,0.9992296099662781,0.0025199970696121454,1e-04,0.8116780519485474,1.2810335159301758
109,0.9994221925735474,0.002826152602210641,1e-04,0.8022093772888184,1.4034512042999268
110,0.9996147751808167,0.0012570576509460807,1e-04,0.793792724609375,1.5084847211837769
111,0.9994221925735474,0.003282161196693778,1e-04,0.7895844578742981,1.530238151550293
112,0.9996147751808167,0.002497678156942129,1e-04,0.7880063056945801,1.6942063570022583
113,0.999036967754364,0.00409661652520299,1e-04,0.8001052141189575,1.3456151485443115
