epoch,accuracy,loss,lr,val_accuracy,val_loss
0,0.9620569944381714,0.11385966092348099,0.001,0.8053656220436096,0.9977880716323853
1,0.9672573208808899,0.09654264897108078,0.001,0.6849026679992676,1.161923885345459
2,0.9732280373573303,0.0826491266489029,0.001,0.717517077922821,1.361397385597229
3,0.9811248183250427,0.06135387346148491,0.001,0.6938453316688538,1.704790711402893
4,0.9653312563896179,0.10182034969329834,0.001,0.5754866003990173,2.6094202995300293
5,0.9799692034721375,0.08160524070262909,0.001,0.2156759649515152,11.658186912536621
6,0.9753466844558716,0.07782590389251709,0.001,0.7722251415252686,1.3365596532821655
7,0.980354368686676,0.060306891798973083,0.001,0.7643345594406128,1.1135107278823853
8,0.9886363744735718,0.03595813363790512,0.001,0.7390847206115723,1.6173019409179688
9,0.989791989326477,0.03267704322934151,0.001,0.7932667136192322,1.060638189315796
10,0.9870955348014832,0.046958692371845245,0.001,0.8200947046279907,0.49510324001312256
11,0.9903697967529297,0.033264223486185074,0.001,0.7853761315345764,1.096070408821106
12,0.9926810264587402,0.029797689989209175,0.001,0.7869542241096497,0.9500571489334106
13,0.9930662512779236,0.026269271969795227,0.001,0.7680168151855469,2.4375035762786865
14,0.990562379360199,0.03287102282047272,0.001,0.8821672797203064,0.4122457206249237
15,0.992488443851471,0.02456023544073105,0.001,0.8106259703636169,0.9306693077087402
16,0.989791989326477,0.031703826040029526,0.001,0.7816938161849976,0.9305840730667114
17,0.9932588338851929,0.02454599365592003,0.001,0.8316675424575806,0.9998010396957397
18,0.9909476041793823,0.03470641374588013,0.001,0.8385060429573059,0.9273224472999573
19,0.9951848983764648,0.014812100678682327,0.001,0.8379800319671631,0.9725407958030701
20,0.9963405132293701,0.015039609745144844,0.001,0.8132562041282654,1.3874250650405884
21,0.9926810264587402,0.026491641998291016,0.001,0.7012099027633667,2.009491205215454
22,0.9859399199485779,0.043829068541526794,0.001,0.7459232211112976,1.573120355606079
23,0.9949923157691956,0.01772969402372837,0.001,0.7532877326011658,2.183257579803467
24,0.9921032190322876,0.02756202593445778,0.001,0.8890057802200317,0.9121665954589844
25,0.9928736686706543,0.03436492383480072,0.001,0.7964229583740234,2.0911967754364014
26,0.989791989326477,0.034074511379003525,0.001,0.7169910669326782,2.561739206314087
27,0.9942218661308289,0.018700366839766502,0.001,0.7238295674324036,1.380751371383667
28,0.9882511496543884,0.04212792590260506,0.001,0.7411888241767883,2.0093796253204346
29,0.9934514760971069,0.022739293053746223,0.001,0.8269332051277161,1.3410948514938354
30,0.9965331554412842,0.010567253455519676,0.0003,0.8521830439567566,1.1484816074371338
31,0.9976887702941895,0.006994028575718403,0.0003,0.8206207156181335,1.1947154998779297
32,0.9971109628677368,0.01048237644135952,0.0003,0.8164123892784119,1.060853362083435
33,0.9965331554412842,0.012912376783788204,0.0003,0.870068371295929,0.7812967300415039
34,0.9976887702941895,0.007885996252298355,0.0003,0.8448185324668884,0.8636406064033508
35,0.9974961280822754,0.008660005405545235,0.0003,0.853235125541687,0.899217426776886
36,0.9969183206558228,0.011245867237448692,0.0003,0.825355052947998,1.220605492591858
37,0.998073935508728,0.0089419549331069,0.0003,0.8763808608055115,0.8125497698783875
38,0.998073935508728,0.007201040629297495,0.0003,0.8227248787879944,1.1606841087341309
39,0.998073935508728,0.008855948224663734,0.0003,0.8542872071266174,1.0022532939910889
40,0.9976887702941895,0.00933826994150877,0.0003,0.8290373682975769,0.9408169388771057
41,0.9984591603279114,0.005707195028662682,0.0003,0.8337717056274414,0.923183262348175
42,0.9969183206558228,0.013720205053687096,0.0003,0.8153603076934814,1.14030921459198
43,0.9982665777206421,0.006850096397101879,0.0003,0.821672797203064,1.0696792602539062
44,0.998073935508728,0.006636724807322025,0.0003,0.8590215444564819,0.8570054769515991
45,0.9994221925735474,0.003474648343399167,1e-04,0.864281952381134,0.8450502157211304
46,0.9986517429351807,0.005603862926363945,1e-04,0.8669121265411377,0.8899147510528564
47,0.9988443851470947,0.0035398583859205246,1e-04,0.8611257076263428,0.8159178495407104
48,0.999036967754364,0.003343194257467985,1e-04,0.8511309623718262,0.8542349934577942
49,0.9986517429351807,0.0038697028066962957,1e-04,0.8516570329666138,0.9675164818763733
50,0.9984591603279114,0.0037960403133183718,1e-04,0.8511309623718262,0.8893303871154785
51,0.9988443851470947,0.003909159451723099,1e-04,0.8485007882118225,1.2006276845932007
52,0.9984591603279114,0.004516339395195246,1e-04,0.8500788807868958,0.8716537356376648
53,0.999036967754364,0.0027734050527215004,1e-04,0.8527091145515442,0.7789373397827148
54,0.9984591603279114,0.006819526664912701,1e-04,0.8006312251091003,1.2760423421859741
55,0.9982665777206421,0.0052994112484157085,1e-04,0.8705944418907166,0.6422110199928284
56,0.9992296099662781,0.004070865921676159,1e-04,0.8369279503822327,1.1306425333023071
57,0.9996147751808167,0.001818068791180849,1e-04,0.8400841951370239,1.0428837537765503
58,0.9988443851470947,0.0028237549122422934,1e-04,0.8506049513816833,0.9076091647148132
59,0.9986517429351807,0.004486119374632835,1e-04,0.8185165524482727,0.9936232566833496
60,0.9996147751808167,0.0016839822055771947,1e-04,0.8605996966362,0.8623582124710083
61,0.999036967754364,0.003637805348262191,1e-04,0.8579694628715515,0.9093226790428162
62,0.9994221925735474,0.0018988889642059803,1e-04,0.854813277721405,0.991769552230835
63,0.999036967754364,0.0030992755200713873,1e-04,0.853235125541687,0.9988133907318115
64,0.9996147751808167,0.002993476577103138,1e-04,0.854813277721405,0.9052422046661377
65,0.9992296099662781,0.0032560164108872414,1e-04,0.8442924618721008,1.1203579902648926
66,0.9994221925735474,0.001886424608528614,1e-04,0.8537611961364746,0.9110665321350098
67,0.9996147751808167,0.004122804384678602,1e-04,0.8463966250419617,1.035122275352478
68,0.9992296099662781,0.0036289875861257315,1e-04,0.8432403802871704,1.0860497951507568
69,0.9994221925735474,0.0020743911154568195,1e-04,0.7490794062614441,2.112412214279175
70,0.9992296099662781,0.002274522092193365,1e-04,0.8427143692970276,1.2394983768463135
71,0.999036967754364,0.0028666488360613585,1e-04,0.8364018797874451,1.2107535600662231
72,0.9996147751808167,0.0018555584829300642,1e-04,0.8374539613723755,1.180116891860962
73,0.999036967754364,0.0039478144608438015,1e-04,0.8385060429573059,1.2411428689956665
74,0.999036967754364,0.004271824844181538,1e-04,0.8269332051277161,1.2119252681732178
75,0.999036967754364,0.0035173192154616117,1e-04,0.7859021425247192,1.9931154251098633
76,0.9984591603279114,0.007091389037668705,1e-04,0.7853761315345764,1.588472604751587
77,0.999036967754364,0.003657689318060875,1e-04,0.793792724609375,1.6576893329620361
78,0.9996147751808167,0.0017721191979944706,1e-04,0.8148342967033386,1.3999873399734497
79,0.9992296099662781,0.003908734302967787,1e-04,0.8037874698638916,1.3856441974639893
80,0.9992296099662781,0.002482593059539795,1e-04,0.8227248787879944,1.1845588684082031
81,0.9988443851470947,0.004394937306642532,1e-04,0.8085218071937561,1.3282315731048584
82,0.9994221925735474,0.0014917689841240644,1e-04,0.7980010509490967,1.4527356624603271
83,0.9994221925735474,0.004115799441933632,1e-04,0.8227248787879944,1.2486355304718018
84,0.999036967754364,0.0030310596339404583,1e-04,0.8043135404586792,1.3080872297286987
85,0.9988443851470947,0.005608555395156145,1e-04,0.8174644708633423,1.3196498155593872
86,0.9996147751808167,0.002373628318309784,1e-04,0.815886378288269,1.3938486576080322
87,0.9994221925735474,0.0049673509784042835,1e-04,0.8227248787879944,1.234747290611267
88,0.9998074173927307,0.0010096204932779074,1e-04,0.8127301335334778,1.4197310209274292
89,0.9998074173927307,0.0021387317683547735,1e-04,0.8116780519485474,1.4635915756225586
90,0.9986517429351807,0.004670552909374237,1e-04,0.8079957962036133,1.470166802406311
91,0.999036967754364,0.0029688195791095495,1e-04,0.8037874698638916,1.448058009147644
92,0.9988443851470947,0.004377528093755245,1e-04,0.8490267992019653,1.2752374410629272
93,0.9992296099662781,0.0023175838869065046,1e-04,0.8227248787879944,1.3291890621185303
94,0.999036967754364,0.004629246424883604,1e-04,0.8279852867126465,1.4858802556991577
95,0.9996147751808167,0.001367385033518076,1e-04,0.8174644708633423,1.407619595527649
96,0.9994221925735474,0.002445915248245001,1e-04,0.8364018797874451,1.327399492263794
97,0.999036967754364,0.0026596644893288612,1e-04,0.832719624042511,1.2976735830307007
98,0.9992296099662781,0.0020690253004431725,1e-04,0.825355052947998,1.2464163303375244
99,0.9998074173927307,0.0005947840982116759,1e-04,0.8279852867126465,1.272269368171692
100,0.9994221925735474,0.001018591457977891,1e-04,0.8332456350326538,1.3383654356002808
101,0.9998074173927307,0.0004967039567418396,1e-04,0.8321935534477234,1.3196545839309692
102,0.999036967754364,0.0024579926393926144,1e-04,0.8321935534477234,1.229384183883667
103,0.999036967754364,0.005006606690585613,1e-04,0.8627038598060608,0.9231444597244263
104,0.999036967754364,0.002999967895448208,1e-04,0.8332456350326538,1.2705633640289307
105,0.9971109628677368,0.014687014743685722,1e-04,0.821672797203064,1.2283869981765747
106,0.9992296099662781,0.0017362356884405017,1e-04,0.8479747772216797,1.0525403022766113
107,0.9998074173927307,0.0015046328771859407,1e-04,0.8569174408912659,1.0462993383407593
108,0.9996147751808167,0.0010892113205045462,1e-04,0.8579694628715515,1.016502857208252
109,0.9996147751808167,0.0009088730439543724,1e-04,0.8521830439567566,1.0159862041473389
110,0.999036967754364,0.0030766380950808525,1e-04,0.8669121265411377,0.8927994966506958
111,0.999036967754364,0.002549447352066636,1e-04,0.854813277721405,1.1192283630371094
112,0.9992296099662781,0.003084916388615966,1e-04,0.8511309623718262,1.243508219718933
113,0.9996147751808167,0.0012500279117375612,1e-04,0.8358758687973022,1.423368215560913
114,0.9998074173927307,0.0008360205101780593,1e-04,0.8369279503822327,1.4397833347320557
