epoch,accuracy,loss,lr,val_accuracy,val_loss
0,0.9456856846809387,0.1635461300611496,0.001,0.708048403263092,1.324465036392212
1,0.9541602730751038,0.13750877976417542,0.001,0.6628090739250183,1.423606276512146
2,0.9539676308631897,0.13125087320804596,0.001,0.7238295674324036,0.9211419820785522
3,0.9624422192573547,0.10799186676740646,0.001,0.6685954928398132,1.3490827083587646
4,0.9701463580131531,0.08987756818532944,0.001,0.7327722311019897,0.7908443212509155
5,0.9630200266838074,0.11320963501930237,0.001,0.7001578211784363,1.807416319847107
6,0.9795839786529541,0.061029355973005295,0.001,0.6133614182472229,1.7883937358856201
7,0.9749614596366882,0.07816831022500992,0.001,0.6728037595748901,2.006845235824585
8,0.9801617860794067,0.07147666811943054,0.001,0.6843766570091248,1.5826467275619507
9,0.9782357215881348,0.06768941879272461,0.001,0.8374539613723755,0.6753504276275635
10,0.9828582406044006,0.05381614342331886,0.001,0.76380854845047,0.8765605092048645
11,0.9811248183250427,0.053508106619119644,0.001,0.6017885208129883,2.900944948196411
12,0.9884437322616577,0.04643833637237549,0.001,0.6533403396606445,2.185741901397705
13,0.9882511496543884,0.04030012711882591,0.001,0.8195686340332031,1.36444091796875
14,0.9807395935058594,0.08728351444005966,0.001,0.793792724609375,1.203822135925293
15,0.981317400932312,0.062011707574129105,0.001,0.8022093772888184,0.9231404066085815
16,0.9851694703102112,0.05514528229832649,0.001,0.7443450689315796,1.5430389642715454
17,0.9772727489471436,0.0811835303902626,0.001,0.7143608331680298,1.6961395740509033
18,0.9867103099822998,0.046993404626846313,0.001,0.804839551448822,1.065110206604004
19,0.9921032190322876,0.02991565875709057,0.001,0.7296159863471985,1.8243608474731445
20,0.9921032190322876,0.02946012280881405,0.001,0.7790636420249939,1.6337692737579346
21,0.990755021572113,0.03256649523973465,0.001,0.7632824778556824,1.371256947517395
22,0.9863251447677612,0.05201821029186249,0.001,0.5239347815513611,2.861534357070923
23,0.9874807596206665,0.033609602600336075,0.001,0.6964755654335022,3.1852972507476807
24,0.9845916628837585,0.05563465505838394,0.001,0.6985796689987183,3.0114848613739014
25,0.9892141819000244,0.03413157910108566,0.0003,0.7848500609397888,1.2759952545166016
26,0.9940292835235596,0.022372527047991753,0.0003,0.8726986050605774,0.9478948712348938
27,0.9930662512779236,0.027414744719862938,0.0003,0.8248290419578552,1.0012332201004028
28,0.9942218661308289,0.028623228892683983,0.0003,0.84218829870224,1.0429214239120483
29,0.9944145083427429,0.019884806126356125,0.0003,0.8179905414581299,1.0100746154785156
30,0.9951848983764648,0.020052911713719368,0.0003,0.7748553156852722,2.0959951877593994
31,0.9973035454750061,0.014326298609375954,0.0003,0.8542872071266174,0.8364720940589905
32,0.9955701231956482,0.01967051438987255,0.0003,0.8027353882789612,1.2535334825515747
33,0.9963405132293701,0.012945525348186493,0.0003,0.8085218071937561,1.3575100898742676
34,0.9976887702941895,0.009771107695996761,0.0003,0.8264071345329285,1.0972771644592285
35,0.9978813529014587,0.01150937844067812,0.0003,0.7990531325340271,1.4730808734893799
36,0.9978813529014587,0.01111293863505125,0.0003,0.8190426230430603,1.415560007095337
37,0.9944145083427429,0.017191864550113678,0.0003,0.8500788807868958,1.0021648406982422
38,0.9986517429351807,0.00646446505561471,0.0003,0.8006312251091003,1.5015028715133667
39,0.9973035454750061,0.014342444948852062,0.0003,0.8195686340332031,1.5099180936813354
40,0.9982665777206421,0.008425978012382984,1e-04,0.8884797692298889,0.9424939155578613
41,0.9967257380485535,0.01189079973846674,1e-04,0.7964229583740234,1.2292791604995728
42,0.9984591603279114,0.008026950061321259,1e-04,0.8474487066268921,1.1931607723236084
43,0.9986517429351807,0.005528558976948261,1e-04,0.821672797203064,1.3060520887374878
44,0.9982665777206421,0.010306719690561295,1e-04,0.8627038598060608,1.0553802251815796
45,0.9978813529014587,0.009800849482417107,1e-04,0.8621777892112732,1.0212886333465576
46,0.998073935508728,0.008350091055035591,1e-04,0.8527091145515442,1.1195638179779053
47,0.999036967754364,0.007731006946414709,1e-04,0.853235125541687,1.1345574855804443
48,0.9978813529014587,0.005866039544343948,1e-04,0.8616517782211304,1.0791329145431519
49,0.999036967754364,0.004054074641317129,1e-04,0.8442924618721008,1.1851389408111572
50,0.9978813529014587,0.007911366410553455,1e-04,0.8637559413909912,1.1309760808944702
51,0.998073935508728,0.006931695155799389,1e-04,0.8590215444564819,0.9971174001693726
52,0.9988443851470947,0.004137236624956131,1e-04,0.8458706140518188,1.1527736186981201
53,0.999036967754364,0.00506083806976676,1e-04,0.8274592161178589,1.202686071395874
54,0.9988443851470947,0.004182293079793453,1e-04,0.8279852867126465,1.2257717847824097
55,0.999036967754364,0.00434759259223938,1e-04,0.832719624042511,1.324960470199585
56,0.9982665777206421,0.00462862616404891,1e-04,0.8395581245422363,1.1768683195114136
57,0.9984591603279114,0.007475415710359812,1e-04,0.8011572957038879,1.48434317111969
58,0.999036967754364,0.004456672817468643,1e-04,0.8195686340332031,1.3550270795822144
59,0.9994221925735474,0.0018978238804265857,1e-04,0.8463966250419617,1.1073919534683228
60,0.9986517429351807,0.0032715448178350925,1e-04,0.815886378288269,1.3004952669143677
61,0.9986517429351807,0.00485585629940033,1e-04,0.7911625504493713,1.7726353406906128
62,0.9982665777206421,0.00493521336466074,1e-04,0.8569174408912659,1.1444147825241089
63,0.9978813529014587,0.006575750652700663,1e-04,0.8258811235427856,1.452397108078003
64,0.999036967754364,0.004109751898795366,1e-04,0.8595476150512695,1.2697577476501465
65,0.9988443851470947,0.004206314217299223,1e-04,0.864281952381134,1.1733471155166626
66,0.999036967754364,0.004731278400868177,1e-04,0.832719624042511,1.3656903505325317
67,0.9986517429351807,0.006223239935934544,1e-04,0.8374539613723755,1.458801507949829
68,0.9974961280822754,0.010440205223858356,1e-04,0.7327722311019897,2.01997709274292
69,0.998073935508728,0.009073309600353241,1e-04,0.823250949382782,1.4825552701950073
70,0.9988443851470947,0.005143859889358282,1e-04,0.8416622877120972,1.3137160539627075
71,0.9994221925735474,0.0022801076993346214,1e-04,0.8563913702964783,1.2884373664855957
72,0.999036967754364,0.00294022005982697,1e-04,0.8227248787879944,1.452541470527649
73,0.9988443851470947,0.0034698646049946547,1e-04,0.7995791435241699,1.7351024150848389
74,0.9982665777206421,0.0058474112302064896,1e-04,0.8016833066940308,1.7381929159164429
75,0.9978813529014587,0.009302240796387196,1e-04,0.7822198867797852,1.9316346645355225
76,0.9984591603279114,0.006609474308788776,1e-04,0.7811678051948547,1.597855806350708
77,0.9988443851470947,0.006370581220835447,1e-04,0.7680168151855469,1.8136181831359863
78,0.9988443851470947,0.006166279781609774,1e-04,0.7606523036956787,1.8059539794921875
79,0.9982665777206421,0.005962219089269638,1e-04,0.8111520409584045,1.5486254692077637
80,0.9992296099662781,0.003783078398555517,1e-04,0.8264071345329285,1.4139446020126343
81,0.9994221925735474,0.004578342195600271,1e-04,0.8090478777885437,1.6117490530014038
82,0.999036967754364,0.0028194820042699575,1e-04,0.8127301335334778,1.4749614000320435
83,0.9984591603279114,0.005520169623196125,1e-04,0.7669647336006165,2.0459678173065186
84,0.9992296099662781,0.0038283702451735735,1e-04,0.8616517782211304,1.1983680725097656
85,0.999036967754364,0.003158198669552803,1e-04,0.8458706140518188,1.4009414911270142
86,0.9994221925735474,0.003028244711458683,1e-04,0.8227248787879944,1.5550591945648193
87,0.999036967754364,0.0035283847246319056,1e-04,0.8153603076934814,1.7082663774490356
88,0.9994221925735474,0.0032287503127008677,1e-04,0.8243029713630676,1.5751242637634277
89,0.999036967754364,0.003593702334910631,1e-04,0.8237769603729248,1.7479956150054932
90,0.999036967754364,0.00289315078407526,1e-04,0.8274592161178589,1.6597899198532104
91,0.9986517429351807,0.0033434098586440086,1e-04,0.832719624042511,1.4047348499298096
92,0.9982665777206421,0.00813147984445095,1e-04,0.8311415314674377,1.5730093717575073
93,0.9982665777206421,0.0031423543114215136,1e-04,0.8432403802871704,1.4108471870422363
94,0.9988443851470947,0.006662074010819197,1e-04,0.8337717056274414,1.7357583045959473
95,0.9988443851470947,0.0058787232264876366,1e-04,0.7664387226104736,2.577752113342285
96,0.9984591603279114,0.0069291903637349606,1e-04,0.8432403802871704,1.2091541290283203
97,0.9992296099662781,0.005208697635680437,1e-04,0.832719624042511,1.555295467376709
98,0.9984591603279114,0.006905320566147566,1e-04,0.8463966250419617,1.352753758430481
99,0.9992296099662781,0.004031465854495764,1e-04,0.8379800319671631,1.444178581237793
100,0.9996147751808167,0.00128068751655519,1e-04,0.8164123892784119,1.7360692024230957
101,0.9992296099662781,0.0026110373437404633,1e-04,0.815886378288269,1.8015867471694946
102,0.9994221925735474,0.0013340800069272518,1e-04,0.8332456350326538,1.6333880424499512
103,0.9992296099662781,0.003211383242160082,1e-04,0.8300894498825073,1.6664859056472778
104,0.999036967754364,0.003923342563211918,1e-04,0.8295633792877197,1.6558594703674316
105,0.999036967754364,0.005706386175006628,1e-04,0.8490267992019653,1.1925591230392456
106,0.9988443851470947,0.0032896874472498894,1e-04,0.8763808608055115,1.124133586883545
107,0.9992296099662781,0.0019840802997350693,1e-04,0.8190426230430603,1.4068853855133057
108,0.9994221925735474,0.0011781664798036218,1e-04,0.8369279503822327,1.3770766258239746
109,0.999036967754364,0.0025500645861029625,1e-04,0.8558653593063354,1.1041423082351685
