epoch,accuracy,loss,lr,val_accuracy,val_loss
0,0.7586671710014343,0.5283030271530151,0.001,0.3719095289707184,2.937056303024292
1,0.7625192403793335,0.4492622911930084,0.001,0.25249868631362915,2.267864942550659
2,0.7813944816589355,0.4040779769420624,0.001,0.6948974132537842,0.8826665878295898
3,0.820878267288208,0.3521006405353546,0.001,0.6870068311691284,1.3879554271697998
4,0.8054699301719666,0.3361963629722595,0.001,0.4792214632034302,1.5908366441726685
5,0.8393682837486267,0.300441712141037,0.001,0.5544450283050537,1.2233126163482666
6,0.8351309895515442,0.2813678979873657,0.001,0.6044187545776367,1.2544528245925903
7,0.82280433177948,0.2845379412174225,0.001,0.5849552750587463,0.9600194096565247
8,0.8333975076675415,0.4020647704601288,0.001,0.2156759649515152,7.484649181365967
9,0.8644067645072937,0.28467991948127747,0.001,0.7422409057617188,0.6657231450080872
10,0.8443759679794312,0.3052659034729004,0.001,0.5334034562110901,5.971476078033447
11,0.8902156949043274,0.2610824704170227,0.001,0.5944240093231201,0.9366939663887024
12,0.9200693368911743,0.21519756317138672,0.001,0.7596002221107483,0.6305202841758728
13,0.9356702566146851,0.18503406643867493,0.001,0.6507101655006409,1.4785176515579224
14,0.9472265243530273,0.14283013343811035,0.001,0.7322461605072021,0.8217220902442932
15,0.9505007863044739,0.14835293591022491,0.001,0.7548658847808838,0.9260693192481995
16,0.9528120160102844,0.1320992261171341,0.001,0.6891109943389893,0.812250018119812
17,0.9628274440765381,0.10154806077480316,0.001,0.35034191608428955,2.1995620727539062
18,0.9489599466323853,0.13191509246826172,0.001,0.756443977355957,0.6611099243164062
19,0.9622496366500854,0.11581886559724808,0.001,0.6459758281707764,1.4693737030029297
20,0.9524267911911011,0.14382925629615784,0.001,0.6180957555770874,1.2839409112930298
21,0.9670647382736206,0.10910984128713608,0.001,0.669121503829956,1.2322386503219604
22,0.9732280373573303,0.07786276936531067,0.001,0.7432929873466492,0.8064712882041931
23,0.9713020324707031,0.0942077711224556,0.001,0.7075223326683044,0.9675495624542236
24,0.9549306631088257,0.14201250672340393,0.001,0.38979485630989075,6.731585502624512
25,0.9668720960617065,0.10020066052675247,0.001,0.5875855088233948,1.7166409492492676
26,0.9755392670631409,0.08361543715000153,0.001,0.6722777485847473,1.4427884817123413
27,0.9610939621925354,0.14192916452884674,0.001,0.7243555784225464,1.1100869178771973
28,0.9412558078765869,0.1755625605583191,0.0003,0.7743293046951294,1.1948882341384888
29,0.9689907431602478,0.0885709598660469,0.0003,0.8342977166175842,0.8327785134315491
30,0.9774653315544128,0.06561923772096634,0.0003,0.6801683306694031,1.6049443483352661
31,0.974768877029419,0.07456420361995697,0.0003,0.8395581245422363,0.7378113269805908
32,0.9843990802764893,0.05636619031429291,0.0003,0.7685428857803345,0.9975503087043762
33,0.9817026257514954,0.055088285356760025,0.0003,0.7974750399589539,0.8521196842193604
34,0.9838212728500366,0.04819384589791298,0.0003,0.7722251415252686,1.0429341793060303
35,0.9890215992927551,0.03211619704961777,0.0003,0.8174644708633423,0.7722450494766235
36,0.9878659248352051,0.0353882722556591,0.0003,0.7669647336006165,1.1515142917633057
37,0.9901772141456604,0.03632739558815956,0.0003,0.8926880359649658,0.4714296758174896
38,0.9890215992927551,0.034065037965774536,0.0003,0.7553918957710266,1.1264349222183228
39,0.989791989326477,0.033532485365867615,0.0003,0.6975275874137878,2.2568821907043457
40,0.9911401867866516,0.029468301683664322,0.0003,0.7801157236099243,1.3113629817962646
41,0.9932588338851929,0.022333506494760513,0.0003,0.8053656220436096,1.1357516050338745
42,0.9901772141456604,0.0351603664457798,0.0003,0.80641770362854,0.9941034317016602
43,0.9901772141456604,0.0351409837603569,0.0003,0.7112046480178833,1.5873905420303345
44,0.9938367009162903,0.023206327110528946,0.0003,0.7690688967704773,1.2052725553512573
45,0.9911401867866516,0.03168774023652077,0.0003,0.823250949382782,0.648152768611908
46,0.9928736686706543,0.028385207056999207,0.0003,0.8390321135520935,0.872245192527771
47,0.9901772141456604,0.03314688056707382,0.0003,0.8179905414581299,1.1473690271377563
48,0.9922958612442017,0.020891530439257622,0.0003,0.6796423196792603,1.888545036315918
49,0.9926810264587402,0.02621273137629032,0.0003,0.8506049513816833,0.8584811687469482
50,0.9921032190322876,0.031314700841903687,0.0003,0.7680168151855469,1.0103830099105835
51,0.991525411605835,0.032690633088350296,0.0003,0.8079957962036133,1.0004198551177979
52,0.9928736686706543,0.02963331714272499,0.0003,0.6180957555770874,2.826807737350464
53,0.9936440587043762,0.024890823289752007,1e-04,0.8058916330337524,1.1450151205062866
54,0.9926810264587402,0.023997746407985687,1e-04,0.80641770362854,1.0063047409057617
55,0.9957627058029175,0.015581217594444752,1e-04,0.8116780519485474,1.1015660762786865
56,0.9969183206558228,0.01092488318681717,1e-04,0.804839551448822,1.065063238143921
57,0.9934514760971069,0.024125220254063606,1e-04,0.8616517782211304,0.713718831539154
58,0.9969183206558228,0.011722578667104244,1e-04,0.832719624042511,0.8239371180534363
59,0.9957627058029175,0.014322902075946331,1e-04,0.821672797203064,0.9690483808517456
60,0.9974961280822754,0.010194936767220497,1e-04,0.8406102061271667,0.8515589237213135
61,0.9959552884101868,0.012078024446964264,1e-04,0.7680168151855469,1.334296703338623
62,0.9974961280822754,0.009626300074160099,1e-04,0.8148342967033386,0.9461008906364441
63,0.9957627058029175,0.01568489708006382,1e-04,0.832719624042511,0.876162052154541
64,0.9978813529014587,0.007770776282995939,1e-04,0.8469226956367493,0.770361065864563
65,0.9976887702941895,0.006992595735937357,1e-04,0.8285112977027893,1.0942633152008057
66,0.9967257380485535,0.010257496498525143,1e-04,0.8221988677978516,0.9928534030914307
67,0.9965331554412842,0.011637210845947266,1e-04,0.8248290419578552,0.8724750876426697
68,0.9982665777206421,0.007481258362531662,1e-04,0.7722251415252686,1.4924874305725098
69,0.998073935508728,0.007509166374802589,1e-04,0.8390321135520935,0.8702577948570251
70,0.9976887702941895,0.010246423073112965,1e-04,0.8037874698638916,1.6881388425827026
71,0.9944145083427429,0.017753198742866516,1e-04,0.7716991305351257,1.3420274257659912
72,0.9982665777206421,0.011004677042365074,1e-04,0.7780115604400635,1.4388459920883179
73,0.9984591603279114,0.010135662741959095,1e-04,0.8090478777885437,1.2268317937850952
74,0.9969183206558228,0.012197092175483704,1e-04,0.8342977166175842,1.4538730382919312
75,0.9955701231956482,0.015525235794484615,1e-04,0.7401367425918579,1.7772160768508911
76,0.9978813529014587,0.009473541751503944,1e-04,0.7922146320343018,1.3034567832946777
77,0.9963405132293701,0.014838182367384434,1e-04,0.8053656220436096,1.381276249885559
78,0.998073935508728,0.007039619609713554,1e-04,0.7780115604400635,1.788557767868042
79,0.9982665777206421,0.005915626417845488,1e-04,0.804839551448822,1.312679648399353
80,0.9974961280822754,0.013713210821151733,1e-04,0.8300894498825073,1.0748687982559204
81,0.9982665777206421,0.01157727837562561,1e-04,0.7880063056945801,1.8161391019821167
82,0.9969183206558228,0.013533630408346653,1e-04,0.7664387226104736,1.7507765293121338
83,0.9963405132293701,0.012737658806145191,1e-04,0.7432929873466492,2.2370924949645996
84,0.9976887702941895,0.007983099669218063,1e-04,0.8116780519485474,1.411868691444397
85,0.9973035454750061,0.008640279993414879,1e-04,0.8027353882789612,1.6995545625686646
86,0.9984591603279114,0.0056562828831374645,1e-04,0.8248290419578552,1.3091464042663574
87,0.9986517429351807,0.007876335643231869,1e-04,0.8174644708633423,1.2759904861450195
88,0.9961479306221008,0.01080020796507597,1e-04,0.8653340339660645,0.8082342743873596
89,0.9978813529014587,0.007969147525727749,1e-04,0.8805891871452332,0.6812689304351807
90,0.9984591603279114,0.005718426778912544,1e-04,0.773277223110199,1.698408842086792
91,0.9986517429351807,0.0047284928150475025,1e-04,0.7837979793548584,1.6206663846969604
92,0.9976887702941895,0.013862469233572483,1e-04,0.8479747772216797,1.3172342777252197
93,0.9974961280822754,0.009207985363900661,1e-04,0.8211467862129211,1.3607919216156006
94,0.9971109628677368,0.017688512802124023,1e-04,0.8111520409584045,1.5817469358444214
95,0.9986517429351807,0.004836496897041798,1e-04,0.8221988677978516,1.0905156135559082
96,0.9974961280822754,0.006877632346004248,1e-04,0.7990531325340271,1.106976866722107
97,0.9978813529014587,0.006005408242344856,1e-04,0.7906364798545837,1.6430134773254395
98,0.9984591603279114,0.008178790099918842,1e-04,0.8185165524482727,1.2388206720352173
99,0.9996147751808167,0.003255165182054043,1e-04,0.7885323762893677,1.474426031112671
100,0.998073935508728,0.008934564888477325,1e-04,0.843766450881958,0.9007638096809387
101,0.9973035454750061,0.01023391168564558,1e-04,0.773277223110199,1.6587343215942383
102,0.9982665777206421,0.004494727123528719,1e-04,0.8332456350326538,1.0893194675445557
103,0.9971109628677368,0.012544810771942139,1e-04,0.7690688967704773,1.8778866529464722
104,0.9988443851470947,0.0028495413716882467,1e-04,0.8285112977027893,1.0473837852478027
105,0.9992296099662781,0.0031643083784729242,1e-04,0.8111520409584045,1.436959981918335
106,0.998073935508728,0.00958175491541624,1e-04,0.8001052141189575,1.5796635150909424
107,0.9961479306221008,0.014703475870192051,1e-04,0.8485007882118225,0.9101331233978271
108,0.9984591603279114,0.005416803061962128,1e-04,0.80641770362854,1.3034363985061646
109,0.9988443851470947,0.004444213584065437,1e-04,0.8190426230430603,1.334874153137207
110,0.9986517429351807,0.0029593922663480043,1e-04,0.8679642081260681,0.8778092861175537
111,0.998073935508728,0.00714381318539381,1e-04,0.8306154608726501,0.9304680228233337
112,0.9963405132293701,0.013317639008164406,1e-04,0.7406628131866455,2.238241195678711
113,0.999036967754364,0.003507237182930112,1e-04,0.8053656220436096,1.6965882778167725
114,0.9994221925735474,0.004332713782787323,1e-04,0.8185165524482727,1.261061191558838
115,0.9984591603279114,0.0039995815604925156,1e-04,0.8458706140518188,1.1071373224258423
116,0.9978813529014587,0.00948983896523714,1e-04,0.9011046886444092,0.659751296043396
117,0.9951848983764648,0.019128384068608284,1e-04,0.8358758687973022,1.0509544610977173
118,0.9984591603279114,0.004497775807976723,1e-04,0.8458706140518188,0.8031187653541565
119,0.9984591603279114,0.0100016500800848,1e-04,0.8185165524482727,1.2439956665039062
120,0.9982665777206421,0.007543026935309172,1e-04,0.7806417942047119,1.5867356061935425
121,0.9984591603279114,0.004144377075135708,1e-04,0.7974750399589539,1.496072769165039
122,0.9971109628677368,0.011480179615318775,1e-04,0.8311415314674377,0.8527348637580872
123,0.9982665777206421,0.006169373635202646,1e-04,0.8769068717956543,0.7403562068939209
124,0.9992296099662781,0.003508271649479866,1e-04,0.8390321135520935,0.9945424199104309
125,0.9994221925735474,0.0027798085939139128,1e-04,0.854813277721405,1.0283716917037964
126,0.9984591603279114,0.007178743835538626,1e-04,0.8790110349655151,0.8900349140167236
127,0.9982665777206421,0.006277777720242739,1e-04,0.7627564668655396,1.711493968963623
128,0.9986517429351807,0.0069196163676679134,1e-04,0.8043135404586792,1.6396416425704956
129,0.9994221925735474,0.0018459786660969257,1e-04,0.7990531325340271,1.6123546361923218
130,0.9986517429351807,0.00411664042621851,1e-04,0.8432403802871704,0.7733314633369446
131,0.9986517429351807,0.005066877696663141,1e-04,0.8416622877120972,0.9447788596153259
132,0.9982665777206421,0.0043275258503854275,1e-04,0.8958442807197571,0.5604064464569092
133,0.9992296099662781,0.003811078378930688,1e-04,0.8653340339660645,0.9512730836868286
134,0.9992296099662781,0.0018453188240528107,1e-04,0.8790110349655151,0.8358526229858398
135,0.9976887702941895,0.008574365638196468,1e-04,0.7238295674324036,2.650186538696289
136,0.9982665777206421,0.011628983542323112,1e-04,0.7738032341003418,1.7613917589187622
137,0.998073935508728,0.006726481020450592,1e-04,0.8200947046279907,1.0787214040756226
