epoch,accuracy,loss,val_accuracy,val_loss
0,0.5465686321258545,0.6969702243804932,0.6666666865348816,0.6519957184791565
1,0.6397058963775635,0.6565666198730469,0.6666666865348816,0.6248159408569336
2,0.6707516312599182,0.6227442622184753,0.6666666865348816,0.6950058341026306
3,0.6789215803146362,0.6008507609367371,0.6666666865348816,0.7998173832893372
4,0.7009803652763367,0.5876480340957642,0.6666666865348816,0.8394435048103333
5,0.7066993713378906,0.5819128155708313,0.6666666865348816,0.816990077495575
6,0.7377451062202454,0.5401442646980286,0.6666666865348816,0.8224148750305176
7,0.7222222089767456,0.5317725539207458,0.6555555462837219,0.8236938714981079
8,0.7410130500793457,0.5251697897911072,0.6377778053283691,0.7543589472770691
9,0.7508170008659363,0.511099100112915,0.6755555272102356,0.7150776386260986
10,0.7401960492134094,0.5112370252609253,0.6911110877990723,0.7170611023902893
11,0.7508170008659363,0.49599701166152954,0.6688888669013977,0.7441298365592957
12,0.7630718946456909,0.4736686646938324,0.7022222280502319,0.7779236435890198
13,0.7549019455909729,0.47281017899513245,0.6266666650772095,0.8006436228752136
14,0.7442810535430908,0.47972655296325684,0.6711111068725586,0.8254992961883545
15,0.773692786693573,0.45532292127609253,0.6088888645172119,0.8790194988250732
16,0.7687908411026001,0.4483638107776642,0.6777777671813965,0.9014571309089661
17,0.7761437892913818,0.4421732723712921,0.6600000262260437,0.9168868660926819
18,0.7924836874008179,0.428507924079895,0.6577777862548828,0.9319095611572266
19,0.7883986830711365,0.4211740493774414,0.5911111235618591,1.0004324913024902
20,0.8006535768508911,0.4023247957229614,0.602222204208374,1.0260103940963745
21,0.8022875785827637,0.397478312253952,0.6377778053283691,1.0586645603179932
22,0.7867646813392639,0.4129181504249573,0.5933333039283752,1.1154619455337524
23,0.8129084706306458,0.372731477022171,0.6111111044883728,1.1274796724319458
24,0.8194444179534912,0.37550896406173706,0.6200000047683716,1.1892434358596802
25,0.8218954205513,0.35853227972984314,0.6266666650772095,1.2436450719833374
26,0.8300653696060181,0.3573647141456604,0.5955555438995361,1.2273056507110596
