epoch,accuracy,loss,val_accuracy,val_loss
0,0.5138888955116272,0.7004278302192688,0.6666666865348816,0.6592210531234741
1,0.6421568393707275,0.6536331176757812,0.6666666865348816,0.638171374797821
2,0.6683006286621094,0.6321362853050232,0.6666666865348816,0.7213964462280273
3,0.6691176295280457,0.6164599061012268,0.6666666865348816,0.8587936758995056
4,0.6928104758262634,0.5903396010398865,0.6666666865348816,0.9162011742591858
5,0.7116013169288635,0.5792021155357361,0.6666666865348816,0.8919475674629211
6,0.6928104758262634,0.5713489651679993,0.6666666865348816,0.8613937497138977
7,0.7312091588973999,0.5600413680076599,0.6666666865348816,0.8174314498901367
8,0.7549019455909729,0.5293601751327515,0.6555555462837219,0.7460424900054932
9,0.7401960492134094,0.530332088470459,0.6399999856948853,0.7563052177429199
10,0.7352941036224365,0.5139827728271484,0.6422222256660461,0.7418064475059509
11,0.7401960492134094,0.5117813944816589,0.653333306312561,0.7278517484664917
12,0.773692786693573,0.4839181900024414,0.6755555272102356,0.7196339964866638
13,0.7573529481887817,0.48547476530075073,0.6422222256660461,0.7429594993591309
14,0.7647058963775635,0.47056952118873596,0.6155555844306946,0.805153489112854
15,0.7647058963775635,0.46164146065711975,0.6200000047683716,0.8083577752113342
16,0.7745097875595093,0.4407493770122528,0.5711110830307007,0.8628666996955872
17,0.7687908411026001,0.4320467412471771,0.5377777814865112,0.9090451002120972
18,0.7908496856689453,0.4123836159706116,0.5688889026641846,0.9554678797721863
19,0.8014705777168274,0.3954118490219116,0.5111111402511597,1.0049467086791992
20,0.8031045794487,0.39470234513282776,0.551111102104187,1.073848009109497
21,0.7924836874008179,0.38159430027008057,0.4933333396911621,1.1491138935089111
22,0.8047385811805725,0.37952089309692383,0.5066666603088379,1.1473197937011719
23,0.8202614188194275,0.36344385147094727,0.5244444608688354,1.2815231084823608
24,0.8210784196853638,0.3646773099899292,0.5222222208976746,1.2145869731903076
25,0.8357843160629272,0.34654471278190613,0.5488888621330261,1.3406903743743896
26,0.8382353186607361,0.3344532549381256,0.5222222208976746,1.3575741052627563
