epoch,accuracy,loss,val_accuracy,val_loss
0,0.595588207244873,0.6750636100769043,0.6666666865348816,0.6388039588928223
1,0.6299019455909729,0.6431047916412354,0.6666666865348816,0.7016706466674805
2,0.6797385811805725,0.6173292994499207,0.6666666865348816,0.916362464427948
3,0.673202633857727,0.6008342504501343,0.6666666865348816,1.0625218152999878
4,0.6993464231491089,0.5859352350234985,0.6666666865348816,1.0913876295089722
5,0.6952614188194275,0.581160306930542,0.6666666865348816,0.9923675060272217
6,0.7058823704719543,0.5701603889465332,0.6666666865348816,0.8645047545433044
7,0.7246732115745544,0.5527003407478333,0.6555555462837219,0.7833173871040344
8,0.7132353186607361,0.5529773831367493,0.6644444465637207,0.692489504814148
9,0.718137264251709,0.5434777140617371,0.7088888883590698,0.6650091409683228
10,0.7246732115745544,0.546208918094635,0.7511110901832581,0.6730685830116272
11,0.7377451062202454,0.5313804745674133,0.7066666483879089,0.7050994038581848
12,0.741830050945282,0.507073700428009,0.6800000071525574,0.7470300197601318
13,0.7450980544090271,0.49671730399131775,0.7311111092567444,0.7415122985839844
14,0.7377451062202454,0.503685712814331,0.7555555701255798,0.7473254203796387
15,0.7622548937797546,0.4854866862297058,0.753333330154419,0.7655660510063171
16,0.7589869499206543,0.4742453098297119,0.7066666483879089,0.8016930222511292
17,0.7802287340164185,0.4575657546520233,0.6866666674613953,0.8544885516166687
18,0.7704248428344727,0.4667561948299408,0.6422222256660461,0.8463630676269531
19,0.7892156839370728,0.4269689917564392,0.6311110854148865,0.9269048571586609
20,0.7965686321258545,0.42422032356262207,0.6333333253860474,0.9846224784851074
21,0.8031045794487,0.4095101058483124,0.6266666650772095,0.9795443415641785
22,0.8120915293693542,0.3994588255882263,0.6244444251060486,1.0022059679031372
23,0.8161764740943909,0.39026597142219543,0.6333333253860474,1.1173378229141235
24,0.798202633857727,0.39541512727737427,0.6088888645172119,1.1248254776000977
25,0.8120915293693542,0.37565913796424866,0.5533333420753479,1.1416949033737183
