epoch,accuracy,loss,val_accuracy,val_loss
0,0.5833333134651184,0.6847593188285828,0.6666666865348816,0.6455358862876892
1,0.6405228972434998,0.657782793045044,0.6666666865348816,0.6439340710639954
2,0.6830065250396729,0.6287867426872253,0.6666666865348816,0.7272711992263794
3,0.6748365759849548,0.6208128333091736,0.6666666865348816,0.8488606214523315
4,0.7116013169288635,0.5998908877372742,0.6666666865348816,0.935858428478241
5,0.7148692607879639,0.5766589641571045,0.6666666865348816,0.9511669874191284
6,0.720588207244873,0.5673991441726685,0.6666666865348816,0.9174141883850098
7,0.7165032625198364,0.5499489307403564,0.6555555462837219,0.8093331456184387
8,0.7450980544090271,0.533444881439209,0.6422222256660461,0.7219037413597107
9,0.7352941036224365,0.5313887596130371,0.6755555272102356,0.6898503303527832
10,0.7540849447250366,0.5174474120140076,0.6600000262260437,0.7070795893669128
11,0.7369281053543091,0.5220231413841248,0.6177777647972107,0.744340181350708
12,0.7614378929138184,0.4986592233181,0.6355555653572083,0.7503057718276978
13,0.7589869499206543,0.4892345368862152,0.6266666650772095,0.7809654474258423
14,0.7679738402366638,0.4790778160095215,0.644444465637207,0.8046373724937439
15,0.7614378929138184,0.472992479801178,0.6200000047683716,0.8336939811706543
16,0.7753267884254456,0.4733217656612396,0.5733333230018616,0.8616895079612732
17,0.7785947918891907,0.4482055902481079,0.6244444251060486,0.9109736680984497
18,0.790032684803009,0.44347190856933594,0.6111111044883728,0.9492942690849304
19,0.7867646813392639,0.42694491147994995,0.5911111235618591,0.989135205745697
20,0.8129084706306458,0.41475576162338257,0.6177777647972107,1.010885238647461
21,0.8039215803146362,0.4206271171569824,0.5111111402511597,1.054986834526062
22,0.8080065250396729,0.39607492089271545,0.6399999856948853,1.1024689674377441
23,0.7941176295280457,0.39566195011138916,0.5933333039283752,1.0990740060806274
24,0.8039215803146362,0.3828098177909851,0.551111102104187,1.1629559993743896
25,0.8145424723625183,0.3750913739204407,0.5822222232818604,1.1809443235397339
26,0.8080065250396729,0.38098105788230896,0.5111111402511597,1.2643787860870361
