epoch,accuracy,loss,val_accuracy,val_loss
0,0.584967315196991,0.6815415024757385,0.6666666865348816,0.6486115455627441
1,0.641339898109436,0.6508187055587769,0.6666666865348816,0.6417580246925354
2,0.6405228972434998,0.6366481184959412,0.6666666865348816,0.6884114146232605
3,0.6691176295280457,0.6052209138870239,0.6666666865348816,0.761984646320343
4,0.6870915293693542,0.5994887948036194,0.6666666865348816,0.7806425094604492
5,0.7034313678741455,0.5830601453781128,0.6666666865348816,0.7814040184020996
6,0.6993464231491089,0.5727970600128174,0.6666666865348816,0.7214479446411133
7,0.7026143670082092,0.571635901927948,0.6422222256660461,0.6508211493492126
8,0.7352941036224365,0.5520648956298828,0.653333306312561,0.643329381942749
9,0.7222222089767456,0.5443373322486877,0.7222222089767456,0.6557772755622864
10,0.7516340017318726,0.518405020236969,0.6866666674613953,0.6897660493850708
11,0.7328431606292725,0.5170256495475769,0.6800000071525574,0.717333197593689
12,0.7524510025978088,0.5035585761070251,0.6466666460037231,0.7546193599700928
13,0.7475489974021912,0.4973917007446289,0.648888885974884,0.7691425085067749
14,0.7598039507865906,0.48246634006500244,0.6044444441795349,0.7979248762130737
15,0.7606208920478821,0.47803154587745667,0.5755555629730225,0.8367291688919067
16,0.779411792755127,0.4668530225753784,0.5644444227218628,0.8674576282501221
17,0.7557189464569092,0.4591429829597473,0.5266666412353516,0.9103190302848816
18,0.7769607901573181,0.4531555771827698,0.5355555415153503,0.9297510385513306
19,0.7826797366142273,0.4464743137359619,0.54666668176651,0.9804820418357849
20,0.7851307392120361,0.4173019230365753,0.5222222208976746,1.036049485206604
21,0.7892156839370728,0.41754409670829773,0.47111111879348755,1.0718019008636475
22,0.7933006286621094,0.4207742214202881,0.3822222352027893,1.0862350463867188
23,0.7933006286621094,0.40651920437812805,0.504444420337677,1.1477936506271362
24,0.8014705777168274,0.40035778284072876,0.3777777850627899,1.2124773263931274
25,0.8022875785827637,0.40321820974349976,0.5177778005599976,1.2596710920333862
26,0.813725471496582,0.3850756287574768,0.41777777671813965,1.1907474994659424
