epoch,accuracy,loss,val_accuracy,val_loss
0,0.5285947918891907,0.6941831707954407,0.6666666865348816,0.6615974307060242
1,0.6143791079521179,0.6655266880989075,0.6666666865348816,0.6336554884910583
2,0.6307189464569092,0.6484288573265076,0.6666666865348816,0.7036298513412476
3,0.6560457348823547,0.6347477436065674,0.6666666865348816,0.8918229341506958
4,0.6919934749603271,0.6063452959060669,0.6666666865348816,1.0049645900726318
5,0.6879084706306458,0.5971715450286865,0.6666666865348816,0.9451967477798462
6,0.7148692607879639,0.5843188166618347,0.6666666865348816,0.8204188346862793
7,0.7124183177947998,0.5746925473213196,0.6644444465637207,0.7304366827011108
8,0.7279411554336548,0.5479715466499329,0.6244444251060486,0.6904963254928589
9,0.7385621070861816,0.5401564836502075,0.6511111259460449,0.631088376045227
10,0.75,0.5223644375801086,0.6822222471237183,0.6454847455024719
11,0.7303921580314636,0.5316307544708252,0.6733333468437195,0.6662294268608093
12,0.7491829991340637,0.5098100304603577,0.6088888645172119,0.6972370147705078
13,0.7279411554336548,0.5109694004058838,0.5088889002799988,0.7344100475311279
14,0.7483659982681274,0.4866124093532562,0.5577777624130249,0.7993858456611633
15,0.7630718946456909,0.4851418733596802,0.5733333230018616,0.8022186160087585
16,0.7753267884254456,0.47543707489967346,0.5311111211776733,0.8619647026062012
17,0.7679738402366638,0.48036155104637146,0.5911111235618591,0.8563101291656494
18,0.7810457348823547,0.4450947344303131,0.5088889002799988,0.891019344329834
19,0.7802287340164185,0.45494452118873596,0.5222222208976746,0.9539608955383301
20,0.7883986830711365,0.44347086548805237,0.5355555415153503,0.970415472984314
21,0.790032684803009,0.4134984612464905,0.5933333039283752,1.064178466796875
22,0.7826797366142273,0.4256194233894348,0.5933333039283752,1.1091903448104858
23,0.8006535768508911,0.4093782305717468,0.5088889002799988,1.1485710144042969
24,0.8031045794487,0.4050055742263794,0.5955555438995361,1.2309592962265015
25,0.8063725233078003,0.40686050057411194,0.4888888895511627,1.276221752166748
26,0.8080065250396729,0.37060174345970154,0.5311111211776733,1.3133901357650757
27,0.8071895241737366,0.3968317210674286,0.4866666793823242,1.3271816968917847
28,0.8292483687400818,0.36440804600715637,0.42888888716697693,1.4398313760757446
29,0.8251634240150452,0.36719730496406555,0.43111109733581543,1.5171266794204712
