epoch,accuracy,loss,val_accuracy,val_loss
0,0.561274528503418,0.6841264963150024,0.6666666865348816,0.6527740359306335
1,0.6176470518112183,0.6604903936386108,0.6666666865348816,0.6441959142684937
2,0.6797385811805725,0.6285014152526855,0.6666666865348816,0.7500447630882263
3,0.6936274766921997,0.6049525737762451,0.6666666865348816,0.9530603885650635
4,0.688725471496582,0.5978071689605713,0.6666666865348816,1.1841747760772705
5,0.6977124214172363,0.577623724937439,0.6666666865348816,1.241162896156311
6,0.7295751571655273,0.5612465143203735,0.6666666865348816,1.1709967851638794
7,0.7230392098426819,0.5354799032211304,0.6666666865348816,1.0692440271377563
8,0.7524510025978088,0.520781397819519,0.6555555462837219,0.9032745361328125
9,0.7467319965362549,0.5156912207603455,0.6311110854148865,0.8107048273086548
10,0.7475489974021912,0.4989658296108246,0.644444465637207,0.7390748262405396
11,0.7557189464569092,0.49818864464759827,0.6644444465637207,0.740205705165863
12,0.7557189464569092,0.47536587715148926,0.6555555462837219,0.783605694770813
13,0.7655228972434998,0.4768418073654175,0.6666666865348816,0.8169683218002319
14,0.7679738402366638,0.4645659923553467,0.6622222065925598,0.8542727828025818
15,0.7826797366142273,0.4513053596019745,0.6666666865348816,0.8751850128173828
16,0.779411792755127,0.4547002911567688,0.5799999833106995,0.9142829775810242
17,0.779411792755127,0.4274477958679199,0.597777783870697,0.9390849471092224
18,0.773692786693573,0.4321749806404114,0.6066666841506958,0.9942860007286072
19,0.7826797366142273,0.4257616400718689,0.5822222232818604,1.0416065454483032
20,0.7834967374801636,0.429328978061676,0.5311111211776733,1.089247465133667
21,0.8031045794487,0.4051132798194885,0.5933333039283752,1.0855252742767334
22,0.8096405267715454,0.3939192593097687,0.5711110830307007,1.1443711519241333
23,0.8145424723625183,0.387133926153183,0.5888888835906982,1.1248369216918945
24,0.8080065250396729,0.3815661668777466,0.5022222399711609,1.2191506624221802
25,0.8153594732284546,0.36955714225769043,0.5533333420753479,1.2402585744857788
26,0.8227124214172363,0.3642287254333496,0.5688889026641846,1.2906136512756348
