epoch,accuracy,loss,val_accuracy,val_loss
0,0.5359477400779724,0.70869380235672,0.6666666865348816,0.6578347682952881
1,0.6372548937797546,0.6605690717697144,0.6666666865348816,0.6386057734489441
2,0.6699346303939819,0.6313350200653076,0.6666666865348816,0.7514804005622864
3,0.665032684803009,0.6158078908920288,0.6666666865348816,0.9007022976875305
4,0.6968954205513,0.5933536291122437,0.6666666865348816,1.0066941976547241
5,0.6846405267715454,0.5954985022544861,0.6666666865348816,0.9910306930541992
6,0.701797366142273,0.5815790295600891,0.6666666865348816,0.9097647666931152
7,0.7197712659835815,0.5740185379981995,0.6577777862548828,0.8111871480941772
8,0.7116013169288635,0.5612956285476685,0.6555555462837219,0.7459767460823059
9,0.733660101890564,0.5384631752967834,0.6711111068725586,0.6668610572814941
10,0.7467319965362549,0.5300384163856506,0.6755555272102356,0.6553007960319519
11,0.7565359473228455,0.5093414187431335,0.6399999856948853,0.6958970427513123
