epoch,accuracy,loss,val_accuracy,val_loss
0,0.5498365759849548,0.697830855846405,0.6666666865348816,0.6797201633453369
1,0.665032684803009,0.6443192958831787,0.6666666865348816,0.6374797224998474
2,0.6821895241737366,0.6215512752532959,0.6666666865348816,0.691366970539093
3,0.6919934749603271,0.6029554605484009,0.6666666865348816,0.8310386538505554
4,0.6911764740943909,0.5922823548316956,0.6666666865348816,0.9431198239326477
5,0.7140522599220276,0.5745072960853577,0.6666666865348816,0.9429590702056885
6,0.7083333134651184,0.5627239942550659,0.6666666865348816,0.8697332739830017
7,0.7303921580314636,0.5553333759307861,0.6555555462837219,0.8279097080230713
8,0.7295751571655273,0.5510061979293823,0.6222222447395325,0.7472766637802124
9,0.7303921580314636,0.5346925258636475,0.6133333444595337,0.6828412413597107
10,0.7385621070861816,0.5034682154655457,0.6177777647972107,0.697785496711731
11,0.7679738402366638,0.49967658519744873,0.5711110830307007,0.7558741569519043
12,0.7712418437004089,0.48343753814697266,0.5955555438995361,0.7358567714691162
13,0.7565359473228455,0.4761032462120056,0.5177778005599976,0.8145467042922974
14,0.779411792755127,0.45021766424179077,0.5622222423553467,0.8268105983734131
15,0.7712418437004089,0.4636691212654114,0.5066666603088379,0.8793689012527466
16,0.7875816822052002,0.4311995208263397,0.5666666626930237,0.8788427710533142
17,0.781862735748291,0.4283769428730011,0.54666668176651,0.912952721118927
18,0.8006535768508911,0.4142570197582245,0.48444443941116333,1.0205166339874268
19,0.8088235259056091,0.40179845690727234,0.5422222018241882,0.9639835357666016
20,0.8071895241737366,0.39474013447761536,0.5266666412353516,1.0193026065826416
21,0.8210784196853638,0.3824833035469055,0.47111111879348755,1.1145026683807373
22,0.8169934749603271,0.37107986211776733,0.43111109733581543,1.1678047180175781
23,0.8300653696060181,0.3684822916984558,0.46000000834465027,1.1896581649780273
24,0.8235294222831726,0.35797128081321716,0.46666666865348816,1.2809587717056274
25,0.8235294222831726,0.356647253036499,0.4555555582046509,1.2666661739349365
26,0.8390522599220276,0.33720818161964417,0.42888888716697693,1.3220795392990112
