epoch,accuracy,loss,val_accuracy,val_loss
0,0.6217319965362549,0.6779823303222656,0.6666666865348816,0.6396428942680359
1,0.6511437892913818,0.6536598801612854,0.6666666865348816,0.6757901906967163
2,0.6781045794487,0.6358212828636169,0.6666666865348816,0.8297430276870728
3,0.6952614188194275,0.6143841743469238,0.6666666865348816,0.9537811279296875
4,0.718137264251709,0.5867192149162292,0.6666666865348816,1.0153120756149292
5,0.726307213306427,0.5620537400245667,0.6666666865348816,0.9866557717323303
6,0.7271241545677185,0.5527024269104004,0.6666666865348816,0.9320762753486633
7,0.7369281053543091,0.5417710542678833,0.6355555653572083,0.8246021866798401
8,0.7491829991340637,0.5208375453948975,0.6177777647972107,0.7545400857925415
9,0.7303921580314636,0.5328498482704163,0.6355555653572083,0.7285398840904236
10,0.7524510025978088,0.5110618472099304,0.6000000238418579,0.6927383542060852
11,0.7442810535430908,0.4959164261817932,0.6577777862548828,0.6780151128768921
12,0.75,0.49850717186927795,0.6333333253860474,0.7199217677116394
13,0.7630718946456909,0.4795074462890625,0.6644444465637207,0.7335362434387207
14,0.7859477400779724,0.4650115370750427,0.5933333039283752,0.7920791506767273
15,0.7753267884254456,0.4609580934047699,0.653333306312561,0.8012913465499878
16,0.7851307392120361,0.43946921825408936,0.5288888812065125,0.864274263381958
17,0.7769607901573181,0.4455849528312683,0.5355555415153503,0.8823112845420837
18,0.7941176295280457,0.41035574674606323,0.5066666603088379,0.9296277761459351
19,0.7843137383460999,0.41028499603271484,0.46888887882232666,1.0009404420852661
20,0.790032684803009,0.41091206669807434,0.5244444608688354,1.0249617099761963
21,0.8120915293693542,0.39155372977256775,0.5022222399711609,1.0617960691452026
22,0.7957516312599182,0.3887843191623688,0.4533333480358124,1.0910062789916992
23,0.8104575276374817,0.3785180449485779,0.47111111879348755,1.1642324924468994
24,0.8161764740943909,0.3460373878479004,0.4533333480358124,1.2974872589111328
25,0.8276143670082092,0.34863966703414917,0.4466666579246521,1.3672494888305664
