epoch,accuracy,loss,lr,val_accuracy,val_loss
0,0.6275038719177246,0.7854399085044861,0.001,0.2693319320678711,1.7086029052734375
1,0.7925654649734497,0.5134848356246948,0.001,0.26301947236061096,1.4878329038619995
2,0.8129814863204956,0.46183544397354126,0.001,0.5402419567108154,0.9701549410820007
3,0.8201078772544861,0.4262058138847351,0.001,0.6738558411598206,0.7245734930038452
4,0.8387904763221741,0.3848763406276703,0.001,0.6917411684989929,0.8747708797454834
5,0.8437981605529785,0.37701597809791565,0.001,0.6065228581428528,0.9849321842193604
6,0.849768877029419,0.36182287335395813,0.001,0.637559175491333,0.9372154474258423
7,0.8649845719337463,0.3209097981452942,0.001,0.644923746585846,0.9583837389945984
8,0.8638289570808411,0.3185010850429535,0.001,0.6570225954055786,0.8464311361312866
9,0.8701848983764648,0.3110789358615875,0.001,0.7006838321685791,0.9782056212425232
10,0.8809707164764404,0.2937869429588318,0.001,0.6223040223121643,0.8672215342521667
11,0.8913713693618774,0.2662961184978485,0.001,0.6806943416595459,0.9257464408874512
12,0.8913713693618774,0.2737991213798523,0.001,0.557601273059845,1.5678491592407227
13,0.8940678238868713,0.26312053203582764,0.001,0.6722777485847473,0.9033190011978149
14,0.8959938287734985,0.2511971890926361,0.001,0.6501840949058533,1.0255796909332275
15,0.9000385403633118,0.251610666513443,0.001,0.5644397735595703,1.4487299919128418
16,0.9000385403633118,0.2535545229911804,0.001,0.7006838321685791,0.9101870656013489
17,0.9081279039382935,0.24194404482841492,0.001,0.6954234838485718,1.0820907354354858
18,0.9127503633499146,0.22817997634410858,0.001,0.5923198461532593,1.1085026264190674
19,0.918913722038269,0.2051962912082672,0.0003,0.6912151575088501,1.0240051746368408
20,0.919876754283905,0.19833321869373322,0.0003,0.665439248085022,0.9804902672767639
21,0.9237288236618042,0.19514106214046478,0.0003,0.6680694222450256,0.9118707180023193
22,0.9273883104324341,0.189749613404274,0.0003,0.6696475744247437,0.955578088760376
23,0.9246918559074402,0.18497784435749054,0.0003,0.6496580839157104,1.0757057666778564
24,0.929121732711792,0.17977817356586456,0.0003,0.6433455944061279,1.0350589752197266
25,0.918721079826355,0.19788625836372375,0.0003,0.6470279097557068,1.0215630531311035
26,0.930084764957428,0.18015433847904205,0.0003,0.6675434112548828,1.0683248043060303
27,0.9293143153190613,0.17955805361270905,0.0003,0.6754339933395386,1.1072279214859009
28,0.9318181872367859,0.17360453307628632,0.0003,0.6717517375946045,1.1383843421936035
29,0.9320107698440552,0.1797850877046585,0.0003,0.6806943416595459,1.0022975206375122
30,0.9318181872367859,0.17342731356620789,0.0003,0.6533403396606445,1.0558713674545288
31,0.9350924491882324,0.17265737056732178,0.0003,0.6638611555099487,1.0377179384231567
32,0.9283512830734253,0.1866961270570755,0.0003,0.6570225954055786,1.0092962980270386
33,0.9312403798103333,0.18052521347999573,0.0003,0.6365070939064026,1.0249357223510742
34,0.9333590269088745,0.16750361025333405,1e-04,0.6443976759910583,1.056399941444397
35,0.9410631656646729,0.1565786898136139,1e-04,0.6717517375946045,1.0445679426193237
36,0.936633288860321,0.16265460848808289,1e-04,0.674907922744751,1.016310214996338
37,0.9345146417617798,0.1680501401424408,1e-04,0.6286165118217468,1.0416797399520874
38,0.9402927756309509,0.1530466079711914,1e-04,0.6738558411598206,1.12114417552948
39,0.9347072243690491,0.15955974161624908,1e-04,0.6685954928398132,1.0590561628341675
40,0.937403678894043,0.16008993983268738,1e-04,0.665439248085022,1.075853705406189
41,0.9329738020896912,0.16380515694618225,1e-04,0.6743819117546082,1.0986566543579102
42,0.9437596201896667,0.1544288843870163,1e-04,0.654392421245575,1.0791712999343872
43,0.9404853582382202,0.15817734599113464,1e-04,0.6722777485847473,1.0417660474777222
44,0.9356702566146851,0.15996891260147095,1e-04,0.6628090739250183,1.0696184635162354
45,0.9381741285324097,0.15222889184951782,1e-04,0.6649131774902344,1.0341740846633911
46,0.9345146417617798,0.16948482394218445,1e-04,0.6670173406600952,1.0284180641174316
47,0.9368258714675903,0.1536206752061844,1e-04,0.6733298301696777,1.081762671470642
48,0.9401001334190369,0.1501261293888092,1e-04,0.6638611555099487,1.1712970733642578
49,0.938366711139679,0.15536047518253326,1e-04,0.6738558411598206,1.027087926864624
50,0.9424114227294922,0.15382666885852814,1e-04,0.6549184918403625,1.0904409885406494
51,0.9437596201896667,0.14966624975204468,1e-04,0.6722777485847473,1.0969489812850952
52,0.9424114227294922,0.1526239812374115,1e-04,0.6564965844154358,1.009637475013733
53,0.9453004598617554,0.14357514679431915,1e-04,0.6528143286705017,1.1753815412521362
54,0.9445300698280334,0.15010608732700348,1e-04,0.6501840949058533,1.1021922826766968
55,0.9399075508117676,0.15660332143306732,1e-04,0.6617569923400879,1.0714364051818848
56,0.9395223259925842,0.15391546487808228,1e-04,0.615465521812439,1.143688678741455
57,0.9437596201896667,0.1448424607515335,1e-04,0.654392421245575,1.0889633893966675
58,0.9410631656646729,0.1529012769460678,1e-04,0.6507101655006409,1.1052863597869873
59,0.9456856846809387,0.1401401311159134,1e-04,0.6549184918403625,1.1011617183685303
60,0.9391371607780457,0.15654072165489197,1e-04,0.659652829170227,1.094298005104065
61,0.9462634921073914,0.1487419158220291,1e-04,0.6480799317359924,1.11443030834198
62,0.9414483904838562,0.14368078112602234,1e-04,0.6549184918403625,1.058682918548584
63,0.9379814863204956,0.15311528742313385,1e-04,0.6480799317359924,1.112644076347351
64,0.9424114227294922,0.1528007537126541,1e-04,0.6896370053291321,1.1877939701080322
65,0.944915235042572,0.140211820602417,1e-04,0.6512361764907837,1.0838302373886108
66,0.9447226524353027,0.14677411317825317,1e-04,0.6659652590751648,1.080688714981079
67,0.9427965879440308,0.14684291183948517,1e-04,0.6417675018310547,1.0946192741394043
68,0.9460708498954773,0.14003658294677734,1e-04,0.6770120859146118,1.1073497533798218
69,0.9427965879440308,0.1421416848897934,1e-04,0.6586007475852966,1.1371135711669922
70,0.9429892301559448,0.14219550788402557,1e-04,0.6564965844154358,1.2380399703979492
71,0.9429892301559448,0.14655378460884094,1e-04,0.6575486660003662,1.1272685527801514
72,0.9414483904838562,0.1504700630903244,1e-04,0.6570225954055786,1.1363003253936768
73,0.9439522624015808,0.14142510294914246,1e-04,0.6512361764907837,1.0850245952606201
74,0.9431818127632141,0.14221881330013275,1e-04,0.6696475744247437,1.2129465341567993
75,0.9399075508117676,0.14716023206710815,1e-04,0.6496580839157104,1.1371475458145142
76,0.9470338821411133,0.13741572201251984,1e-04,0.6607049107551575,1.1216739416122437
77,0.9453004598617554,0.13647831976413727,1e-04,0.6643871665000916,1.1484462022781372
78,0.9439522624015808,0.14007988572120667,1e-04,0.654392421245575,1.1428394317626953
79,0.94780433177948,0.13140015304088593,1e-04,0.6443976759910583,1.107348918914795
80,0.9479969143867493,0.14469663798809052,1e-04,0.6443976759910583,1.1022495031356812
81,0.9429892301559448,0.14190036058425903,1e-04,0.6617569923400879,1.1379523277282715
82,0.945878267288208,0.14406417310237885,1e-04,0.6586007475852966,1.1432493925094604
83,0.9429892301559448,0.1437986046075821,1e-04,0.6328248381614685,1.127078890800476
84,0.9445300698280334,0.1421613097190857,1e-04,0.6517622470855713,1.117768406867981
85,0.948767364025116,0.1338864415884018,1e-04,0.6728037595748901,1.1747663021087646
86,0.9470338821411133,0.14134527742862701,1e-04,0.6496580839157104,1.08454167842865
87,0.9399075508117676,0.14189521968364716,1e-04,0.644923746585846,1.0621187686920166
88,0.9485747218132019,0.13620370626449585,1e-04,0.6628090739250183,1.177000880241394
89,0.9447226524353027,0.13775570690631866,1e-04,0.6491320133209229,1.0979994535446167
90,0.9474191069602966,0.13571682572364807,1e-04,0.6512361764907837,1.1457040309906006
91,0.9381741285324097,0.1469200700521469,1e-04,0.6633350849151611,1.13934326171875
92,0.9420261979103088,0.1417485773563385,1e-04,0.6443976759910583,1.236804485321045
93,0.9460708498954773,0.13621073961257935,1e-04,0.6533403396606445,1.1948610544204712
94,0.9466487169265747,0.13161520659923553,1e-04,0.6522882580757141,1.1361485719680786
95,0.9485747218132019,0.130239337682724,1e-04,0.6422935128211975,1.1030187606811523
96,0.9514638185501099,0.13404151797294617,1e-04,0.6554445028305054,1.0619115829467773
97,0.9493451714515686,0.13153797388076782,1e-04,0.6712256669998169,1.1689375638961792
98,0.948767364025116,0.13186396658420563,1e-04,0.6438716650009155,1.1685798168182373
99,0.9524267911911011,0.12493056058883667,1e-04,0.6422935128211975,1.1837289333343506
100,0.946841299533844,0.13457298278808594,1e-04,0.6465018391609192,1.090448260307312
101,0.9489599466323853,0.1316174417734146,1e-04,0.6470279097557068,1.2067153453826904
102,0.9483821392059326,0.13373419642448425,1e-04,0.6507101655006409,1.1499148607254028
103,0.9499229788780212,0.12770295143127441,1e-04,0.637559175491333,1.1759727001190186
