epoch,accuracy,loss,lr,val_accuracy,val_loss
0,0.7706086039543152,0.5075023770332336,0.001,0.26301947236061096,3.372577667236328
1,0.8792372941970825,0.3041735589504242,0.001,0.19673855602741241,3.438718557357788
2,0.9088982939720154,0.24387003481388092,0.001,0.4750131368637085,2.437026262283325
3,0.9219954013824463,0.19912312924861908,0.001,0.46764859557151794,1.8218698501586914
4,0.9320107698440552,0.18426668643951416,0.001,0.7280378937721252,0.6903039813041687
5,0.938366711139679,0.17050178349018097,0.001,0.5423461198806763,3.024723768234253
6,0.9397149682044983,0.1593470573425293,0.001,0.5423461198806763,1.63409423828125
7,0.9472265243530273,0.1465913951396942,0.001,0.5554971098899841,2.018460988998413
8,0.9512711763381958,0.12770147621631622,0.001,0.5618095993995667,1.8500001430511475
9,0.9470338821411133,0.14263924956321716,0.001,0.6470279097557068,1.310880422592163
10,0.9564715027809143,0.11594168841838837,0.001,0.7327722311019897,1.051479458808899
11,0.9599383473396301,0.11009720712900162,0.001,0.5844292640686035,1.107055902481079
12,0.9570493102073669,0.10494732111692429,0.001,0.6833245754241943,1.227597713470459
13,0.965523898601532,0.09043874591588974,0.001,0.7643345594406128,0.7545457482337952
14,0.9587827324867249,0.10933522880077362,0.001,0.5817990303039551,2.014554977416992
15,0.948767364025116,0.17890113592147827,0.001,0.5539190173149109,2.3163905143737793
16,0.9547380805015564,0.13146233558654785,0.001,0.4802735447883606,6.650421142578125
17,0.9558936953544617,0.13095566630363464,0.001,0.6622830033302307,2.179623603820801
18,0.9662942886352539,0.08480047434568405,0.001,0.697001576423645,2.445547103881836
19,0.965523898601532,0.09204409271478653,0.001,0.5418201088905334,1.9477826356887817
20,0.9736132621765137,0.07014374434947968,0.0003,0.7180431485176086,1.1122255325317383
21,0.9782357215881348,0.062014300376176834,0.0003,0.64860600233078,1.3604384660720825
22,0.9828582406044006,0.04988328740000725,0.0003,0.6501840949058533,1.3415764570236206
23,0.9828582406044006,0.048909056931734085,0.0003,0.6980536580085754,1.5664513111114502
24,0.9799692034721375,0.05463119223713875,0.0003,0.6843766570091248,1.3971327543258667
25,0.9849768877029419,0.0425637811422348,0.0003,0.6638611555099487,2.349078893661499
26,0.983243465423584,0.04569343850016594,0.0003,0.6806943416595459,1.5947633981704712
27,0.9818952083587646,0.050949037075042725,0.0003,0.7038400769233704,1.8666961193084717
28,0.9851694703102112,0.0424296110868454,0.0003,0.665439248085022,1.4862408638000488
29,0.9851694703102112,0.04332932084798813,0.0003,0.7033140659332275,1.521528959274292
30,0.9828582406044006,0.04669342190027237,0.0003,0.6849026679992676,1.2360823154449463
31,0.9853621125221252,0.045944422483444214,0.0003,0.6301946640014648,1.440916657447815
32,0.9857472777366638,0.04077150672674179,0.0003,0.6628090739250183,1.612514853477478
33,0.9870955348014832,0.03871164098381996,0.0003,0.6801683306694031,1.7827609777450562
34,0.9865177273750305,0.04164091497659683,0.0003,0.7375065684318542,2.2659590244293213
35,0.9865177273750305,0.04031641408801079,1e-04,0.7196212410926819,1.3970837593078613
36,0.991525411605835,0.030072299763560295,1e-04,0.717517077922821,1.5726494789123535
37,0.9928736686706543,0.026314016431570053,1e-04,0.7022619843482971,1.606889247894287
38,0.9901772141456604,0.03082122839987278,1e-04,0.6906890869140625,1.5071940422058105
39,0.9909476041793823,0.02986297197639942,1e-04,0.6980536580085754,1.700443983078003
40,0.9911401867866516,0.031640004366636276,1e-04,0.7264597415924072,1.7598742246627808
41,0.9901772141456604,0.028880896046757698,1e-04,0.7322461605072021,1.8437821865081787
42,0.9932588338851929,0.024234795942902565,1e-04,0.6854287385940552,1.6445856094360352
43,0.991525411605835,0.027855245396494865,1e-04,0.7001578211784363,1.879990577697754
44,0.990755021572113,0.029325732961297035,1e-04,0.7054182291030884,1.7958221435546875
45,0.9919106364250183,0.02749854512512684,1e-04,0.7190952301025391,1.6985913515090942
46,0.990562379360199,0.027394603937864304,1e-04,0.7338243126869202,1.6762925386428833
47,0.9934514760971069,0.01962389051914215,1e-04,0.7164649963378906,1.7898046970367432
48,0.990755021572113,0.026472214609384537,1e-04,0.7201473116874695,1.618851900100708
49,0.9922958612442017,0.023750264197587967,1e-04,0.7285639047622681,1.9188528060913086
50,0.9932588338851929,0.02194761484861374,1e-04,0.6717517375946045,1.7807562351226807
51,0.990562379360199,0.02596949227154255,1e-04,0.7390847206115723,1.5778249502182007
52,0.9921032190322876,0.024347547441720963,1e-04,0.6833245754241943,1.833722710609436
53,0.9938367009162903,0.022091485559940338,1e-04,0.7264597415924072,1.8886423110961914
54,0.9936440587043762,0.021889084950089455,1e-04,0.7301420569419861,1.843170404434204
55,0.9932588338851929,0.02064281515777111,1e-04,0.7275118231773376,1.9501588344573975
56,0.9951848983764648,0.0183835718780756,1e-04,0.685954749584198,1.7021265029907227
57,0.9921032190322876,0.024733876809477806,1e-04,0.7206733226776123,1.9178587198257446
58,0.9932588338851929,0.019312111660838127,1e-04,0.7375065684318542,1.970808982849121
59,0.9940292835235596,0.021861648187041283,1e-04,0.7038400769233704,1.7671833038330078
60,0.991525411605835,0.022930029779672623,1e-04,0.7448711395263672,1.8986477851867676
61,0.9949923157691956,0.019245795905590057,1e-04,0.6943714022636414,1.7387773990631104
62,0.9919106364250183,0.03011576272547245,1e-04,0.7432929873466492,1.829607367515564
63,0.9926810264587402,0.02142641320824623,1e-04,0.7306680679321289,1.763004183769226
64,0.9953774809837341,0.016208527609705925,1e-04,0.7269858121871948,1.8689242601394653
65,0.9934514760971069,0.018858781084418297,1e-04,0.7101525664329529,2.0758509635925293
66,0.9919106364250183,0.025271784514188766,1e-04,0.756443977355957,1.7612552642822266
67,0.9936440587043762,0.023621032014489174,1e-04,0.6827985048294067,1.8875538110733032
68,0.9947996735572815,0.01801064796745777,1e-04,0.724881649017334,1.9581427574157715
69,0.9934514760971069,0.01979396864771843,1e-04,0.7306680679321289,2.2239389419555664
70,0.9938367009162903,0.018396640196442604,1e-04,0.7369805574417114,1.7402920722961426
71,0.9934514760971069,0.02040589414536953,1e-04,0.6943714022636414,1.7196364402770996
72,0.9944145083427429,0.0194926206022501,1e-04,0.7396107316017151,1.8342467546463013
73,0.9940292835235596,0.018612690269947052,1e-04,0.7006838321685791,1.9126389026641846
74,0.9940292835235596,0.016797751188278198,1e-04,0.7501314878463745,2.062446355819702
75,0.9963405132293701,0.014811689034104347,1e-04,0.7311940789222717,1.9547395706176758
76,0.9938367009162903,0.019031638279557228,1e-04,0.7222514748573303,1.7114453315734863
77,0.9953774809837341,0.015293276868760586,1e-04,0.7327722311019897,1.9849416017532349
78,0.9951848983764648,0.014683276414871216,1e-04,0.717517077922821,2.1556448936462402
79,0.9944145083427429,0.018914563581347466,1e-04,0.7490794062614441,2.052427053451538
80,0.9957627058029175,0.014651773497462273,1e-04,0.7301420569419861,1.8981478214263916
81,0.9951848983764648,0.016108950600028038,1e-04,0.7574960589408875,2.08474063873291
82,0.9946070909500122,0.018513958901166916,1e-04,0.7243555784225464,2.0482773780822754
83,0.9940292835235596,0.02043285220861435,1e-04,0.7438190579414368,1.998368740081787
84,0.9947996735572815,0.01800653710961342,1e-04,0.752761721611023,2.0457065105438232
85,0.9951848983764648,0.016136514022946358,1e-04,0.7322461605072021,1.9839749336242676
86,0.9944145083427429,0.016037333756685257,1e-04,0.7243555784225464,1.9050501585006714
87,0.9944145083427429,0.018299443647265434,1e-04,0.7017359137535095,1.9476103782653809
88,0.9951848983764648,0.017977943643927574,1e-04,0.7227774858474731,2.2521700859069824
89,0.9957627058029175,0.014771891757845879,1e-04,0.7306680679321289,2.1414923667907715
90,0.9944145083427429,0.020048316568136215,1e-04,0.6943714022636414,2.0749735832214355
91,0.9936440587043762,0.019260447472333908,1e-04,0.724881649017334,2.224260091781616
92,0.9957627058029175,0.015152384527027607,1e-04,0.7422409057617188,2.069460153579712
93,0.9934514760971069,0.02013557031750679,1e-04,0.7096264958381653,2.2127573490142822
94,0.9946070909500122,0.018185624852776527,1e-04,0.7506575584411621,2.010803461074829
95,0.9949923157691956,0.016059134155511856,1e-04,0.746975302696228,1.9748058319091797
96,0.9967257380485535,0.012612973339855671,1e-04,0.7296159863471985,2.0744285583496094
97,0.9938367009162903,0.01943342573940754,1e-04,0.7133088111877441,2.262380838394165
98,0.9946070909500122,0.020117979496717453,1e-04,0.6870068311691284,1.705796241760254
99,0.9955701231956482,0.015977688133716583,1e-04,0.7354024052619934,2.100491762161255
100,0.9959552884101868,0.014591190963983536,1e-04,0.7501314878463745,1.8323915004730225
101,0.9938367009162903,0.020260687917470932,1e-04,0.7680168151855469,2.1473493576049805
102,0.9949923157691956,0.01650785654783249,1e-04,0.7201473116874695,2.296844244003296
103,0.9963405132293701,0.01221313513815403,1e-04,0.7285639047622681,2.125889778137207
104,0.9961479306221008,0.01279571745544672,1e-04,0.7311940789222717,2.2486681938171387
