epoch,accuracy,loss,lr,val_accuracy,val_loss
0,0.8362866044044495,0.3981016278266907,0.001,0.27143609523773193,3.4017226696014404
1,0.9150616526603699,0.2335021197795868,0.001,0.3387690782546997,7.164294242858887
2,0.9345146417617798,0.1885547935962677,0.001,0.40925827622413635,5.600042819976807
3,0.9439522624015808,0.15715985000133514,0.001,0.6112572550773621,1.2955646514892578
4,0.956086277961731,0.12960661947727203,0.001,0.5228826999664307,1.7188736200332642
5,0.9576271176338196,0.1251610368490219,0.001,0.5086796283721924,2.483830451965332
6,0.9605161547660828,0.10623844712972641,0.001,0.7122567296028137,1.6117100715637207
7,0.9643682837486267,0.09730228036642075,0.001,0.7385586500167847,0.9991950392723083
8,0.9649460911750793,0.09308372437953949,0.001,0.7017359137535095,1.6870237588882446
9,0.9686055183410645,0.0872083231806755,0.001,0.723303496837616,1.362713098526001
10,0.9705315828323364,0.08251749724149704,0.001,0.6501840949058533,1.6112048625946045
11,0.973035454750061,0.07339764386415482,0.001,0.5775907635688782,1.4872612953186035
12,0.9799692034721375,0.05683111771941185,0.001,0.7511835694313049,1.4937385320663452
13,0.9861325025558472,0.04958421736955643,0.001,0.706470251083374,2.3502843379974365
14,0.9836286306381226,0.05242013558745384,0.001,0.7417148947715759,1.5715394020080566
15,0.9890215992927551,0.038742545992136,0.001,0.6007364392280579,4.080912113189697
16,0.9880585670471191,0.040701016783714294,0.001,0.6570225954055786,2.9342048168182373
17,0.9603235721588135,0.11619732528924942,0.001,0.7117306590080261,2.041132926940918
18,0.9659090638160706,0.09335141628980637,0.001,0.7122567296028137,2.3956754207611084
19,0.9851694703102112,0.04679388552904129,0.001,0.6959494948387146,1.973059892654419
20,0.9869029521942139,0.04038107022643089,0.001,0.7311940789222717,2.509439706802368
21,0.9797765612602234,0.06164424493908882,0.001,0.5265649557113647,4.7389140129089355
22,0.9793913960456848,0.060830507427453995,0.001,0.5991583466529846,2.255411386489868
23,0.9901772141456604,0.03683096915483475,0.0003,0.7222514748573303,1.857096791267395
24,0.9903697967529297,0.030897090211510658,0.0003,0.7664387226104736,1.5394048690795898
25,0.9947996735572815,0.0203058160841465,0.0003,0.7190952301025391,1.7564371824264526
26,0.9938367009162903,0.02354668267071247,0.0003,0.7369805574417114,2.0617289543151855
27,0.9949923157691956,0.02036360278725624,0.0003,0.7401367425918579,1.7148842811584473
28,0.9963405132293701,0.013918353244662285,0.0003,0.7627564668655396,1.7314399480819702
29,0.9938367009162903,0.020304640755057335,0.0003,0.7706470489501953,1.7330440282821655
30,0.9955701231956482,0.015806041657924652,0.0003,0.7411888241767883,1.8039621114730835
31,0.9955701231956482,0.014232114888727665,0.0003,0.8001052141189575,1.9136745929718018
32,0.9953774809837341,0.020201364532113075,0.0003,0.7816938161849976,2.0908820629119873
33,0.9919106364250183,0.02468065358698368,0.0003,0.7280378937721252,1.5602020025253296
34,0.9961479306221008,0.012795631773769855,0.0003,0.765912652015686,1.7437766790390015
35,0.9953774809837341,0.017100242897868156,0.0003,0.7969489693641663,1.7247196435928345
36,0.9965331554412842,0.01276334561407566,0.0003,0.7485533952713013,2.0807511806488037
37,0.9959552884101868,0.01629524864256382,0.0003,0.7354024052619934,2.1001803874969482
38,0.9971109628677368,0.01252750400453806,1e-04,0.7422409057617188,2.2207143306732178
39,0.9973035454750061,0.010710228234529495,1e-04,0.7496054768562317,2.1068763732910156
40,0.9976887702941895,0.008694893680512905,1e-04,0.7553918957710266,2.0506203174591064
41,0.9969183206558228,0.013138271868228912,1e-04,0.7569699883460999,1.8510770797729492
42,0.9965331554412842,0.01024484820663929,1e-04,0.7506575584411621,2.049825429916382
43,0.9973035454750061,0.008834747597575188,1e-04,0.8342977166175842,1.6819941997528076
44,0.9967257380485535,0.011684736236929893,1e-04,0.7837979793548584,1.936375617980957
45,0.9976887702941895,0.010851683095097542,1e-04,0.713834822177887,1.6323031187057495
46,0.9971109628677368,0.0112233255058527,1e-04,0.7411888241767883,1.9563543796539307
47,0.9965331554412842,0.011561618186533451,1e-04,0.752761721611023,1.9635236263275146
48,0.9984591603279114,0.007136643398553133,1e-04,0.7517096400260925,2.1351001262664795
49,0.9984591603279114,0.0070725190453231335,1e-04,0.752761721611023,2.1992671489715576
50,0.9984591603279114,0.007531238719820976,1e-04,0.7496054768562317,1.8742151260375977
51,0.9982665777206421,0.006881683599203825,1e-04,0.7716991305351257,2.1339519023895264
52,0.998073935508728,0.007217648904770613,1e-04,0.746975302696228,2.129260301589966
53,0.9978813529014587,0.0076428665779531,1e-04,0.7764334678649902,2.0392906665802
54,0.9978813529014587,0.007668642792850733,1e-04,0.7832719683647156,2.259141445159912
55,0.9974961280822754,0.010235179215669632,1e-04,0.7969489693641663,1.924928903579712
56,0.9974961280822754,0.01137892622500658,1e-04,0.76380854845047,2.0551135540008545
57,0.999036967754364,0.0059219528920948505,1e-04,0.7853761315345764,1.9638413190841675
58,0.9976887702941895,0.00878134649246931,1e-04,0.7280378937721252,2.2700726985931396
59,0.9986517429351807,0.007200163789093494,1e-04,0.7648605704307556,2.1170356273651123
60,0.9978813529014587,0.007276720367372036,1e-04,0.7848500609397888,2.01936674118042
61,0.9982665777206421,0.00638803094625473,1e-04,0.767490804195404,2.286663293838501
62,0.998073935508728,0.008593140169978142,1e-04,0.7459232211112976,2.3501861095428467
63,0.999036967754364,0.005301193334162235,1e-04,0.7664387226104736,2.2998809814453125
64,0.9974961280822754,0.0076889232732355595,1e-04,0.7490794062614441,2.0860507488250732
65,0.9973035454750061,0.009498033672571182,1e-04,0.7632824778556824,2.1240384578704834
66,0.9982665777206421,0.0076482160948216915,1e-04,0.7822198867797852,2.3555357456207275
67,0.998073935508728,0.007952054962515831,1e-04,0.7922146320343018,1.997248649597168
68,0.9984591603279114,0.006865603383630514,1e-04,0.7706470489501953,2.061372756958008
69,0.998073935508728,0.007673395797610283,1e-04,0.8043135404586792,1.9780900478363037
70,0.9973035454750061,0.00849145371466875,1e-04,0.752761721611023,2.243514060974121
71,0.9982665777206421,0.006465274840593338,1e-04,0.7869542241096497,2.108506679534912
72,0.9986517429351807,0.005089800339192152,1e-04,0.782745897769928,2.165377140045166
73,0.998073935508728,0.006430454086512327,1e-04,0.7364544868469238,2.2174954414367676
74,0.9986517429351807,0.006620849948376417,1e-04,0.7932667136192322,2.1890578269958496
75,0.998073935508728,0.005061691626906395,1e-04,0.734350323677063,2.2463338375091553
76,0.9988443851470947,0.005611304193735123,1e-04,0.7806417942047119,2.046745777130127
77,0.999036967754364,0.004003388807177544,1e-04,0.7632824778556824,2.2151095867156982
78,0.9986517429351807,0.005565504543483257,1e-04,0.7401367425918579,2.4121222496032715
79,0.9984591603279114,0.007584142964333296,1e-04,0.7401367425918579,2.4061102867126465
80,0.9976887702941895,0.009432418271899223,1e-04,0.7585481405258179,2.2062578201293945
81,0.9978813529014587,0.008420167490839958,1e-04,0.7406628131866455,2.251272678375244
82,0.9988443851470947,0.005476035643368959,1e-04,0.6854287385940552,2.5901331901550293
83,0.9984591603279114,0.0044971066527068615,1e-04,0.723303496837616,2.4110870361328125
84,0.9971109628677368,0.010561195202171803,1e-04,0.7653866410255432,2.1467995643615723
85,0.9992296099662781,0.00354996370151639,1e-04,0.7459232211112976,2.421860456466675
86,0.9984591603279114,0.005381633993238211,1e-04,0.7648605704307556,2.0311434268951416
87,0.9988443851470947,0.005680781323462725,1e-04,0.7406628131866455,2.53928279876709
88,0.9986517429351807,0.005617362912744284,1e-04,0.7511835694313049,2.2557122707366943
89,0.9986517429351807,0.005258472636342049,1e-04,0.7390847206115723,2.391850233078003
90,0.998073935508728,0.006938115227967501,1e-04,0.7990531325340271,2.102724313735962
91,0.9984591603279114,0.005641159601509571,1e-04,0.7464492321014404,2.0801169872283936
92,0.9984591603279114,0.005540789104998112,1e-04,0.7990531325340271,2.0808334350585938
93,0.9998074173927307,0.0026668375357985497,1e-04,0.756443977355957,2.3114609718322754
94,0.9994221925735474,0.003295980393886566,1e-04,0.7485533952713013,2.3905842304229736
95,0.9992296099662781,0.0035261197481304407,1e-04,0.7548658847808838,2.2508606910705566
96,0.998073935508728,0.00771665945649147,1e-04,0.7096264958381653,2.5695531368255615
97,0.9988443851470947,0.004191874526441097,1e-04,0.7422409057617188,2.4889392852783203
98,0.999036967754364,0.0038738048169761896,1e-04,0.6801683306694031,2.6662206649780273
99,0.9988443851470947,0.004163295496255159,1e-04,0.7275118231773376,2.2994983196258545
100,0.9982665777206421,0.00575984688475728,1e-04,0.7538138031959534,2.301133632659912
101,0.9984591603279114,0.006046517286449671,1e-04,0.8100999593734741,1.9758168458938599
102,0.9984591603279114,0.004840814042836428,1e-04,0.7506575584411621,2.189091444015503
103,0.999036967754364,0.0038960545789450407,1e-04,0.746975302696228,2.550474166870117
104,0.9988443851470947,0.004762480966746807,1e-04,0.7606523036956787,2.598874568939209
105,0.9976887702941895,0.0084800710901618,1e-04,0.7611783146858215,2.2205207347869873
106,0.9994221925735474,0.002442852593958378,1e-04,0.7569699883460999,2.306016683578491
107,0.9974961280822754,0.007815953344106674,1e-04,0.7169910669326782,2.7695443630218506
