epoch,accuracy,loss,lr,val_accuracy,val_loss
0,0.8397534489631653,0.3770724833011627,0.001,0.2582851052284241,5.1285319328308105
1,0.9148690104484558,0.2278488427400589,0.001,0.2987900972366333,6.629590034484863
2,0.9433743953704834,0.17944559454917908,0.001,0.40557602047920227,6.7342705726623535
3,0.9481894969940186,0.14710409939289093,0.001,0.539189875125885,2.3537840843200684
4,0.9643682837486267,0.10158467292785645,0.001,0.6985796689987183,1.3607401847839355
5,0.9591679573059082,0.11719925701618195,0.001,0.5991583466529846,1.5088160037994385
6,0.9772727489471436,0.06999045610427856,0.001,0.7322461605072021,1.2809536457061768
7,0.9709168076515198,0.0826621949672699,0.001,0.6149395108222961,2.5496437549591064
8,0.9772727489471436,0.06650597602128983,0.001,0.6391372680664062,1.4963781833648682
9,0.9809321761131287,0.05220154672861099,0.001,0.7532877326011658,0.9319101572036743
10,0.9836286306381226,0.054471906274557114,0.001,0.6754339933395386,1.7533069849014282
11,0.9849768877029419,0.04876437038183212,0.001,0.7990531325340271,1.1005393266677856
12,0.9830508232116699,0.053971853107213974,0.001,0.7143608331680298,1.422211766242981
13,0.9757319092750549,0.10543713718652725,0.001,0.7375065684318542,1.3764303922653198
14,0.9861325025558472,0.048044152557849884,0.001,0.6948974132537842,2.1813673973083496
15,0.9895994067192078,0.035246070474386215,0.001,0.762230396270752,2.124969005584717
16,0.9884437322616577,0.03599539399147034,0.001,0.8227248787879944,0.9544584155082703
17,0.9932588338851929,0.024948913604021072,0.001,0.7585481405258179,2.4449715614318848
18,0.9944145083427429,0.020815012976527214,0.001,0.7653866410255432,2.6452102661132812
19,0.9867103099822998,0.042145080864429474,0.001,0.47869542241096497,7.6979546546936035
20,0.9778505563735962,0.06817928701639175,0.001,0.8495528697967529,0.8550179600715637
21,0.9884437322616577,0.047790464013814926,0.001,0.5975801944732666,5.2866363525390625
22,0.9909476041793823,0.037255678325891495,0.001,0.7401367425918579,1.4379363059997559
23,0.9922958612442017,0.02693563885986805,0.001,0.7048921585083008,1.850268006324768
24,0.9940292835235596,0.02110559120774269,0.001,0.7112046480178833,2.8505475521087646
25,0.9944145083427429,0.022072479128837585,0.001,0.7385586500167847,2.1202023029327393
26,0.991718053817749,0.02515307068824768,0.001,0.7990531325340271,1.233553409576416
27,0.9965331554412842,0.014411598443984985,0.001,0.8100999593734741,1.881779670715332
28,0.9951848983764648,0.020205063745379448,0.001,0.7848500609397888,1.738433599472046
29,0.9951848983764648,0.01624162681400776,0.001,0.8185165524482727,1.4610719680786133
30,0.9946070909500122,0.01837463490664959,0.001,0.746975302696228,1.8730835914611816
31,0.9944145083427429,0.019734179601073265,0.001,0.26301947236061096,11.87872314453125
32,0.9865177273750305,0.044165536761283875,0.001,0.7022619843482971,2.6827585697174072
33,0.9949923157691956,0.022628026083111763,0.001,0.7738032341003418,2.119673013687134
34,0.9921032190322876,0.023638155311346054,0.001,0.843766450881958,1.1499332189559937
35,0.9932588338851929,0.020736807957291603,0.001,0.7385586500167847,3.311915874481201
36,0.9963405132293701,0.015046928077936172,0.0003,0.7695949673652649,2.236696481704712
37,0.9951848983764648,0.023425670340657234,0.0003,0.8321935534477234,1.3714364767074585
38,0.9974961280822754,0.010143369436264038,0.0003,0.7969489693641663,2.035670757293701
39,0.9992296099662781,0.0032432866282761097,0.0003,0.8058916330337524,1.932637095451355
40,0.9986517429351807,0.006531884893774986,0.0003,0.7964229583740234,1.8344584703445435
41,0.9992296099662781,0.003935775253921747,0.0003,0.7874802947044373,2.2957329750061035
42,0.999036967754364,0.006418209057301283,0.0003,0.7764334678649902,2.3408703804016113
43,0.9986517429351807,0.004481050185859203,0.0003,0.782745897769928,2.201920509338379
44,0.9992296099662781,0.0033996189013123512,0.0003,0.7780115604400635,2.550774335861206
45,0.9986517429351807,0.0020400737412273884,0.0003,0.7885323762893677,2.060809373855591
46,0.9986517429351807,0.006008204538375139,0.0003,0.7685428857803345,2.327543258666992
47,0.9982665777206421,0.0056861876510083675,0.0003,0.7306680679321289,3.0528385639190674
48,0.9982665777206421,0.008472257293760777,0.0003,0.8037874698638916,2.002700090408325
49,0.998073935508728,0.005930748768150806,0.0003,0.7648605704307556,1.8865077495574951
50,0.9988443851470947,0.0035311628598719835,0.0003,0.7685428857803345,2.6673784255981445
51,0.9996147751808167,0.001385444775223732,9e-05,0.7738032341003418,2.639686107635498
52,0.9994221925735474,0.0026181384455412626,9e-05,0.7685428857803345,2.4162423610687256
53,0.9994221925735474,0.0018964825430884957,9e-05,0.782745897769928,2.4536306858062744
54,0.9996147751808167,0.0014962914865463972,9e-05,0.7795897126197815,2.2965872287750244
55,0.9998074173927307,0.0005858559161424637,9e-05,0.7837979793548584,2.343717575073242
56,0.9992296099662781,0.001852678251452744,9e-05,0.7811678051948547,2.2075531482696533
57,0.999036967754364,0.0036252723075449467,9e-05,0.7985270619392395,1.9840184450149536
58,0.9992296099662781,0.0036181502509862185,9e-05,0.7711730599403381,2.716845989227295
59,1.0,0.0006182653596624732,9e-05,0.782745897769928,2.3910462856292725
60,0.9992296099662781,0.0036346805281937122,9e-05,0.7874802947044373,2.1392529010772705
61,0.9994221925735474,0.0038073603063821793,9e-05,0.7869542241096497,1.9989521503448486
62,0.9996147751808167,0.001799813355319202,9e-05,0.7864282131195068,2.3348565101623535
63,0.9994221925735474,0.0018752837786450982,9e-05,0.6980536580085754,2.8799352645874023
64,0.9994221925735474,0.002350026275962591,9e-05,0.784324049949646,2.5184435844421387
65,0.9988443851470947,0.002787371864542365,9e-05,0.773277223110199,2.73876953125
66,0.9988443851470947,0.0055145383812487125,2.7e-05,0.7927406430244446,2.4010860919952393
67,0.9996147751808167,0.0008978834375739098,2.7e-05,0.7869542241096497,2.4665346145629883
68,1.0,0.0005638479487970471,2.7e-05,0.7874802947044373,2.479727029800415
69,0.9996147751808167,0.0011281594634056091,2.7e-05,0.7837979793548584,2.5252857208251953
70,0.9996147751808167,0.000823773501906544,2.7e-05,0.784324049949646,2.4748642444610596
71,0.9982665777206421,0.005196248646825552,2.7e-05,0.7848500609397888,2.534358263015747
72,0.9996147751808167,0.0016125469701364636,2.7e-05,0.7864282131195068,2.477113723754883
73,0.9998074173927307,0.0006664261454716325,2.7e-05,0.7806417942047119,2.4684910774230957
74,1.0,0.000524084665812552,2.7e-05,0.7816938161849976,2.4445948600769043
75,0.9992296099662781,0.006428503897041082,2.7e-05,0.7743293046951294,2.332387685775757
76,1.0,0.0008919844985939562,2.7e-05,0.7785376310348511,2.404561996459961
77,0.9998074173927307,0.000805008749011904,2.7e-05,0.7848500609397888,2.396947145462036
78,0.9996147751808167,0.0010752062080428004,2.7e-05,0.7869542241096497,2.490107536315918
79,0.9996147751808167,0.0006553619750775397,2.7e-05,0.7837979793548584,2.5386998653411865
80,1.0,0.00034702857374213636,2.7e-05,0.782745897769928,2.5293703079223633
81,0.9996147751808167,0.001254623057320714,1e-05,0.7859021425247192,2.537083625793457
82,0.9998074173927307,0.00041519172373227775,1e-05,0.7853761315345764,2.518601417541504
83,0.9998074173927307,0.0011751183774322271,1e-05,0.7859021425247192,2.5322608947753906
84,0.9996147751808167,0.0021911163348704576,1e-05,0.784324049949646,2.5374717712402344
85,0.9998074173927307,0.0003767709422390908,1e-05,0.784324049949646,2.5832297801971436
86,0.9994221925735474,0.0026920258533209562,1e-05,0.7848500609397888,2.620805263519287
87,1.0,0.00042802729876711965,1e-05,0.7816938161849976,2.6489017009735107
88,0.9998074173927307,0.0006704978877678514,1e-05,0.784324049949646,2.612260580062866
89,0.9996147751808167,0.003067116951569915,1e-05,0.7806417942047119,2.6596670150756836
90,0.9994221925735474,0.00376915349625051,1e-05,0.7743293046951294,2.692060708999634
91,0.9998074173927307,0.0004037635517306626,1e-05,0.7769594788551331,2.6657958030700684
92,0.9998074173927307,0.0006089707603678107,1e-05,0.7759073972702026,2.6404497623443604
93,0.9998074173927307,0.000598239537794143,1e-05,0.7764334678649902,2.611514091491699
94,0.9996147751808167,0.0032482438255101442,1e-05,0.7769594788551331,2.583347797393799
95,1.0,0.0004645278677344322,1e-05,0.7774855494499207,2.589557409286499
96,0.9998074173927307,0.0011171617079526186,1e-05,0.7774855494499207,2.5959153175354004
97,0.9996147751808167,0.0008222678443416953,1e-05,0.7832719683647156,2.5856735706329346
98,0.9996147751808167,0.0022466371301561594,1e-05,0.7748553156852722,2.624330997467041
99,0.999036967754364,0.003265682840719819,1e-05,0.7769594788551331,2.600160837173462
100,1.0,0.00033051162608899176,1e-05,0.7759073972702026,2.6160542964935303
101,0.9998074173927307,0.0005868443404324353,1e-05,0.7774855494499207,2.590553045272827
102,1.0,0.0004658485122490674,1e-05,0.7748553156852722,2.591872453689575
103,1.0,0.0006068848306313157,1e-05,0.7764334678649902,2.5461277961730957
104,1.0,0.0003888686478603631,1e-05,0.7764334678649902,2.556972026824951
105,1.0,0.0002887474838644266,1e-05,0.7764334678649902,2.6010587215423584
106,0.9998074173927307,0.0004782696778420359,1e-05,0.7795897126197815,2.5439016819000244
107,1.0,0.00023117009550333023,1e-05,0.7795897126197815,2.536940813064575
108,0.9998074173927307,0.0005881533143110573,1e-05,0.7790636420249939,2.5700721740722656
109,1.0,0.00025969804846681654,1e-05,0.7795897126197815,2.5956268310546875
110,1.0,0.0002983998565468937,1e-05,0.7795897126197815,2.592149019241333
111,0.9998074173927307,0.0006821153219789267,1e-05,0.7774855494499207,2.5550336837768555
112,0.9996147751808167,0.0020339353941380978,1e-05,0.782745897769928,2.587693452835083
113,1.0,0.000473824969958514,1e-05,0.7811678051948547,2.5508110523223877
114,1.0,0.00038298379513435066,1e-05,0.7811678051948547,2.521977424621582
115,0.9996147751808167,0.0006432306254282594,1e-05,0.7848500609397888,2.4944329261779785
116,1.0,0.00023605370370205492,1e-05,0.784324049949646,2.525846481323242
117,1.0,0.00046659153304062784,1e-05,0.7822198867797852,2.5182762145996094
118,1.0,8.929156319936737e-05,1e-05,0.7848500609397888,2.5636966228485107
119,1.0,0.0002696225419640541,1e-05,0.7837979793548584,2.577254056930542
120,0.9998074173927307,0.0003002629382535815,1e-05,0.7837979793548584,2.5218000411987305
