epoch,accuracy,loss,lr,val_accuracy,val_loss
0,0.8389830589294434,0.41404157876968384,0.001,0.2582851052284241,7.412808895111084
1,0.910439133644104,0.24762287735939026,0.001,0.40557602047920227,4.60191535949707
2,0.9456856846809387,0.16368481516838074,0.001,0.6554445028305054,0.8131574988365173
3,0.9503081440925598,0.1639934629201889,0.001,0.45870593190193176,3.3484079837799072
4,0.9514638185501099,0.13677005469799042,0.001,0.7322461605072021,1.0482509136199951
5,0.9666795134544373,0.10990924388170242,0.001,0.7443450689315796,2.235825300216675
6,0.966486930847168,0.1066771000623703,0.001,0.6948974132537842,1.5353925228118896
7,0.9634052515029907,0.11409008502960205,0.001,0.7190952301025391,1.252509593963623
8,0.9745762944221497,0.07988902181386948,0.001,0.7112046480178833,1.8850128650665283
9,0.9759244918823242,0.07244078814983368,0.001,0.6954234838485718,1.227075219154358
10,0.981317400932312,0.05934534966945648,0.001,0.41399264335632324,3.219881296157837
11,0.9828582406044006,0.05030287802219391,0.001,0.5754866003990173,3.389085054397583
12,0.9926810264587402,0.023597627878189087,0.001,0.7569699883460999,2.0394766330718994
13,0.9857472777366638,0.055442482233047485,0.001,0.8043135404586792,0.9227586984634399
14,0.9867103099822998,0.04092249274253845,0.001,0.7669647336006165,1.2364726066589355
15,0.9865177273750305,0.04213837906718254,0.001,0.7327722311019897,2.37198805809021
16,0.9919106364250183,0.030700281262397766,0.001,0.669121503829956,3.6179511547088623
17,0.9437596201896667,0.3207794427871704,0.001,0.706470251083374,1.3298078775405884
18,0.9872881174087524,0.049148984253406525,0.0003,0.7706470489501953,1.3847626447677612
19,0.9944145083427429,0.022245820611715317,0.0003,0.7617043852806091,2.082418441772461
20,0.9926810264587402,0.022101324051618576,0.0003,0.7801157236099243,2.02588152885437
21,0.9949923157691956,0.016742682084441185,0.0003,0.7596002221107483,2.1812491416931152
22,0.9936440587043762,0.027986332774162292,0.0003,0.6533403396606445,2.602031946182251
23,0.9930662512779236,0.02510157786309719,0.0003,0.6870068311691284,1.571205735206604
24,0.9940292835235596,0.025098595768213272,0.0003,0.7643345594406128,2.406864643096924
25,0.9932588338851929,0.027265135198831558,0.0003,0.74539715051651,2.5144147872924805
26,0.9969183206558228,0.012259168550372124,0.0003,0.7738032341003418,2.2986512184143066
27,0.9974961280822754,0.011759684421122074,0.0003,0.7911625504493713,2.0190162658691406
28,0.9971109628677368,0.012012542225420475,0.0003,0.7522356510162354,2.3238608837127686
29,0.9986517429351807,0.004387950990349054,0.0003,0.7532877326011658,2.5209357738494873
30,0.9959552884101868,0.015099550597369671,0.0003,0.7859021425247192,2.1819050312042236
31,0.9947996735572815,0.020917527377605438,0.0003,0.7496054768562317,2.6921606063842773
32,0.9969183206558228,0.013542973436415195,0.0003,0.7932667136192322,2.122001886367798
33,0.9974961280822754,0.011947101913392544,9e-05,0.7506575584411621,2.360875129699707
34,0.999036967754364,0.0064768665470182896,9e-05,0.7511835694313049,2.5256800651550293
35,0.9978813529014587,0.009230714291334152,9e-05,0.7548658847808838,2.610456943511963
36,0.9978813529014587,0.008806533180177212,9e-05,0.7501314878463745,2.805535316467285
37,0.999036967754364,0.003853932023048401,9e-05,0.7553918957710266,2.6425869464874268
38,0.9988443851470947,0.005660738330334425,9e-05,0.7475013136863708,2.586789846420288
39,0.998073935508728,0.006814507767558098,9e-05,0.7695949673652649,2.290654182434082
40,0.9986517429351807,0.006661016959697008,9e-05,0.7532877326011658,2.376023530960083
41,0.999036967754364,0.0031676425132900476,9e-05,0.765912652015686,2.307502269744873
42,0.9994221925735474,0.002361931838095188,9e-05,0.7611783146858215,2.3951914310455322
43,0.9992296099662781,0.002814734820276499,9e-05,0.7590741515159607,2.5838747024536133
44,0.999036967754364,0.0039309607818722725,9e-05,0.7585481405258179,2.5752108097076416
45,0.9996147751808167,0.001879476010799408,9e-05,0.7569699883460999,2.565540313720703
46,0.9998074173927307,0.0016704314621165395,9e-05,0.7759073972702026,2.3767528533935547
47,0.999036967754364,0.002607046626508236,9e-05,0.7648605704307556,2.2677996158599854
48,0.9996147751808167,0.002117267344146967,2.7e-05,0.756443977355957,2.699833869934082
49,0.9996147751808167,0.0016075134044513106,2.7e-05,0.7490794062614441,2.9002366065979004
50,0.9994221925735474,0.0019093843875452876,2.7e-05,0.7475013136863708,2.980276107788086
51,0.9996147751808167,0.0012302924878895283,2.7e-05,0.7475013136863708,3.056198835372925
52,0.9992296099662781,0.0025095620658248663,2.7e-05,0.7506575584411621,2.830435037612915
53,0.9984591603279114,0.0024140544701367617,2.7e-05,0.7485533952713013,2.9197299480438232
54,0.9996147751808167,0.002079406287521124,2.7e-05,0.7511835694313049,2.9012231826782227
55,0.9998074173927307,0.0006503281183540821,2.7e-05,0.7517096400260925,2.8407344818115234
56,0.9996147751808167,0.0007202301640063524,2.7e-05,0.7501314878463745,2.858837842941284
57,0.9996147751808167,0.0011286911321803927,2.7e-05,0.7517096400260925,2.7841439247131348
58,0.9998074173927307,0.000754418084397912,2.7e-05,0.7569699883460999,2.7546842098236084
59,0.9996147751808167,0.001733570359647274,2.7e-05,0.7522356510162354,2.903724431991577
60,0.9988443851470947,0.002534999279305339,2.7e-05,0.752761721611023,2.873746633529663
61,0.9992296099662781,0.0015047057531774044,2.7e-05,0.7522356510162354,2.7855803966522217
62,0.9996147751808167,0.001028497819788754,2.7e-05,0.7354024052619934,2.6840100288391113
63,0.999036967754364,0.00460926815867424,1e-05,0.7485533952713013,2.8580188751220703
64,0.9998074173927307,0.0015125198988243937,1e-05,0.7496054768562317,2.797110080718994
65,0.9996147751808167,0.0020546787418425083,1e-05,0.7517096400260925,2.8230202198028564
66,1.0,0.0008953976212069392,1e-05,0.7532877326011658,2.776273250579834
67,0.9996147751808167,0.002453426830470562,1e-05,0.7501314878463745,2.8711743354797363
68,0.9998074173927307,0.002744452329352498,1e-05,0.7511835694313049,2.8048224449157715
69,0.9994221925735474,0.004156175535172224,1e-05,0.7722251415252686,2.5519330501556396
70,0.9998074173927307,0.0008427988504990935,1e-05,0.7743293046951294,2.5259571075439453
71,0.999036967754364,0.0015638850163668394,1e-05,0.7695949673652649,2.5164084434509277
72,0.9994221925735474,0.0014940697001293302,1e-05,0.7711730599403381,2.5228304862976074
73,1.0,0.0003204604727216065,1e-05,0.7695949673652649,2.5139005184173584
74,0.9992296099662781,0.0026871829759329557,1e-05,0.7716991305351257,2.54435396194458
75,0.9994221925735474,0.0014576559187844396,1e-05,0.7559179663658142,2.6682512760162354
76,0.9994221925735474,0.002330790041014552,1e-05,0.7548658847808838,2.7346675395965576
77,1.0,0.0004145511193200946,1e-05,0.7543398141860962,2.7650744915008545
78,0.9994221925735474,0.0013507057446986437,1e-05,0.7548658847808838,2.7511701583862305
79,0.9998074173927307,0.000679964607115835,1e-05,0.7511835694313049,2.8324196338653564
80,0.9994221925735474,0.0012018870329484344,1e-05,0.7538138031959534,2.734165668487549
81,0.9994221925735474,0.003563075326383114,1e-05,0.7617043852806091,2.6687967777252197
82,1.0,0.0007113406900316477,1e-05,0.7506575584411621,2.8690507411956787
83,1.0,0.00046475211274810135,1e-05,0.7501314878463745,2.8661532402038574
84,0.9994221925735474,0.0011779476189985871,1e-05,0.752761721611023,2.8362271785736084
85,0.9996147751808167,0.0007483210065402091,1e-05,0.752761721611023,2.8424272537231445
86,0.9994221925735474,0.002050182782113552,1e-05,0.7553918957710266,2.837161064147949
87,0.9998074173927307,0.0005246262880973518,1e-05,0.7538138031959534,2.840498685836792
88,0.9998074173927307,0.0008621479501016438,1e-05,0.7538138031959534,2.8270747661590576
89,0.9998074173927307,0.0006239312933757901,1e-05,0.756443977355957,2.7334554195404053
90,1.0,0.0003356583183631301,1e-05,0.7569699883460999,2.7287211418151855
91,1.0,0.0003714093181770295,1e-05,0.7569699883460999,2.7415659427642822
92,0.9998074173927307,0.000658874399960041,1e-05,0.7569699883460999,2.7300822734832764
93,1.0,0.000850207987241447,1e-05,0.7543398141860962,2.692206859588623
94,1.0,0.00031093464349396527,1e-05,0.7543398141860962,2.796790838241577
95,0.9998074173927307,0.0010709644993767142,1e-05,0.7522356510162354,2.867790699005127
96,1.0,0.000269339740043506,1e-05,0.752761721611023,2.860644817352295
97,0.9996147751808167,0.0014689459931105375,1e-05,0.7517096400260925,2.9465785026550293
98,1.0,0.0003303791454527527,1e-05,0.7501314878463745,2.9838929176330566
99,1.0,0.0004070746945217252,1e-05,0.7522356510162354,2.8870935440063477
100,1.0,0.0002613749529700726,1e-05,0.7522356510162354,2.8888986110687256
101,0.9996147751808167,0.0010823982302099466,1e-05,0.752761721611023,2.8678138256073
102,0.9996147751808167,0.0030028705950826406,1e-05,0.7532877326011658,2.832977294921875
