epoch,accuracy,loss,lr,val_accuracy,val_loss
0,0.7650231122970581,0.5108739733695984,0.001,0.294581800699234,3.182560443878174
1,0.8062403798103333,0.3970789611339569,0.001,0.34455549716949463,8.177271842956543
2,0.7885208129882812,0.374438613653183,0.001,0.676486074924469,4.062404155731201
3,0.8106702566146851,0.3150434195995331,0.001,0.5823251008987427,2.0456912517547607
4,0.7890986204147339,0.35091182589530945,0.001,0.26301947236061096,11.87872314453125
5,0.8258859515190125,0.294596403837204,0.001,0.461862176656723,4.9832234382629395
6,0.8004622459411621,0.2829049825668335,0.001,0.6575486660003662,1.3205416202545166
7,0.8384052515029907,0.2412809133529663,0.001,0.7169910669326782,0.8906662464141846
8,0.831278920173645,0.2271006554365158,0.001,0.7496054768562317,0.9394398927688599
9,0.8337827324867249,0.2507478594779968,0.001,0.5828511118888855,2.7963409423828125
10,0.8775038719177246,0.20673580467700958,0.001,0.617043673992157,1.4167842864990234
11,0.8915639519691467,0.18662303686141968,0.001,0.6801683306694031,1.1521636247634888
12,0.9227657914161682,0.23164555430412292,0.001,0.5628616809844971,4.298306941986084
13,0.948767364025116,0.1576150506734848,0.001,0.5996843576431274,1.826578974723816
14,0.973998486995697,0.09012560546398163,0.001,0.7590741515159607,0.7166925072669983
15,0.9707241654396057,0.10810676962137222,0.001,0.5549710392951965,4.727016925811768
16,0.9695685505867004,0.09467246383428574,0.001,0.6706996560096741,1.316866397857666
17,0.9753466844558716,0.08236859738826752,0.001,0.7332982420921326,1.6206939220428467
18,0.9763097167015076,0.07007506489753723,0.001,0.7596002221107483,1.3195240497589111
19,0.9817026257514954,0.05484527722001076,0.001,0.7322461605072021,1.8363486528396606
20,0.983243465423584,0.05726632848381996,0.001,0.6991057395935059,1.9188508987426758
21,0.9791987538337708,0.058303579688072205,0.001,0.685954749584198,1.5527018308639526
22,0.9857472777366638,0.040008313953876495,0.001,0.7780115604400635,1.081605076789856
23,0.9880585670471191,0.042144376784563065,0.001,0.7774855494499207,1.6308385133743286
24,0.9849768877029419,0.04915468394756317,0.001,0.6664913296699524,1.7703810930252075
25,0.9722650051116943,0.12023765593767166,0.001,0.3577064573764801,10.193577766418457
26,0.964560866355896,0.11723415553569794,0.001,0.723303496837616,1.5360453128814697
27,0.982280433177948,0.056006837636232376,0.001,0.6696475744247437,1.540362000465393
28,0.9765022993087769,0.06959181278944016,0.001,0.26144134998321533,10.339898109436035
29,0.9791987538337708,0.06522729247808456,0.001,0.708048403263092,1.319892406463623
30,0.9874807596206665,0.03586232289671898,0.0003,0.7206733226776123,1.9754769802093506
31,0.990562379360199,0.027126867324113846,0.0003,0.7706470489501953,1.353233814239502
32,0.9934514760971069,0.02117052674293518,0.0003,0.7038400769233704,1.691941499710083
33,0.9919106364250183,0.023043902590870857,0.0003,0.7180431485176086,1.7836898565292358
34,0.9944145083427429,0.016580667346715927,0.0003,0.7101525664329529,1.9882124662399292
35,0.992488443851471,0.02542118728160858,0.0003,0.7901104688644409,1.1918574571609497
36,0.9934514760971069,0.01957801729440689,0.0003,0.717517077922821,1.6830129623413086
37,0.9955701231956482,0.015618416480720043,0.0003,0.7001578211784363,2.010244607925415
38,0.9974961280822754,0.01252902764827013,0.0003,0.7385586500167847,1.8155195713043213
39,0.9984591603279114,0.008997575379908085,0.0003,0.8148342967033386,1.5462555885314941
40,0.9965331554412842,0.011956308037042618,0.0003,0.7596002221107483,1.857662558555603
41,0.9961479306221008,0.018571682274341583,0.0003,0.6312466859817505,3.028350353240967
42,0.9969183206558228,0.013114886358380318,0.0003,0.7837979793548584,1.2115072011947632
43,0.9978813529014587,0.009163246490061283,0.0003,0.7680168151855469,1.7943122386932373
44,0.991525411605835,0.03920610249042511,0.0003,0.6864808201789856,1.8414859771728516
45,0.9944145083427429,0.01767788454890251,1e-04,0.7285639047622681,2.019009590148926
46,0.9973035454750061,0.008405259810388088,1e-04,0.734350323677063,2.054725170135498
47,0.9971109628677368,0.012009413912892342,1e-04,0.7448711395263672,1.9577736854553223
48,0.9986517429351807,0.006348032969981432,1e-04,0.7275118231773376,2.129490613937378
49,0.9984591603279114,0.008807726204395294,1e-04,0.7196212410926819,2.233982801437378
50,0.9969183206558228,0.011148720048367977,1e-04,0.8427143692970276,1.393180012702942
51,0.998073935508728,0.006115826312452555,1e-04,0.7806417942047119,1.6409025192260742
52,0.9984591603279114,0.00635177968069911,1e-04,0.7559179663658142,1.8106684684753418
53,0.9992296099662781,0.004849235061556101,1e-04,0.7669647336006165,1.9416626691818237
54,0.9967257380485535,0.012014361098408699,1e-04,0.7348763942718506,2.28802490234375
55,0.9969183206558228,0.009836879558861256,1e-04,0.7785376310348511,1.8952991962432861
56,0.9971109628677368,0.018925542011857033,1e-04,0.7990531325340271,1.2391111850738525
57,0.9969183206558228,0.009395154193043709,1e-04,0.7695949673652649,2.0302460193634033
58,0.9982665777206421,0.005421424750238657,1e-04,0.782745897769928,1.7199026346206665
59,0.9984591603279114,0.006120184902101755,1e-04,0.7885323762893677,1.6483474969863892
60,0.9984591603279114,0.0057457382790744305,1e-04,0.7916885614395142,1.8749197721481323
61,0.999036967754364,0.0030204078648239374,1e-04,0.7695949673652649,1.950701117515564
62,0.998073935508728,0.004884803202003241,1e-04,0.8095738887786865,1.7250185012817383
63,0.9986517429351807,0.00428359629586339,1e-04,0.7790636420249939,1.8568404912948608
64,0.9982665777206421,0.006436408031731844,1e-04,0.80641770362854,1.9946993589401245
65,0.9988443851470947,0.002744249301031232,1e-04,0.8153603076934814,1.7438544034957886
66,0.999036967754364,0.003636870766058564,1e-04,0.7969489693641663,1.895850419998169
67,0.9988443851470947,0.0030003651045262814,1e-04,0.7837979793548584,2.1844193935394287
68,0.9982665777206421,0.004991683643311262,1e-04,0.7769594788551331,2.0988123416900635
69,0.9976887702941895,0.013225230388343334,1e-04,0.7280378937721252,2.7274796962738037
70,0.9965331554412842,0.010142507031559944,1e-04,0.7848500609397888,1.856290578842163
71,0.9974961280822754,0.010457606054842472,1e-04,0.7964229583740234,1.7166386842727661
72,0.998073935508728,0.010226920247077942,1e-04,0.746975302696228,2.039041042327881
73,0.9988443851470947,0.0037831254303455353,1e-04,0.7943187952041626,1.7711342573165894
74,0.9986517429351807,0.005596373230218887,1e-04,0.7759073972702026,1.9856369495391846
75,0.9992296099662781,0.0032742454204708338,1e-04,0.7869542241096497,1.8931771516799927
76,0.9988443851470947,0.0033958519343286753,1e-04,0.7396107316017151,2.3222455978393555
77,0.9996147751808167,0.0035526498686522245,1e-04,0.7785376310348511,2.1088433265686035
78,0.9984591603279114,0.004917784593999386,1e-04,0.8237769603729248,1.659854531288147
79,0.999036967754364,0.006315505597740412,1e-04,0.7795897126197815,2.031094551086426
80,0.999036967754364,0.0041475617326796055,1e-04,0.8137822151184082,1.760470986366272
81,0.9996147751808167,0.002085226820781827,1e-04,0.7816938161849976,1.885975956916809
82,0.9988443851470947,0.0020299528259783983,1e-04,0.812204122543335,1.777335286140442
83,0.9978813529014587,0.009443647228181362,1e-04,0.7632824778556824,2.417495012283325
84,0.9996147751808167,0.0009732556063681841,1e-04,0.7822198867797852,1.9989567995071411
85,0.9994221925735474,0.004531112499535084,1e-04,0.7706470489501953,2.0253000259399414
86,0.9994221925735474,0.0019495624583214521,1e-04,0.8011572957038879,1.9342864751815796
87,0.9996147751808167,0.00134653365239501,1e-04,0.7816938161849976,2.002589702606201
88,0.9988443851470947,0.0041211917996406555,1e-04,0.8458706140518188,1.6260539293289185
89,0.9974961280822754,0.015174442902207375,1e-04,0.7716991305351257,2.0215368270874023
90,0.9992296099662781,0.006816600915044546,1e-04,0.7748553156852722,2.028137445449829
91,0.9998074173927307,0.0007830888498574495,1e-04,0.8027353882789612,1.8247441053390503
92,0.9996147751808167,0.0009629561100155115,1e-04,0.7680168151855469,2.1455390453338623
93,0.999036967754364,0.0026878351345658302,1e-04,0.7459232211112976,2.5366740226745605
94,0.9992296099662781,0.004618343897163868,1e-04,0.7411888241767883,2.522006034851074
95,0.9988443851470947,0.005351646803319454,1e-04,0.782745897769928,1.8911815881729126
96,0.9996147751808167,0.0015012462390586734,1e-04,0.7932667136192322,1.9195725917816162
97,0.9994221925735474,0.003790812334045768,1e-04,0.8243029713630676,1.5833873748779297
98,0.998073935508728,0.0040352242067456245,1e-04,0.8011572957038879,2.183358907699585
99,0.9992296099662781,0.0030382841359823942,1e-04,0.7632824778556824,2.508514642715454
100,0.9996147751808167,0.0011108414037153125,1e-04,0.7958968877792358,2.154731512069702
101,0.9998074173927307,0.0008024604758247733,1e-04,0.7743293046951294,2.5309457778930664
102,0.9994221925735474,0.0015697675989940763,1e-04,0.8127301335334778,1.938478946685791
103,0.9998074173927307,0.0006380702252499759,1e-04,0.8043135404586792,2.0262532234191895
104,0.999036967754364,0.0032330206595361233,1e-04,0.8001052141189575,1.9928083419799805
105,0.9996147751808167,0.0009437017142772675,1e-04,0.8285112977027893,1.8202791213989258
106,1.0,0.0003516897850204259,1e-04,0.8111520409584045,1.894130825996399
107,0.999036967754364,0.003604146419093013,1e-04,0.7511835694313049,2.823138952255249
108,0.9986517429351807,0.003383945906534791,1e-04,0.767490804195404,2.3871846199035645
109,0.9984591603279114,0.006796692963689566,1e-04,0.7280378937721252,2.707610607147217
110,0.999036967754364,0.0036790594458580017,1e-04,0.8279852867126465,1.8784441947937012
111,0.9984591603279114,0.006511935964226723,1e-04,0.7548658847808838,2.5227890014648438
112,0.998073935508728,0.00998888723552227,1e-04,0.7411888241767883,2.735661268234253
113,0.999036967754364,0.001957463100552559,1e-04,0.7743293046951294,2.2903599739074707
114,1.0,0.0006831522332504392,1e-04,0.7822198867797852,2.063190221786499
