epoch,accuracy,loss,val_accuracy,val_loss
0,0.49912169575691223,271.4034118652344,0.48241207003593445,0.9912043809890747
1,0.5136762857437134,0.9991931915283203,0.48241207003593445,0.9824600219726562
2,0.5136762857437134,0.9973512887954712,0.48241207003593445,0.985102117061615
3,0.5136762857437134,0.995974063873291,0.48241207003593445,0.9838613867759705
4,0.5136762857437134,0.9957732558250427,0.48241207003593445,0.984180748462677
5,0.5136762857437134,0.9948007464408875,0.48241207003593445,0.9810335040092468
6,0.5136762857437134,0.9945211410522461,0.48241207003593445,0.9830835461616516
7,0.5136762857437134,0.9952910542488098,0.48241207003593445,0.9881723523139954
8,0.5136762857437134,0.9952257871627808,0.48241207003593445,0.9828279614448547
9,0.5136762857437134,0.9948822855949402,0.48241207003593445,0.9844343066215515
10,0.5136762857437134,0.9942996501922607,0.48241207003593445,0.9854044318199158
11,0.5136762857437134,0.9947023391723633,0.48241207003593445,0.9816920161247253
12,0.5136762857437134,0.9948630332946777,0.48241207003593445,0.9877109527587891
13,0.5136762857437134,0.9941917061805725,0.48241207003593445,0.9847976565361023
14,0.5136762857437134,0.9944723844528198,0.48241207003593445,0.9865013957023621
15,0.5136762857437134,0.9950462579727173,0.48241207003593445,0.9833006262779236
16,0.5136762857437134,0.9945477247238159,0.48241207003593445,0.9816294312477112
17,0.5136762857437134,0.9942534565925598,0.48241207003593445,0.9844925999641418
18,0.5136762857437134,0.9943260550498962,0.48241207003593445,0.9850030541419983
19,0.5136762857437134,0.9947216510772705,0.48241207003593445,0.9849265813827515
20,0.5136762857437134,0.9943783283233643,0.48241207003593445,0.9884024858474731
21,0.5136762857437134,0.9942082166671753,0.48241207003593445,0.9790574908256531
22,0.5136762857437134,0.9947923421859741,0.48241207003593445,0.9819956421852112
23,0.5136762857437134,0.9948801398277283,0.48241207003593445,0.9770510792732239
24,0.5136762857437134,0.9950165748596191,0.48241207003593445,0.9903651475906372
25,0.5136762857437134,0.9949699640274048,0.48241207003593445,0.9829164743423462
26,0.5136762857437134,0.994574785232544,0.48241207003593445,0.9868205189704895
27,0.5136762857437134,0.9948540925979614,0.48241207003593445,0.9844906330108643
28,0.5136762857437134,0.9950181245803833,0.48241207003593445,0.9807006120681763
29,0.5136762857437134,0.9947977662086487,0.48241207003593445,0.9869478940963745
