epoch,accuracy,loss,val_accuracy,val_loss
0,0.4958594739437103,1.01384437084198,0.48241207003593445,0.9678162932395935
1,0.5104140639305115,0.9597408771514893,0.48241207003593445,1.1693816184997559
2,0.5038895606994629,0.8956732153892517,0.48241207003593445,0.9336367845535278
3,0.5397741794586182,0.8648244738578796,0.5862646698951721,0.8816347122192383
4,0.5892095565795898,0.7986000776290894,0.6030150651931763,0.8332006335258484
5,0.6491844654083252,0.7045542001724243,0.5477386713027954,1.0525189638137817
6,0.7056461572647095,0.6222617626190186,0.571189284324646,0.9624889492988586
7,0.719447910785675,0.5712411403656006,0.6314907670021057,1.2384378910064697
8,0.7540777921676636,0.5187848210334778,0.5770519375801086,1.3356989622116089
9,0.7410288453102112,0.52903813123703,0.6147403717041016,1.2236707210540771
10,0.765119194984436,0.5061516165733337,0.591289758682251,1.476226806640625
11,0.7683814167976379,0.4748065173625946,0.5946398377418518,1.388625979423523
12,0.7736511826515198,0.4628579616546631,0.5753768682479858,1.4433488845825195
13,0.7741530537605286,0.4889847934246063,0.6155778765678406,1.469314694404602
14,0.8087829351425171,0.4453626871109009,0.5954774022102356,1.6562730073928833
15,0.8105395436286926,0.4139181971549988,0.6046901345252991,1.6785246133804321
16,0.7937265038490295,0.43480515480041504,0.589614748954773,1.5456243753433228
17,0.8205771446228027,0.4080168902873993,0.6298157572746277,1.6950914859771729
18,0.8115432858467102,0.4140312671661377,0.6314907670021057,1.8605362176895142
19,0.8215809464454651,0.4044675827026367,0.6055276393890381,1.6597384214401245
20,0.8602258563041687,0.33419567346572876,0.6557788848876953,1.624077558517456
21,0.8627352714538574,0.3350170850753784,0.5812395215034485,2.4919729232788086
22,0.8491844534873962,0.3599642813205719,0.6180904507637024,1.9065656661987305
23,0.8742785453796387,0.30791035294532776,0.641541063785553,2.247499942779541
24,0.8735257387161255,0.30183297395706177,0.6097152233123779,2.2166621685028076
25,0.849686324596405,0.3636539876461029,0.6474036574363708,1.498335361480713
26,0.8855708837509155,0.2923033535480499,0.6256281137466431,2.3758492469787598
27,0.8908406496047974,0.26939016580581665,0.6289782524108887,2.8251841068267822
28,0.8971141576766968,0.26774683594703674,0.591289758682251,1.970589280128479
29,0.8875784277915955,0.2769671678543091,0.6457286477088928,2.7713863849639893
