epoch,accuracy,loss,val_accuracy,val_loss
0,0.5081555843353271,0.9839205741882324,0.48241207003593445,0.9724101424217224
1,0.500627338886261,0.9386680126190186,0.48241207003593445,0.9156054258346558
2,0.507402777671814,1.6271662712097168,0.48241207003593445,0.9993294477462769
3,0.507402777671814,1.1653767824172974,0.48241207003593445,0.9819258451461792
4,0.5126725435256958,1.0180002450942993,0.48241207003593445,0.9770067930221558
5,0.5136762857437134,0.9964075684547424,0.48241207003593445,0.9711887240409851
6,0.5126725435256958,0.9986982941627502,0.48241207003593445,0.9798392653465271
7,0.5131744146347046,1.0176554918289185,0.48241207003593445,0.9851655960083008
8,0.5136762857437134,0.9962977766990662,0.48241207003593445,0.9708537459373474
9,0.5136762857437134,0.9951269030570984,0.48241207003593445,0.9736410975456238
10,0.5124216079711914,1.0045294761657715,0.48241207003593445,0.982216477394104
11,0.5136762857437134,0.996770441532135,0.48241207003593445,0.9847428202629089
12,0.5136762857437134,0.9968640208244324,0.48241207003593445,0.9800103306770325
13,0.5136762857437134,0.9955354332923889,0.48241207003593445,0.982146680355072
14,0.5136762857437134,0.9948516488075256,0.48241207003593445,0.9832119345664978
15,0.5136762857437134,0.9954681396484375,0.48241207003593445,0.9822540283203125
16,0.5136762857437134,0.9946943521499634,0.48241207003593445,0.9816303849220276
17,0.5136762857437134,0.9947704076766968,0.48241207003593445,0.9810193181037903
18,0.5136762857437134,0.9948139190673828,0.48241207003593445,0.9817249178886414
19,0.5136762857437134,0.9958919286727905,0.48241207003593445,0.9828189611434937
20,0.5136762857437134,0.9958215355873108,0.48241207003593445,0.9817649126052856
21,0.5136762857437134,0.9958121180534363,0.48241207003593445,0.9822809100151062
22,0.5136762857437134,0.9935266375541687,0.48241207003593445,0.9841685891151428
23,0.5136762857437134,0.9942429661750793,0.48241207003593445,0.9811152815818787
24,0.5136762857437134,0.9936271905899048,0.48241207003593445,0.9835702180862427
25,0.5136762857437134,0.9960446953773499,0.48241207003593445,0.9862119555473328
26,0.5136762857437134,0.9951017498970032,0.48241207003593445,0.9829682111740112
