epoch,accuracy,loss,val_accuracy,val_loss
0,0.493600994348526,1.017037034034729,0.48241207003593445,0.9561021327972412
1,0.5033876895904541,0.9298213124275208,0.5971524119377136,0.8673189878463745
2,0.5964868068695068,0.7561008334159851,0.4748743772506714,0.8958460092544556
3,0.5734002590179443,0.8013754487037659,0.5611390471458435,0.8322843313217163
4,0.6740276217460632,0.6627721786499023,0.5678392052650452,0.8989363312721252
5,0.7224591970443726,0.5979359149932861,0.5653266310691833,0.9170046448707581
6,0.7681304812431335,0.5210866928100586,0.5636515617370605,0.9459490180015564
7,0.7836888432502747,0.4857257604598999,0.6289782524108887,0.8676972389221191
8,0.7367628812789917,0.5589815974235535,0.5887772440910339,0.9652600288391113
9,0.7892095446586609,0.46343493461608887,0.6013400554656982,1.0296117067337036
10,0.8005018830299377,0.45218905806541443,0.6055276393890381,0.9122050404548645
11,0.804767906665802,0.44954851269721985,0.6490787267684937,0.9991699457168579
12,0.8087829351425171,0.42668086290359497,0.5954774022102356,1.193603754043579
13,0.8163111805915833,0.4140039086341858,0.6197655200958252,1.4290128946304321
14,0.8218318819999695,0.4080076217651367,0.6273031830787659,1.5631741285324097
15,0.8095357418060303,0.4273073673248291,0.571189284324646,1.2683660984039307
16,0.820075273513794,0.4023869037628174,0.624790608882904,1.7765635251998901
17,0.8398995995521545,0.3903478682041168,0.6683416962623596,1.3124984502792358
18,0.8569636344909668,0.35633984208106995,0.6113902926445007,1.4810744524002075
19,0.8607277274131775,0.3332112431526184,0.6867671608924866,1.6642409563064575
20,0.882559597492218,0.3007420003414154,0.6566163897514343,1.796006441116333
21,0.7653701305389404,0.5607962012290955,0.64405357837677,0.8521931171417236
22,0.8132998943328857,0.4294031858444214,0.7035176157951355,1.1008102893829346
23,0.8401505351066589,0.36105823516845703,0.6909547448158264,1.230093240737915
24,0.8599749207496643,0.34605640172958374,0.6515913009643555,1.7656656503677368
25,0.8787955045700073,0.2986501455307007,0.6599665284156799,1.229003667831421
26,0.8936010003089905,0.2774544954299927,0.6139028668403625,2.1508755683898926
27,0.8878293633460999,0.28458619117736816,0.6733668446540833,2.018301248550415
28,0.8742785453796387,0.32212015986442566,0.6666666865348816,1.0367155075073242
