epoch,accuracy,loss,val_accuracy,val_loss
0,0.49535760283470154,1.0183066129684448,0.48241207003593445,0.9810249209403992
1,0.5041405558586121,0.9457550644874573,0.48241207003593445,0.9870023727416992
2,0.6112923622131348,0.7334678769111633,0.6775544285774231,1.001417875289917
3,0.6905897259712219,0.6238888502120972,0.5653266310691833,1.2927933931350708
4,0.7066499590873718,0.5950387120246887,0.641541063785553,1.3938634395599365
5,0.7104140520095825,0.5762987732887268,0.6021775603294373,0.9886305928230286
6,0.7141781449317932,0.57774817943573,0.6264656782150269,1.3254965543746948
7,0.7329987287521362,0.5449225306510925,0.6264656782150269,1.2723878622055054
8,0.7252195477485657,0.5422957539558411,0.6566163897514343,1.3849695920944214
9,0.7159347534179688,0.5575809478759766,0.623115599155426,1.7059465646743774
10,0.7319949865341187,0.5250246524810791,0.6582914590835571,1.494606375694275
11,0.7307402491569519,0.5315104126930237,0.6180904507637024,1.2768113613128662
12,0.7455458045005798,0.49117329716682434,0.5921273231506348,1.4962502717971802
13,0.7470514178276062,0.5117736458778381,0.623115599155426,1.5821120738983154
14,0.7493098974227905,0.5160365104675293,0.5678392052650452,1.672376275062561
15,0.7457967400550842,0.5053914785385132,0.5410385131835938,1.4384524822235107
16,0.7515683770179749,0.5083816647529602,0.6809045076370239,1.3554619550704956
17,0.7623588442802429,0.4697488844394684,0.5887772440910339,1.4757112264633179
18,0.7505646347999573,0.46718817949295044,0.5737018585205078,1.5556995868682861
19,0.7570890784263611,0.4696160554885864,0.5778894424438477,1.585401177406311
20,0.7691342830657959,0.46197324991226196,0.572026789188385,1.4462692737579346
21,0.7570890784263611,0.46150726079940796,0.6030150651931763,1.7417014837265015
22,0.7661229372024536,0.4566561281681061,0.6164153814315796,1.8072624206542969
23,0.787202000617981,0.4291914999485016,0.5929648280143738,2.176218032836914
24,0.7959849238395691,0.4098542630672455,0.6063651442527771,2.0341508388519287
25,0.7716436386108398,0.43149498105049133,0.5586264729499817,1.8644917011260986
