epoch,accuracy,loss,val_accuracy,val_loss
0,0.507402777671814,1.011959433555603,0.48241207003593445,0.9509729146957397
1,0.5169385075569153,0.9338319897651672,0.5485762357711792,0.8971982002258301
2,0.6213299632072449,0.7267590761184692,0.5309882760047913,0.8871113657951355
3,0.7207026481628418,0.5984352231025696,0.5887772440910339,0.9329755306243896
4,0.7593475580215454,0.5182178616523743,0.6306532621383667,0.915521502494812
5,0.7713927030563354,0.49386414885520935,0.5670017004013062,1.066037654876709
6,0.7638645172119141,0.5080682039260864,0.6072027087211609,0.9681382179260254
7,0.7696361541748047,0.48791074752807617,0.6222780346870422,1.0698095560073853
8,0.7588456869125366,0.4895276725292206,0.64405357837677,1.3158512115478516
9,0.7939774394035339,0.4442787170410156,0.6348408460617065,1.241387963294983
10,0.8105395436286926,0.4186514914035797,0.6515913009643555,1.194996953010559
11,0.8424090147018433,0.3681453764438629,0.6557788848876953,1.4971545934677124
12,0.8132998943328857,0.39511826634407043,0.6465661525726318,1.5350260734558105
13,0.8526976108551025,0.33908647298812866,0.6557788848876953,1.547431468963623
14,0.8396486639976501,0.36396563053131104,0.6340033411979675,1.6810519695281982
15,0.8597239851951599,0.32297375798225403,0.6398659944534302,1.6063475608825684
16,0.8406524658203125,0.36807698011398315,0.6323283314704895,1.597697138786316
17,0.858971118927002,0.3285672068595886,0.6130653023719788,1.618152379989624
18,0.8692597150802612,0.3126952350139618,0.6691792011260986,1.5768098831176758
19,0.8735257387161255,0.3075522184371948,0.6675041913986206,1.653271198272705
20,0.884567141532898,0.2811156213283539,0.6398659944534302,1.7563188076019287
21,0.8785445690155029,0.2929776906967163,0.6633166074752808,1.6904854774475098
22,0.8843162059783936,0.2841440737247467,0.6750418543815613,1.9803681373596191
23,0.8963613510131836,0.259265661239624,0.6783919334411621,2.010308027267456
24,0.8855708837509155,0.2750529646873474,0.6256281137466431,1.9065704345703125
25,0.8951066732406616,0.2615966796875,0.662479043006897,1.7004014253616333
26,0.8890840411186218,0.26605847477912903,0.6365159153938293,1.8261915445327759
27,0.896612286567688,0.24584248661994934,0.6465661525726318,1.9649749994277954
