epoch,accuracy,loss,val_accuracy,val_loss
0,0.49485570192337036,1.0265240669250488,0.48241207003593445,0.9612865447998047
1,0.4996235966682434,0.994534969329834,0.48241207003593445,1.002418041229248
2,0.5209535956382751,0.913077712059021,0.6289782524108887,0.907646656036377
3,0.5826850533485413,0.8007045984268188,0.5460636615753174,1.0549064874649048
4,0.6065244674682617,0.7424509525299072,0.5921273231506348,0.8437867760658264
5,0.6981179714202881,0.6352409720420837,0.5376884341239929,0.9286932349205017
6,0.6880803108215332,0.6649928689002991,0.5561138987541199,0.9597196578979492
7,0.7616060376167297,0.5424425601959229,0.570351779460907,0.9204749464988708
8,0.7826850414276123,0.4962940216064453,0.6155778765678406,0.8653704524040222
9,0.7887076735496521,0.4894157946109772,0.5996649861335754,1.0976250171661377
10,0.7518193125724792,0.524000883102417,0.6582914590835571,0.923038125038147
11,0.7440401315689087,0.5177327990531921,0.5569514036178589,1.0264053344726562
12,0.7917189598083496,0.47283095121383667,0.660804033279419,1.180207371711731
13,0.8125470280647278,0.4244741201400757,0.5971524119377136,1.3196053504943848
14,0.8160602450370789,0.4321031868457794,0.6197655200958252,0.9249802231788635
15,0.8333751559257507,0.3901713788509369,0.6222780346870422,1.2178674936294556
16,0.8396486639976501,0.3788703382015228,0.641541063785553,1.4587011337280273
17,0.8537013530731201,0.36689823865890503,0.6700167655944824,1.1965399980545044
18,0.8677541017532349,0.32680249214172363,0.6532663106918335,1.394007921218872
19,0.838895857334137,0.3914427161216736,0.6197655200958252,1.267093300819397
20,0.838895857334137,0.3858407139778137,0.6482412219047546,1.5385785102844238
21,0.8690087795257568,0.31627410650253296,0.624790608882904,1.2904900312423706
22,0.8564617037773132,0.3485601544380188,0.6725293397903442,1.2899272441864014
23,0.8662484288215637,0.33001506328582764,0.6515913009643555,1.383879542350769
24,0.8675031661987305,0.32750335335731506,0.6691792011260986,1.599120855331421
25,0.8772898316383362,0.30820992588996887,0.6306532621383667,1.405295968055725
26,0.8644918203353882,0.3419690430164337,0.6901172399520874,1.322841763496399
27,0.8833124041557312,0.2928462028503418,0.6825795769691467,1.6279386281967163
28,0.8700125217437744,0.3337056338787079,0.6365159153938293,1.1536847352981567
29,0.8853199481964111,0.30477359890937805,0.6758794188499451,1.8462108373641968
