epoch,accuracy,loss,val_accuracy,val_loss
0,0.5016311407089233,0.9671725034713745,0.48241207003593445,0.9435606598854065
1,0.5028858184814453,0.9421409964561462,0.48241207003593445,0.9605624675750732
2,0.5104140639305115,1.0039807558059692,0.48241207003593445,0.9381762146949768
3,0.5104140639305115,1.0156455039978027,0.48241207003593445,0.9390860795974731
4,0.5109159350395203,0.9513540267944336,0.48241207003593445,0.9293361306190491
5,0.513425350189209,1.0398536920547485,0.48241207003593445,0.9453686475753784
6,0.511417806148529,0.987433671951294,0.48241207003593445,0.9659919738769531
7,0.5099121928215027,1.0423548221588135,0.48241207003593445,0.9436219334602356
8,0.5136762857437134,0.9755727648735046,0.48241207003593445,0.9707391262054443
9,0.5084065198898315,1.031888484954834,0.48241207003593445,0.969105064868927
10,0.5094102621078491,1.4237581491470337,0.48241207003593445,0.9845870137214661
11,0.5116687417030334,1.027811884880066,0.48241207003593445,0.9820489287376404
12,0.5136762857437134,0.9988848567008972,0.48241207003593445,0.9828043580055237
13,0.5136762857437134,0.9965500831604004,0.48241207003593445,0.9840125441551208
14,0.5136762857437134,0.9965453743934631,0.48241207003593445,0.9819118976593018
15,0.5096612572669983,1.0052541494369507,0.48241207003593445,0.9825233817100525
16,0.5136762857437134,0.9952536225318909,0.48241207003593445,0.9840129613876343
17,0.5136762857437134,0.9949462413787842,0.48241207003593445,0.9834606051445007
18,0.5136762857437134,0.9953215718269348,0.48241207003593445,0.9838050603866577
19,0.5136762857437134,0.9953103065490723,0.48241207003593445,0.9824633598327637
20,0.5136762857437134,0.9956393241882324,0.48241207003593445,0.9835536479949951
21,0.5136762857437134,0.9955253005027771,0.48241207003593445,0.9823749661445618
22,0.5136762857437134,0.9951043725013733,0.48241207003593445,0.984109103679657
23,0.5136762857437134,0.9954977035522461,0.48241207003593445,0.9836418628692627
24,0.5124216079711914,0.994806170463562,0.48241207003593445,0.9827088713645935
25,0.5136762857437134,0.9942293167114258,0.48241207003593445,0.982969343662262
26,0.5136762857437134,0.9947269558906555,0.48241207003593445,0.985087513923645
27,0.5136762857437134,0.9946348071098328,0.48241207003593445,0.9826489686965942
28,0.5136762857437134,0.9952560067176819,0.48241207003593445,0.9837068915367126
29,0.5136762857437134,0.9954334497451782,0.48241207003593445,0.9832859635353088
