epoch,accuracy,loss,val_accuracy,val_loss
0,0.4873274862766266,0.99176025390625,0.48241207003593445,0.9545133709907532
1,0.5267252326011658,0.880912721157074,0.624790608882904,0.8145979642868042
2,0.6183186769485474,0.750626802444458,0.5016750693321228,0.9992674589157104
3,0.6820577383041382,0.6504664421081543,0.7236180901527405,0.7524347305297852
4,0.7051442861557007,0.5917583107948303,0.6038525700569153,0.8652907013893127
5,0.7319949865341187,0.5596246719360352,0.6264656782150269,1.027390956878662
6,0.7442910671234131,0.5177851319313049,0.5083752274513245,2.0045793056488037
7,0.7578418850898743,0.5038010478019714,0.6876046657562256,1.1600720882415771
8,0.7636135220527649,0.4927648901939392,0.5829145908355713,1.072050929069519
9,0.7726474404335022,0.4756278097629547,0.6105527877807617,1.6651502847671509
10,0.7636135220527649,0.4656915068626404,0.641541063785553,1.4738729000091553
11,0.7994981408119202,0.43218347430229187,0.6373534202575684,1.4699671268463135
12,0.7954830527305603,0.4265800416469574,0.6281406879425049,1.8771618604660034
13,0.8429109454154968,0.3762429356575012,0.6658291220664978,1.5004174709320068
14,0.8318694829940796,0.3950311541557312,0.643216073513031,1.918575644493103
15,0.8461731672286987,0.36127346754074097,0.6541038751602173,1.2829899787902832
16,0.8609786629676819,0.3286780118942261,0.6541038751602173,1.8306169509887695
17,0.8737766742706299,0.29991844296455383,0.6381909251213074,2.6510164737701416
18,0.8770388960838318,0.30916765332221985,0.6088777184486389,2.130995273590088
19,0.8923463225364685,0.28852227330207825,0.7085427045822144,2.609617233276367
