epoch,accuracy,loss,val_accuracy,val_loss
0,0.5058971047401428,1.0087101459503174,0.48241207003593445,0.9677861928939819
1,0.5904642343521118,0.7923599481582642,0.6105527877807617,0.9069736003875732
2,0.7003763914108276,0.6170715093612671,0.5963149070739746,1.0438159704208374
3,0.7294855713844299,0.5542683601379395,0.6323283314704895,1.029971957206726
4,0.7294855713844299,0.541660487651825,0.5301507711410522,1.2234652042388916
5,0.7324968576431274,0.5396215915679932,0.6113902926445007,1.1370447874069214
6,0.7447929978370667,0.5131003260612488,0.6323283314704895,1.0624910593032837
7,0.7568381428718567,0.4839451014995575,0.6876046657562256,1.2311419248580933
8,0.7616060376167297,0.4734809398651123,0.6013400554656982,1.21596360206604
9,0.7771643400192261,0.46422654390335083,0.6273031830787659,1.3580483198165894
10,0.7877038717269897,0.45072102546691895,0.5979899764060974,1.5596141815185547
11,0.8067753911018372,0.4098619818687439,0.6448911428451538,1.800600290298462
12,0.8143036365509033,0.4057407081127167,0.6515913009643555,1.7520281076431274
13,0.830865740776062,0.3740427792072296,0.6507537961006165,1.9168028831481934
14,0.8469259738922119,0.3501335680484772,0.6306532621383667,2.001281976699829
15,0.8529485464096069,0.32889488339424133,0.6666666865348816,1.8352034091949463
16,0.8587201833724976,0.33099955320358276,0.6515913009643555,2.275132417678833
17,0.8780426383018494,0.287357896566391,0.6021775603294373,2.338793992996216
18,0.8787955045700073,0.2938070595264435,0.5502512454986572,2.3014793395996094
19,0.8735257387161255,0.29713132977485657,0.6549413800239563,2.4230079650878906
