epoch,accuracy,loss,val_accuracy,val_loss
0,0.5051442980766296,0.9935111999511719,0.48241207003593445,0.9727118611335754
1,0.5124216079711914,1.0226000547409058,0.48241207003593445,0.9816370010375977
2,0.5131744146347046,0.9996415376663208,0.48241207003593445,0.963156521320343
3,0.5021330118179321,1.5432984828948975,0.48241207003593445,0.9868503212928772
4,0.5136762857437134,0.9977962970733643,0.48241207003593445,0.9896132946014404
5,0.511417806148529,0.9971281290054321,0.48241207003593445,0.9596691727638245
6,0.5129234790802002,1.0318388938903809,0.48241207003593445,0.9837630391120911
7,0.513425350189209,0.9945158362388611,0.48241207003593445,0.9798734188079834
8,0.5139272212982178,0.996604323387146,0.48241207003593445,0.9828532338142395
9,0.5129234790802002,1.006333351135254,0.48241207003593445,0.9806082248687744
10,0.5116687417030334,0.9992488026618958,0.48241207003593445,0.986903190612793
11,0.5129234790802002,0.999137818813324,0.48241207003593445,0.9884173274040222
12,0.5061480402946472,1.110656499862671,0.48241207003593445,0.9856613278388977
13,0.5121706128120422,0.9967247843742371,0.48241207003593445,0.9727407097816467
14,0.5058971047401428,1.1576933860778809,0.48241207003593445,0.9741335511207581
15,0.5096612572669983,1.0289074182510376,0.48241207003593445,0.9774565696716309
16,0.5136762857437134,0.995741069316864,0.48241207003593445,0.9724441170692444
17,0.5109159350395203,1.0141797065734863,0.48241207003593445,0.9599063396453857
18,0.5129234790802002,0.9954471588134766,0.48241207003593445,0.9723175168037415
19,0.5119196772575378,2.277285099029541,0.48241207003593445,0.9828320741653442
20,0.5116687417030334,0.9968733191490173,0.48241207003593445,0.9827864766120911
21,0.5136762857437134,0.9939867258071899,0.48241207003593445,0.9800872802734375
22,0.513425350189209,0.9951454401016235,0.48241207003593445,0.9834497570991516
23,0.5136762857437134,0.9939443469047546,0.48241207003593445,0.9834119081497192
24,0.5136762857437134,0.9944985508918762,0.48241207003593445,0.9824904799461365
25,0.5136762857437134,0.9950926303863525,0.48241207003593445,0.9826022386550903
26,0.5136762857437134,0.9935203194618225,0.48241207003593445,0.9821472764015198
27,0.5136762857437134,0.9942708015441895,0.48241207003593445,0.9828178286552429
28,0.5136762857437134,0.994164764881134,0.48241207003593445,0.9814953207969666
29,0.5136762857437134,0.9947637319564819,0.48241207003593445,0.9844914674758911
