epoch,accuracy,loss,val_accuracy,val_loss
0,0.5111668705940247,1.0115065574645996,0.48241207003593445,0.9865440726280212
1,0.5139272212982178,1.0418555736541748,0.48241207003593445,0.9798517823219299
2,0.5141781568527222,1.193949818611145,0.44723618030548096,0.9512606263160706
3,0.5063989758491516,0.9428264498710632,0.48241207003593445,0.9780997037887573
4,0.5136762857437134,0.9937628507614136,0.48241207003593445,0.9654285311698914
5,0.513425350189209,1.1545813083648682,0.48241207003593445,0.9849477410316467
6,0.5136762857437134,0.9962611794471741,0.48241207003593445,0.9878333806991577
7,0.5136762857437134,0.997282087802887,0.48241207003593445,0.9830029010772705
8,0.5136762857437134,0.9957643151283264,0.48241207003593445,0.9798266887664795
9,0.5136762857437134,0.9946885108947754,0.48241207003593445,0.9811365604400635
10,0.5136762857437134,0.9941868782043457,0.48241207003593445,0.9834436178207397
11,0.5136762857437134,0.9949274063110352,0.48241207003593445,0.9835020899772644
12,0.5126725435256958,0.9967367053031921,0.48241207003593445,0.9825876951217651
13,0.5136762857437134,0.9960997700691223,0.48241207003593445,0.9888677597045898
14,0.5136762857437134,0.996127724647522,0.48241207003593445,0.9881992340087891
15,0.5136762857437134,0.9957897067070007,0.48241207003593445,0.9849763512611389
16,0.5136762857437134,0.99502032995224,0.48241207003593445,0.9848225712776184
17,0.5136762857437134,0.9956390261650085,0.48241207003593445,0.9811686873435974
18,0.5136762857437134,0.9952059984207153,0.48241207003593445,0.9814938902854919
19,0.5136762857437134,0.995387613773346,0.48241207003593445,0.9812533855438232
20,0.5136762857437134,0.9969459772109985,0.48241207003593445,0.9804324507713318
21,0.5136762857437134,0.994608998298645,0.48241207003593445,0.9794727563858032
22,0.5136762857437134,0.995474636554718,0.48241207003593445,0.9837210178375244
23,0.5136762857437134,0.994088888168335,0.48241207003593445,0.982354998588562
24,0.5136762857437134,0.9968669414520264,0.48241207003593445,0.9828943014144897
25,0.5136762857437134,0.9945458769798279,0.48241207003593445,0.9835042357444763
26,0.5136762857437134,0.995842695236206,0.48241207003593445,0.9854878187179565
27,0.5136762857437134,0.9946205615997314,0.48241207003593445,0.9840619564056396
