epoch,accuracy,loss,val_accuracy,val_loss
0,0.5096612572669983,19.069353103637695,0.48241207003593445,0.9789201617240906
1,0.5136762857437134,0.9959726929664612,0.48241207003593445,0.9752383232116699
2,0.5136762857437134,0.9974348545074463,0.48241207003593445,0.9856200218200684
3,0.5136762857437134,0.9954159259796143,0.48241207003593445,0.9762966632843018
4,0.5136762857437134,0.9959720373153687,0.48241207003593445,0.9784281253814697
5,0.5136762857437134,0.9953368306159973,0.48241207003593445,0.9835411310195923
6,0.5136762857437134,0.9957533478736877,0.48241207003593445,0.9833758473396301
7,0.5136762857437134,0.9951322674751282,0.48241207003593445,0.9806028604507446
8,0.5136762857437134,0.9956431984901428,0.48241207003593445,0.9861205816268921
9,0.5136762857437134,0.9937244653701782,0.48241207003593445,0.980762779712677
10,0.5136762857437134,0.9946137070655823,0.48241207003593445,0.9925413131713867
11,0.5136762857437134,0.9949566721916199,0.48241207003593445,0.981029212474823
12,0.5136762857437134,0.9955727458000183,0.48241207003593445,0.9845392107963562
13,0.5136762857437134,0.995273232460022,0.48241207003593445,0.9854837656021118
14,0.5136762857437134,0.9944974184036255,0.48241207003593445,0.9818878173828125
15,0.5136762857437134,0.9949200749397278,0.48241207003593445,0.9833027720451355
16,0.5136762857437134,0.9954982995986938,0.48241207003593445,0.9866783618927002
17,0.5136762857437134,0.9949442148208618,0.48241207003593445,0.9855968356132507
18,0.5136762857437134,0.9951746463775635,0.48241207003593445,0.9803245067596436
19,0.5136762857437134,0.9950470328330994,0.48241207003593445,0.9841249585151672
20,0.5136762857437134,0.9954861402511597,0.48241207003593445,0.98639976978302
21,0.5136762857437134,0.9948617815971375,0.48241207003593445,0.9916036128997803
22,0.5136762857437134,0.9953049421310425,0.48241207003593445,0.9832750558853149
23,0.5136762857437134,0.9947822093963623,0.48241207003593445,0.9830097556114197
24,0.5136762857437134,0.9954352378845215,0.48241207003593445,0.9826695919036865
25,0.5136762857437134,0.9954208731651306,0.48241207003593445,0.9906395673751831
26,0.5136762857437134,0.995661735534668,0.48241207003593445,0.9824328422546387
