epoch,accuracy,loss,val_accuracy,val_loss
0,0.5038895606994629,1.0194443464279175,0.48241207003593445,0.9830052256584167
1,0.5084065198898315,1.0555033683776855,0.48241207003593445,1.0016287565231323
2,0.513425350189209,1.0021518468856812,0.48241207003593445,0.9790529608726501
3,0.5136762857437134,0.9982137084007263,0.48241207003593445,0.988238513469696
4,0.5136762857437134,0.9982361197471619,0.48241207003593445,0.9861101508140564
5,0.5136762857437134,0.997307538986206,0.48241207003593445,0.985094428062439
6,0.5136762857437134,0.9991336464881897,0.48241207003593445,0.986189603805542
7,0.5136762857437134,0.997538685798645,0.48241207003593445,0.9832819104194641
8,0.5136762857437134,0.9961344003677368,0.48241207003593445,0.9838647246360779
9,0.5136762857437134,0.9958986639976501,0.48241207003593445,0.9791212677955627
10,0.5136762857437134,0.9960859417915344,0.48241207003593445,0.9876028895378113
11,0.5136762857437134,0.9944944977760315,0.48241207003593445,0.9802148938179016
12,0.5136762857437134,0.9955825209617615,0.48241207003593445,0.9863342642784119
13,0.5136762857437134,0.9955518841743469,0.48241207003593445,0.9877527952194214
14,0.5136762857437134,0.9947341680526733,0.48241207003593445,0.9837529063224792
15,0.5136762857437134,0.9954521059989929,0.48241207003593445,0.9839866161346436
16,0.5136762857437134,0.9960455298423767,0.48241207003593445,0.9834063053131104
17,0.5136762857437134,0.9966814517974854,0.48241207003593445,0.9828406572341919
18,0.5136762857437134,0.9949769377708435,0.48241207003593445,0.984247088432312
19,0.5136762857437134,0.99528968334198,0.48241207003593445,0.9823226928710938
20,0.5136762857437134,0.995669960975647,0.48241207003593445,0.9805138111114502
21,0.5136762857437134,0.9946391582489014,0.48241207003593445,0.9836664795875549
22,0.5131744146347046,0.9959347248077393,0.48241207003593445,0.9851221442222595
23,0.513425350189209,1.1149358749389648,0.48241207003593445,0.9822299480438232
24,0.5136762857437134,0.9959880709648132,0.48241207003593445,0.9847208857536316
25,0.5136762857437134,0.9956852197647095,0.48241207003593445,0.9808642864227295
26,0.5136762857437134,0.9948481321334839,0.48241207003593445,0.9811967015266418
27,0.5131744146347046,0.9952379465103149,0.48241207003593445,0.9830211997032166
