epoch,accuracy,loss,val_accuracy,val_loss
0,0.4938519299030304,9.440224647521973,0.48241207003593445,0.9831923246383667
1,0.5136762857437134,0.9976541996002197,0.48241207003593445,0.982013463973999
2,0.5136762857437134,0.9990324378013611,0.48241207003593445,0.9871386289596558
3,0.5136762857437134,0.9955695867538452,0.48241207003593445,0.9802897572517395
4,0.5136762857437134,0.9948998093605042,0.48241207003593445,0.9868898391723633
5,0.5136762857437134,0.9942291378974915,0.48241207003593445,0.9822506308555603
6,0.5136762857437134,0.9950669407844543,0.48241207003593445,0.9854440093040466
7,0.5136762857437134,0.9951847791671753,0.48241207003593445,0.9864562153816223
8,0.5136762857437134,0.9951217770576477,0.48241207003593445,0.9836434721946716
9,0.5136762857437134,0.9943565130233765,0.48241207003593445,0.980076789855957
10,0.5136762857437134,0.9940418004989624,0.48241207003593445,0.9851893186569214
11,0.5136762857437134,0.9948680996894836,0.48241207003593445,0.9794911742210388
12,0.5136762857437134,0.9944287538528442,0.48241207003593445,0.9796633124351501
13,0.5136762857437134,0.9942647218704224,0.48241207003593445,0.990280270576477
14,0.5136762857437134,0.9948020577430725,0.48241207003593445,0.9854250550270081
15,0.5136762857437134,0.9946752190589905,0.48241207003593445,0.9825538396835327
16,0.5136762857437134,0.9943996667861938,0.48241207003593445,0.9843857288360596
17,0.5136762857437134,0.9943894147872925,0.48241207003593445,0.9826844930648804
18,0.5136762857437134,0.9944972395896912,0.48241207003593445,0.9825835227966309
19,0.5136762857437134,0.9946417212486267,0.48241207003593445,0.9829257130622864
20,0.5136762857437134,0.9942959547042847,0.48241207003593445,0.9836142659187317
21,0.5136762857437134,0.9946680665016174,0.48241207003593445,0.9846786260604858
22,0.5136762857437134,0.9944822788238525,0.48241207003593445,0.9830760955810547
23,0.5136762857437134,0.9942678809165955,0.48241207003593445,0.9836681485176086
24,0.5136762857437134,0.9942351579666138,0.48241207003593445,0.9784528613090515
25,0.5136762857437134,0.9945934414863586,0.48241207003593445,0.9797837734222412
26,0.5136762857437134,0.9943724870681763,0.48241207003593445,0.9864556193351746
27,0.5136762857437134,0.9945813417434692,0.48241207003593445,0.9859967827796936
28,0.5136762857437134,0.9947702288627625,0.48241207003593445,0.98321533203125
29,0.5136762857437134,0.9943320751190186,0.48241207003593445,0.9819678664207458
