epoch,accuracy,loss,val_accuracy,val_loss
0,0.5051442980766296,1.0203133821487427,0.48241207003593445,0.9708859324455261
1,0.5129234790802002,0.9818079471588135,0.48241207003593445,0.9871590733528137
2,0.5139272212982178,0.9478923678398132,0.48241207003593445,1.1793620586395264
3,0.5437892079353333,0.8444815278053284,0.6206030249595642,0.8190270066261292
4,0.5882057547569275,0.7797077894210815,0.48241207003593445,0.9097945094108582
5,0.5495608448982239,0.8581660985946655,0.6105527877807617,0.8923941254615784
6,0.6132998466491699,0.7699331641197205,0.6046901345252991,0.8454661965370178
7,0.6823086738586426,0.650062084197998,0.6189279556274414,0.8692468404769897
8,0.7352572083473206,0.5600183606147766,0.571189284324646,1.024983286857605
9,0.7623588442802429,0.5257241725921631,0.6281406879425049,0.8274745345115662
10,0.728230893611908,0.5422834157943726,0.6289782524108887,1.048214316368103
11,0.7407779097557068,0.5199679732322693,0.6566163897514343,0.9328087568283081
12,0.7628607153892517,0.48819035291671753,0.6323283314704895,1.1280800104141235
13,0.7633625864982605,0.4798244535923004,0.6180904507637024,1.2425051927566528
14,0.7811794281005859,0.45055723190307617,0.6323283314704895,1.2645246982574463
15,0.7959849238395691,0.4483256936073303,0.6298157572746277,1.0785685777664185
16,0.7989962100982666,0.4205015301704407,0.6197655200958252,1.118011474609375
17,0.8293601274490356,0.37971144914627075,0.6164153814315796,1.4326483011245728
18,0.8110414147377014,0.407658189535141,0.6189279556274414,1.2434805631637573
19,0.8401505351066589,0.3561263382434845,0.660804033279419,1.311720371246338
20,0.8491844534873962,0.35433295369148254,0.6582914590835571,1.4258456230163574
21,0.8647427558898926,0.3231789767742157,0.6264656782150269,1.623423457145691
22,0.862484335899353,0.3287048637866974,0.5678392052650452,2.0374252796173096
23,0.8521957397460938,0.33817148208618164,0.6197655200958252,1.3470253944396973
24,0.8632371425628662,0.32598522305488586,0.6524288058280945,1.710045337677002
25,0.8722710013389587,0.29815003275871277,0.6750418543815613,1.8785592317581177
26,0.8890840411186218,0.2782260477542877,0.660804033279419,1.8208447694778442
27,0.8710163235664368,0.3100237250328064,0.643216073513031,1.6981147527694702
28,0.8895859718322754,0.2766418159008026,0.623953104019165,2.0384230613708496
