epoch,accuracy,loss,val_accuracy,val_loss
0,0.4941028952598572,1.020849347114563,0.48241207003593445,0.9776681661605835
1,0.511417806148529,0.9326609969139099,0.48241207003593445,0.8937060832977295
2,0.5264742970466614,0.8773469924926758,0.5293132066726685,0.9152901768684387
3,0.5801756381988525,0.806143045425415,0.6214405298233032,0.7957777380943298
4,0.6077791452407837,0.7362606525421143,0.5938023328781128,0.7496989369392395
5,0.6589711308479309,0.6828985810279846,0.6298157572746277,0.7496950030326843
6,0.7289837002754211,0.5693633556365967,0.5862646698951721,0.999713122844696
7,0.7272270917892456,0.5603623390197754,0.5795645117759705,0.8531184196472168
8,0.7583438158035278,0.5168221592903137,0.6398659944534302,0.9729492664337158
9,0.7693852186203003,0.4978533089160919,0.6457286477088928,0.8131212592124939
10,0.7854453921318054,0.47211188077926636,0.6649916172027588,0.9489981532096863
11,0.7997490763664246,0.4503374397754669,0.6407034993171692,0.982335090637207
12,0.7899623513221741,0.4653090834617615,0.6164153814315796,1.0682893991470337
13,0.810790479183197,0.42334121465682983,0.6465661525726318,1.2391420602798462
14,0.8055207133293152,0.43313801288604736,0.6641541123390198,1.0129880905151367
15,0.8271016478538513,0.4135415852069855,0.624790608882904,0.8592389225959778
16,0.8554579615592957,0.34465378522872925,0.6465661525726318,1.4079983234405518
17,0.8486825823783875,0.3728711009025574,0.6566163897514343,1.149820327758789
18,0.8471769094467163,0.37458285689353943,0.662479043006897,1.2679170370101929
19,0.8707653880119324,0.3210276961326599,0.662479043006897,1.3172497749328613
20,0.8564617037773132,0.3457110822200775,0.6390284895896912,0.957023561000824
21,0.8775407671928406,0.30950427055358887,0.6557788848876953,1.1735706329345703
22,0.8255959749221802,0.3928893804550171,0.6532663106918335,1.355828046798706
23,0.8511919975280762,0.3460380733013153,0.6314907670021057,1.2487435340881348
24,0.8800501823425293,0.303768515586853,0.6641541123390198,1.095874547958374
25,0.8720200657844543,0.3017251789569855,0.6767169237136841,1.305349349975586
26,0.8983688950538635,0.2645120918750763,0.6809045076370239,1.290818214416504
27,0.895357608795166,0.27207982540130615,0.6490787267684937,1.6139591932296753
28,0.9003764390945435,0.2587515711784363,0.6532663106918335,1.337007761001587
29,0.9011292457580566,0.2600191831588745,0.660804033279419,1.5224082469940186
