epoch,accuracy,loss,val_accuracy,val_loss
0,0.48506900668144226,1.0093543529510498,0.48241207003593445,0.9610940217971802
1,0.5056461691856384,0.9062216877937317,0.48241207003593445,0.97505122423172
2,0.5116687417030334,0.9012938737869263,0.48241207003593445,0.9094237089157104
3,0.546298623085022,0.8558515906333923,0.5477386713027954,0.8754758834838867
4,0.6102885603904724,0.7404423952102661,0.6105527877807617,0.7437832355499268
5,0.6404014825820923,0.713231086730957,0.5804020166397095,0.8065035343170166
6,0.7099121809005737,0.6131515502929688,0.5762144327163696,0.7255849838256836
7,0.7176913619041443,0.5850372910499573,0.5150753855705261,1.194850206375122
8,0.7405269742012024,0.5505404472351074,0.5477386713027954,0.8882556557655334
9,0.7570890784263611,0.5272835493087769,0.6038525700569153,0.7211432456970215
10,0.7626097798347473,0.5057918429374695,0.6314907670021057,0.8402318954467773
11,0.7726474404335022,0.4782983362674713,0.6281406879425049,0.984528660774231
12,0.8110414147377014,0.4287916421890259,0.5979899764060974,1.8967465162277222
13,0.8130489587783813,0.4421953558921814,0.6105527877807617,1.2565107345581055
14,0.836888313293457,0.3871749937534332,0.6524288058280945,1.612696647644043
15,0.8519448041915894,0.3587680459022522,0.6390284895896912,1.9131699800491333
16,0.8479297161102295,0.38253945112228394,0.6407034993171692,1.5640037059783936
17,0.858971118927002,0.3409026265144348,0.661641538143158,1.9880757331848145
18,0.87176913022995,0.32602861523628235,0.5829145908355713,2.231905698776245
19,0.8805520534515381,0.3008737862110138,0.6591289639472961,1.5462599992752075
20,0.8489335179328918,0.36892765760421753,0.6541038751602173,1.797722339630127
21,0.8870765566825867,0.29163995385169983,0.6758794188499451,1.750783920288086
22,0.8785445690155029,0.2961881160736084,0.6599665284156799,2.237419605255127
23,0.8890840411186218,0.28500697016716003,0.6775544285774231,2.2953238487243652
24,0.8925972580909729,0.2780759930610657,0.6708542704582214,2.856377124786377
25,0.8968632221221924,0.26527678966522217,0.6909547448158264,2.0590572357177734
26,0.8991217017173767,0.25558674335479736,0.660804033279419,2.2710437774658203
27,0.9036386609077454,0.23870404064655304,0.6147403717041016,2.125260591506958
28,0.9151819348335266,0.21795597672462463,0.6490787267684937,3.114694595336914
29,0.9156838059425354,0.2284952998161316,0.6541038751602173,2.9501373767852783
