epoch,accuracy,loss,val_accuracy,val_loss
0,0.5104140639305115,0.9621008038520813,0.48241207003593445,0.9352687001228333
1,0.501380205154419,1.1390646696090698,0.48241207003593445,0.9453567862510681
2,0.513425350189209,0.9311655163764954,0.48241207003593445,0.9452983736991882
3,0.5063989758491516,0.9347553253173828,0.48241207003593445,0.9435622096061707
4,0.5119196772575378,0.9601239562034607,0.48241207003593445,0.9543372988700867
5,0.5051442980766296,1.4231475591659546,0.48241207003593445,0.9713829159736633
6,0.513425350189209,0.9989928007125854,0.48241207003593445,0.9876341819763184
7,0.5136762857437134,0.9962854385375977,0.48241207003593445,0.9864963293075562
8,0.5136762857437134,0.9954214692115784,0.48241207003593445,0.9890474081039429
9,0.5136762857437134,0.9956655502319336,0.48241207003593445,0.9868565797805786
10,0.5136762857437134,0.9947846531867981,0.48241207003593445,0.9853993058204651
11,0.5136762857437134,0.9920859336853027,0.48241207003593445,1.0075076818466187
12,0.5141781568527222,1.0896517038345337,0.48241207003593445,0.9802644848823547
13,0.5136762857437134,0.9985017776489258,0.48241207003593445,0.9869384765625
14,0.5136762857437134,0.9957069158554077,0.48241207003593445,0.9855583906173706
15,0.5106649994850159,1.0045409202575684,0.48241207003593445,0.9851222634315491
16,0.5129234790802002,0.9957963228225708,0.48241207003593445,0.9864793419837952
17,0.5129234790802002,0.9924998879432678,0.48241207003593445,0.9860343933105469
18,0.5136762857437134,0.985154390335083,0.48241207003593445,0.9824897646903992
19,0.5136762857437134,0.9721229672431946,0.48241207003593445,0.9981902241706848
20,0.5069009065628052,2.285451889038086,0.48241207003593445,0.9830976724624634
21,0.5136762857437134,0.9966745376586914,0.48241207003593445,0.9832881093025208
22,0.5136762857437134,0.9959055185317993,0.48241207003593445,0.9839155673980713
23,0.5136762857437134,0.9957590103149414,0.48241207003593445,0.9838352799415588
24,0.5136762857437134,0.9955192804336548,0.48241207003593445,0.9831714630126953
25,0.5136762857437134,0.9952231645584106,0.48241207003593445,0.9836501479148865
