epoch,accuracy,loss,val_accuracy,val_loss
0,0.4870765507221222,62.03683853149414,0.48241207003593445,0.9909340739250183
1,0.5101631283760071,1.0046466588974,0.48241207003593445,0.9848700165748596
2,0.5116687417030334,0.9978846907615662,0.48241207003593445,0.9850379824638367
3,0.513425350189209,0.9970426559448242,0.48241207003593445,0.9818859696388245
4,0.5136762857437134,0.9964880347251892,0.48241207003593445,0.9814838767051697
5,0.5136762857437134,0.9949034452438354,0.48241207003593445,0.9816930294036865
6,0.5136762857437134,0.9948088526725769,0.48241207003593445,0.9818817377090454
7,0.5136762857437134,0.9956364035606384,0.48241207003593445,0.984099268913269
8,0.5136762857437134,0.9948523044586182,0.48241207003593445,0.97857666015625
9,0.5136762857437134,0.994896411895752,0.48241207003593445,0.9869781732559204
10,0.5136762857437134,0.9943661689758301,0.48241207003593445,0.9802916646003723
11,0.5136762857437134,0.9948893189430237,0.48241207003593445,0.9843534231185913
12,0.5136762857437134,0.9945361614227295,0.48241207003593445,0.9829378724098206
13,0.5136762857437134,0.9949842691421509,0.48241207003593445,0.9830795526504517
14,0.5136762857437134,0.9943265914916992,0.48241207003593445,0.9795771241188049
15,0.5136762857437134,0.9934870004653931,0.48241207003593445,0.9840013384819031
16,0.5136762857437134,0.99488365650177,0.48241207003593445,0.9814600348472595
17,0.5136762857437134,0.9946617484092712,0.48241207003593445,0.9859111309051514
18,0.5136762857437134,0.9951388835906982,0.48241207003593445,0.9838157892227173
19,0.5136762857437134,0.9943853616714478,0.48241207003593445,0.9860851168632507
20,0.5136762857437134,0.9937307238578796,0.48241207003593445,0.9809673428535461
21,0.5136762857437134,0.9941461682319641,0.48241207003593445,0.9855378270149231
22,0.5136762857437134,0.9946299195289612,0.48241207003593445,0.9825791120529175
23,0.5136762857437134,0.9945136904716492,0.48241207003593445,0.9847158789634705
24,0.5136762857437134,0.9943186640739441,0.48241207003593445,0.9827054738998413
25,0.5136762857437134,0.9941479563713074,0.48241207003593445,0.9855201244354248
26,0.5136762857437134,0.9938603043556213,0.48241207003593445,0.9807116389274597
27,0.5136762857437134,0.9945363998413086,0.48241207003593445,0.9835491180419922
28,0.5136762857437134,0.9943321347236633,0.48241207003593445,0.9850515723228455
29,0.5136762857437134,0.993934154510498,0.48241207003593445,0.9817495942115784
