epoch,accuracy,loss,val_accuracy,val_loss
0,0.507402777671814,0.9654591679573059,0.48241207003593445,0.9351406097412109
1,0.518193244934082,0.8773030042648315,0.48241207003593445,0.8218448758125305
2,0.6062735319137573,0.7440587282180786,0.5393635034561157,0.8675330877304077
3,0.667754054069519,0.6759918928146362,0.6507537961006165,0.8624839186668396
4,0.7003763914108276,0.5873245596885681,0.5954774022102356,0.7203598618507385
5,0.7319949865341187,0.5370547771453857,0.6180904507637024,0.826840341091156
6,0.7696361541748047,0.4841904044151306,0.6407034993171692,1.0084947347640991
7,0.7854453921318054,0.4660508632659912,0.662479043006897,1.0858829021453857
8,0.8055207133293152,0.42057546973228455,0.6072027087211609,1.9757591485977173
9,0.8022584915161133,0.4355454444885254,0.6599665284156799,1.1373393535614014
10,0.8185696601867676,0.40888914465904236,0.6574539542198181,1.5424436330795288
11,0.8459222316741943,0.3675045967102051,0.6733668446540833,1.7603095769882202
12,0.8409034013748169,0.36685067415237427,0.641541063785553,1.6982890367507935
13,0.8574655055999756,0.3378618359565735,0.624790608882904,1.3674949407577515
14,0.8657465577125549,0.3204692304134369,0.6758794188499451,2.321481943130493
15,0.8707653880119324,0.33040231466293335,0.6549413800239563,1.6202651262283325
16,0.8720200657844543,0.3086322844028473,0.6515913009643555,2.6506128311157227
17,0.8747804164886475,0.30416208505630493,0.661641538143158,2.244112730026245
18,0.8808029890060425,0.2940274477005005,0.6465661525726318,2.9116744995117188
19,0.895357608795166,0.2570376396179199,0.6097152233123779,2.131673574447632
20,0.9038895964622498,0.24038667976856232,0.6448911428451538,2.380303382873535
21,0.9056461453437805,0.24742655456066132,0.6557788848876953,2.7161130905151367
