epoch,accuracy,loss,val_accuracy,val_loss
0,0.5056461691856384,17.875030517578125,0.48241207003593445,0.9889528155326843
1,0.5131744146347046,0.9973657727241516,0.48241207003593445,0.9756214022636414
2,0.5136762857437134,0.9955933094024658,0.48241207003593445,0.9901658892631531
3,0.5136762857437134,0.9953869581222534,0.48241207003593445,0.9818589687347412
4,0.5136762857437134,0.9951673746109009,0.48241207003593445,0.9761595726013184
5,0.5136762857437134,0.9955248832702637,0.48241207003593445,0.9778205156326294
6,0.5136762857437134,0.9956218600273132,0.48241207003593445,0.9878259897232056
7,0.5136762857437134,0.9953572750091553,0.48241207003593445,0.9776800274848938
8,0.5136762857437134,0.994573175907135,0.48241207003593445,0.9910799860954285
9,0.5136762857437134,0.9953204989433289,0.48241207003593445,0.9863102436065674
10,0.5136762857437134,0.995008111000061,0.48241207003593445,0.9780498147010803
11,0.5136762857437134,0.9945271611213684,0.48241207003593445,0.9766011238098145
12,0.5136762857437134,0.9952224493026733,0.48241207003593445,0.987920343875885
13,0.5136762857437134,0.9951418042182922,0.48241207003593445,0.9884443283081055
14,0.5136762857437134,0.9950329661369324,0.48241207003593445,0.9900074005126953
15,0.5136762857437134,0.9949264526367188,0.48241207003593445,0.9822582006454468
16,0.5136762857437134,0.9949841499328613,0.48241207003593445,0.9841082692146301
17,0.5136762857437134,0.9954513311386108,0.48241207003593445,0.9872260689735413
18,0.5136762857437134,0.9951837658882141,0.48241207003593445,0.9884287714958191
19,0.5136762857437134,0.9953170418739319,0.48241207003593445,0.9821904897689819
20,0.5136762857437134,0.9951684474945068,0.48241207003593445,0.9806792736053467
21,0.5136762857437134,0.9953168630599976,0.48241207003593445,0.9819532036781311
22,0.5136762857437134,0.9945468306541443,0.48241207003593445,0.9933663010597229
23,0.5136762857437134,0.994877815246582,0.48241207003593445,0.9807916879653931
24,0.5136762857437134,0.9950049519538879,0.48241207003593445,0.9922745823860168
25,0.5136762857437134,0.9952757358551025,0.48241207003593445,0.9864439368247986
26,0.5136762857437134,0.9952404499053955,0.48241207003593445,0.9786385297775269
