epoch,accuracy,loss,val_accuracy,val_loss
0,0.505395233631134,2.614799737930298,0.48241207003593445,0.9824586510658264
1,0.5136762857437134,0.9972453713417053,0.48241207003593445,0.9774292707443237
2,0.5136762857437134,0.9959420561790466,0.48241207003593445,0.9863588809967041
3,0.5136762857437134,0.9962713122367859,0.48241207003593445,0.9808762669563293
4,0.5136762857437134,0.9953701496124268,0.48241207003593445,0.9784318208694458
5,0.5136762857437134,0.9948484301567078,0.48241207003593445,0.9767124056816101
6,0.5136762857437134,0.9954643249511719,0.48241207003593445,0.9841580390930176
7,0.5136762857437134,0.9957239627838135,0.48241207003593445,0.9880961179733276
8,0.5136762857437134,0.9945876598358154,0.48241207003593445,0.990528404712677
9,0.5136762857437134,0.9948802590370178,0.48241207003593445,0.9841288328170776
10,0.5136762857437134,0.9943179488182068,0.48241207003593445,0.979995608329773
11,0.5136762857437134,0.995133101940155,0.48241207003593445,0.9973734617233276
12,0.5136762857437134,0.9955634474754333,0.48241207003593445,0.9890103936195374
13,0.5136762857437134,0.9951931834220886,0.48241207003593445,0.9855435490608215
14,0.5136762857437134,0.9944608211517334,0.48241207003593445,0.9783031940460205
15,0.5136762857437134,0.9955233335494995,0.48241207003593445,0.9865139722824097
16,0.5136762857437134,0.9946061968803406,0.48241207003593445,0.9952380061149597
17,0.5136762857437134,0.9954271912574768,0.48241207003593445,0.9825678467750549
18,0.5136762857437134,0.9945538640022278,0.48241207003593445,0.9880890250205994
19,0.5136762857437134,0.9955661296844482,0.48241207003593445,0.9814410209655762
20,0.5136762857437134,0.9949963092803955,0.48241207003593445,0.9936895370483398
21,0.5136762857437134,0.9949650168418884,0.48241207003593445,0.9871525764465332
22,0.5136762857437134,0.9953566789627075,0.48241207003593445,0.9904110431671143
23,0.5136762857437134,0.9954126477241516,0.48241207003593445,0.9868730306625366
24,0.5136762857437134,0.995219886302948,0.48241207003593445,0.9834057688713074
25,0.5136762857437134,0.9951613545417786,0.48241207003593445,0.9782194495201111
26,0.5136762857437134,0.9953308701515198,0.48241207003593445,0.9820233583450317
27,0.5136762857437134,0.9952198266983032,0.48241207003593445,0.9849536418914795
28,0.5136762857437134,0.9951920509338379,0.48241207003593445,0.986588716506958
29,0.5136762857437134,0.9952130913734436,0.48241207003593445,0.9851734638214111
