epoch,accuracy,loss,val_accuracy,val_loss
0,0.5043914914131165,1.1701561212539673,0.48241207003593445,0.953829824924469
1,0.506649911403656,0.9863173365592957,0.48241207003593445,0.9535466432571411
2,0.507402777671814,1.0761065483093262,0.48241207003593445,0.9740288853645325
3,0.513425350189209,1.0034281015396118,0.48241207003593445,0.9772197008132935
4,0.5096612572669983,1.0489451885223389,0.5041875839233398,0.9989120960235596
5,0.5121706128120422,1.0013363361358643,0.48241207003593445,0.975098192691803
6,0.506649911403656,1.0861629247665405,0.48241207003593445,0.9841564297676086
7,0.5126725435256958,0.9975522756576538,0.48241207003593445,0.9828798770904541
8,0.5136762857437134,0.9964891076087952,0.48241207003593445,0.9809074401855469
9,0.5136762857437134,0.9948440790176392,0.48241207003593445,0.9822726845741272
10,0.5136762857437134,0.9962747097015381,0.48241207003593445,0.9855482578277588
11,0.5136762857437134,0.9956322312355042,0.48241207003593445,0.9852306246757507
12,0.5126725435256958,0.9967543482780457,0.48241207003593445,0.9870635271072388
13,0.511417806148529,0.9973853826522827,0.48241207003593445,0.9934256672859192
14,0.5136762857437134,0.9953814744949341,0.48241207003593445,0.9800543785095215
15,0.5136762857437134,0.9944204092025757,0.48241207003593445,0.9841490387916565
16,0.5136762857437134,0.9943350553512573,0.48241207003593445,0.9794065356254578
17,0.5136762857437134,0.9956130385398865,0.48241207003593445,0.9831591248512268
18,0.5136762857437134,0.9952594637870789,0.48241207003593445,0.9817193150520325
19,0.5136762857437134,0.994993269443512,0.48241207003593445,0.9868790507316589
20,0.5136762857437134,0.9943944811820984,0.48241207003593445,0.978900671005249
21,0.5136762857437134,0.9955410957336426,0.48241207003593445,0.9822472333908081
22,0.5136762857437134,0.994510293006897,0.48241207003593445,0.9861477613449097
23,0.5136762857437134,0.995208740234375,0.48241207003593445,0.9827632308006287
24,0.5136762857437134,0.9960421323776245,0.48241207003593445,0.9826794862747192
25,0.5136762857437134,0.9945648908615112,0.48241207003593445,0.9802213311195374
26,0.5136762857437134,0.9943603873252869,0.48241207003593445,0.983062207698822
