epoch,accuracy,loss,val_accuracy,val_loss
0,0.5086574554443359,1.0173355340957642,0.48241207003593445,0.9602065086364746
1,0.5156838297843933,0.9699706435203552,0.48241207003593445,0.9952029585838318
2,0.5846925973892212,0.8371871113777161,0.5418760180473328,0.8770913481712341
3,0.6695106625556946,0.6998009085655212,0.6189279556274414,0.8478544354438782
4,0.7106649875640869,0.5997040867805481,0.6139028668403625,0.889618456363678
5,0.748306155204773,0.5486434102058411,0.6222780346870422,0.9872606992721558
6,0.7317440509796143,0.5484184622764587,0.5837520956993103,0.9440829157829285
7,0.7432873249053955,0.5265333652496338,0.6691792011260986,0.910739004611969
8,0.7500627636909485,0.5105376243591309,0.5946398377418518,1.109618902206421
9,0.759096622467041,0.4949435889720917,0.623953104019165,1.0473707914352417
10,0.7826850414276123,0.457271933555603,0.6197655200958252,1.3252381086349487
11,0.783939778804779,0.4531092047691345,0.6021775603294373,1.0714675188064575
12,0.8030112981796265,0.42486169934272766,0.6172529458999634,1.3214316368103027
13,0.8218318819999695,0.4071434438228607,0.6306532621383667,1.482096552848816
14,0.8386449217796326,0.3607824146747589,0.6407034993171692,1.759332537651062
15,0.8178167939186096,0.4028504192829132,0.6365159153938293,1.4159116744995117
16,0.8245922327041626,0.38975435495376587,0.6289782524108887,1.211901068687439
17,0.8459222316741943,0.3598885238170624,0.661641538143158,1.55588960647583
18,0.8622334003448486,0.3296011686325073,0.6373534202575684,1.4754881858825684
19,0.8464241027832031,0.35545533895492554,0.6499162316322327,1.8413552045822144
20,0.8619824051856995,0.3198658227920532,0.6482412219047546,1.846616506576538
21,0.8782935738563538,0.28835904598236084,0.6398659944534302,1.74500572681427
22,0.8830614686012268,0.2859772741794586,0.6541038751602173,2.390498638153076
23,0.8690087795257568,0.30791202187538147,0.6524288058280945,1.5347901582717896
24,0.8737766742706299,0.307416170835495,0.6072027087211609,2.226755380630493
25,0.8860727548599243,0.26968690752983093,0.660804033279419,2.366467237472534
26,0.8604767918586731,0.3172406554222107,0.6825795769691467,2.1036813259124756
27,0.87176913022995,0.28917747735977173,0.6733668446540833,2.158773899078369
28,0.9076536893844604,0.22934888303279877,0.6557788848876953,2.092620372772217
