epoch,accuracy,loss,val_accuracy,val_loss
0,0.5011292099952698,24.473609924316406,0.48241207003593445,0.9782314300537109
1,0.5136762857437134,0.9981974959373474,0.48241207003593445,0.9858542680740356
2,0.5136762857437134,0.9964893460273743,0.48241207003593445,0.9754759073257446
3,0.5136762857437134,0.995582103729248,0.48241207003593445,0.9822524785995483
4,0.5136762857437134,0.9945951104164124,0.48241207003593445,0.9855855703353882
5,0.5136762857437134,0.9945010542869568,0.48241207003593445,0.9847420454025269
6,0.5136762857437134,0.9947763681411743,0.48241207003593445,0.9858538508415222
7,0.5136762857437134,0.9948969483375549,0.48241207003593445,0.9809082746505737
8,0.5136762857437134,0.994389533996582,0.48241207003593445,0.9782105684280396
9,0.5136762857437134,0.9947659373283386,0.48241207003593445,0.9843906164169312
10,0.5136762857437134,0.9947417974472046,0.48241207003593445,0.9876896142959595
11,0.5136762857437134,0.9948090314865112,0.48241207003593445,0.9838732481002808
12,0.5136762857437134,0.9942487478256226,0.48241207003593445,0.9823488593101501
13,0.5136762857437134,0.9945895075798035,0.48241207003593445,0.9904823899269104
14,0.5136762857437134,0.9941337704658508,0.48241207003593445,0.9857670664787292
15,0.5136762857437134,0.9950540661811829,0.48241207003593445,0.9839560389518738
16,0.5136762857437134,0.9944334626197815,0.48241207003593445,0.9809625744819641
17,0.5136762857437134,0.9947226047515869,0.48241207003593445,0.9806662797927856
18,0.5136762857437134,0.9947304129600525,0.48241207003593445,0.9803581237792969
19,0.5136762857437134,0.9944542050361633,0.48241207003593445,0.9818512797355652
20,0.5136762857437134,0.995014488697052,0.48241207003593445,0.9845090508460999
21,0.5136762857437134,0.9951783418655396,0.48241207003593445,0.9799124002456665
22,0.5136762857437134,0.9946461319923401,0.48241207003593445,0.9844147562980652
23,0.5136762857437134,0.9946618676185608,0.48241207003593445,0.9878674149513245
24,0.5136762857437134,0.9949967265129089,0.48241207003593445,0.98014897108078
25,0.5136762857437134,0.9948757886886597,0.48241207003593445,0.9839206337928772
26,0.5136762857437134,0.9943889379501343,0.48241207003593445,0.9833764433860779
27,0.5136762857437134,0.9947987794876099,0.48241207003593445,0.9831713438034058
