epoch,accuracy,loss,val_accuracy,val_loss
0,0.4780426621437073,13.764261245727539,0.48241207003593445,0.9973586201667786
1,0.5101631283760071,1.0372605323791504,0.48241207003593445,0.985274076461792
2,0.5136762857437134,0.9960756301879883,0.48241207003593445,0.985150158405304
3,0.5136762857437134,0.996313750743866,0.48241207003593445,0.9814354181289673
4,0.5136762857437134,0.9941403269767761,0.48241207003593445,0.9790070652961731
5,0.5136762857437134,0.9944745302200317,0.48241207003593445,0.9951110482215881
6,0.5136762857437134,0.9952345490455627,0.48241207003593445,0.9874277710914612
7,0.5136762857437134,0.994947075843811,0.48241207003593445,0.9837977886199951
8,0.5136762857437134,0.9943098425865173,0.48241207003593445,0.982453465461731
9,0.5136762857437134,0.9942255616188049,0.48241207003593445,0.9814145565032959
10,0.5136762857437134,0.9949449300765991,0.48241207003593445,0.9844147562980652
11,0.5136762857437134,0.9947143197059631,0.48241207003593445,0.9792416095733643
12,0.5136762857437134,0.9943942427635193,0.48241207003593445,0.9840279817581177
13,0.5136762857437134,0.9952813386917114,0.48241207003593445,0.9846956133842468
14,0.5136762857437134,0.9948562383651733,0.48241207003593445,0.9840334057807922
15,0.5136762857437134,0.9943767189979553,0.48241207003593445,0.9855533838272095
16,0.5136762857437134,0.9943835735321045,0.48241207003593445,0.9841750264167786
17,0.5136762857437134,0.994361162185669,0.48241207003593445,0.989349901676178
18,0.5136762857437134,0.9944486618041992,0.48241207003593445,0.9823238253593445
19,0.5136762857437134,0.9943892955780029,0.48241207003593445,0.9813549518585205
20,0.5136762857437134,0.9939920902252197,0.48241207003593445,0.9916136264801025
21,0.5136762857437134,0.9947313070297241,0.48241207003593445,0.9809772968292236
22,0.5136762857437134,0.9947105646133423,0.48241207003593445,0.9825571179389954
23,0.5136762857437134,0.994215190410614,0.48241207003593445,0.9793303608894348
24,0.5136762857437134,0.9940705299377441,0.48241207003593445,0.9858935475349426
25,0.5136762857437134,0.9943311214447021,0.48241207003593445,0.9814740419387817
26,0.5136762857437134,0.994731068611145,0.48241207003593445,0.9808662533760071
27,0.5136762857437134,0.994672417640686,0.48241207003593445,0.9838711619377136
28,0.5136762857437134,0.9946021437644958,0.48241207003593445,0.9813252091407776
29,0.5136762857437134,0.99458247423172,0.48241207003593445,0.9831176996231079
