epoch,accuracy,loss,val_accuracy,val_loss
0,0.4905897080898285,1.02114737033844,0.48241207003593445,0.9881058931350708
1,0.5141781568527222,0.9257352352142334,0.6222780346870422,0.907688558101654
2,0.5696361064910889,0.8048778772354126,0.5242881178855896,0.8510124683380127
3,0.6072772741317749,0.7393620610237122,0.5477386713027954,0.8304237127304077
4,0.7023839354515076,0.6549847722053528,0.5460636615753174,0.7901528477668762
5,0.7058970928192139,0.6287084221839905,0.590452253818512,0.9221943616867065
6,0.7638645172119141,0.5348337292671204,0.589614748954773,0.9251149892807007
7,0.7688832879066467,0.5154393911361694,0.5845896005630493,1.0040111541748047
8,0.7801756858825684,0.5086256265640259,0.5929648280143738,1.0096940994262695
9,0.7821831703186035,0.48140379786491394,0.5770519375801086,1.0784046649932861
10,0.7907151579856873,0.45981869101524353,0.6407034993171692,1.0767083168029785
11,0.7864491939544678,0.4694385826587677,0.6189279556274414,1.425969123840332
12,0.8017565608024597,0.4446195363998413,0.6046901345252991,1.2320218086242676
13,0.8210790753364563,0.40804412961006165,0.6281406879425049,1.193665862083435
14,0.8396486639976501,0.3812600076198578,0.6172529458999634,1.5545889139175415
15,0.8271016478538513,0.4015304744243622,0.6683416962623596,1.4965300559997559
16,0.7816812992095947,0.45358532667160034,0.6675041913986206,1.29969322681427
17,0.8604767918586731,0.3420318067073822,0.6490787267684937,1.677918791770935
18,0.8569636344909668,0.3436753451824188,0.6716917753219604,1.5711063146591187
19,0.8715181946754456,0.336172491312027,0.6515913009643555,1.6733746528625488
20,0.8582183122634888,0.35448917746543884,0.6507537961006165,1.743296504020691
21,0.8787955045700073,0.29943540692329407,0.6574539542198181,1.8190228939056396
22,0.8654956221580505,0.32741063833236694,0.6733668446540833,1.7758715152740479
23,0.8742785453796387,0.3099766969680786,0.6683416962623596,1.9732273817062378
24,0.8840652704238892,0.28244340419769287,0.6683416962623596,1.9337458610534668
25,0.8956085443496704,0.25858408212661743,0.6490787267684937,2.187074899673462
26,0.9053952097892761,0.2465236783027649,0.6691792011260986,1.9869165420532227
27,0.8971141576766968,0.2654801607131958,0.660804033279419,2.617964267730713
28,0.8991217017173767,0.25003522634506226,0.6884422302246094,2.5878119468688965
29,0.9146800637245178,0.20761984586715698,0.6633166074752808,2.7631936073303223
