epoch,accuracy,loss,val_accuracy,val_loss
0,0.5058971047401428,23.091228485107422,0.48241207003593445,0.9835476279258728
1,0.5131744146347046,0.9965358376502991,0.48241207003593445,0.9807496666908264
2,0.5136762857437134,0.9960920214653015,0.48241207003593445,0.9825266599655151
3,0.5136762857437134,0.995782196521759,0.48241207003593445,0.9860237836837769
4,0.5136762857437134,0.9946983456611633,0.48241207003593445,0.9771482944488525
5,0.5136762857437134,0.9965713620185852,0.48241207003593445,0.9833754301071167
6,0.5136762857437134,0.995189905166626,0.48241207003593445,0.9853430986404419
7,0.5136762857437134,0.9945405721664429,0.48241207003593445,0.9904993772506714
8,0.5136762857437134,0.9952293038368225,0.48241207003593445,0.9811131358146667
9,0.5136762857437134,0.9947093725204468,0.48241207003593445,0.9873616099357605
10,0.5136762857437134,0.9947689771652222,0.48241207003593445,0.9873114228248596
11,0.5136762857437134,0.9946109652519226,0.48241207003593445,0.981604814529419
12,0.5136762857437134,0.9941443800926208,0.48241207003593445,0.9876075387001038
13,0.5136762857437134,0.9948157668113708,0.48241207003593445,0.9828923940658569
14,0.5136762857437134,0.9946471452713013,0.48241207003593445,0.9826538562774658
15,0.5136762857437134,0.994483470916748,0.48241207003593445,0.9863071441650391
16,0.5136762857437134,0.9954186677932739,0.48241207003593445,0.9825122356414795
17,0.5136762857437134,0.994553804397583,0.48241207003593445,0.9815497994422913
18,0.5136762857437134,0.9947271347045898,0.48241207003593445,0.9892862439155579
19,0.5136762857437134,0.9948079586029053,0.48241207003593445,0.9830789566040039
20,0.5136762857437134,0.9947690963745117,0.48241207003593445,0.9859036207199097
21,0.5136762857437134,0.9946645498275757,0.48241207003593445,0.9827590584754944
22,0.5136762857437134,0.995815098285675,0.48241207003593445,0.9837919473648071
23,0.5136762857437134,0.9947760701179504,0.48241207003593445,0.9839670658111572
24,0.5136762857437134,0.995026707649231,0.48241207003593445,0.9827853441238403
25,0.5136762857437134,0.9951863288879395,0.48241207003593445,0.9853224158287048
26,0.5136762857437134,0.9945696592330933,0.48241207003593445,0.987025260925293
27,0.5136762857437134,0.9950268864631653,0.48241207003593445,0.9783617854118347
28,0.5136762857437134,0.9945995807647705,0.48241207003593445,0.9901064038276672
29,0.5136762857437134,0.9950945377349854,0.48241207003593445,0.9819251298904419
