epoch,accuracy,loss,val_accuracy,val_loss
0,0.5119196772575378,0.9912614822387695,0.48241207003593445,0.973902702331543
1,0.5621079206466675,0.8023367524147034,0.5293132066726685,0.8526366949081421
2,0.6539523005485535,0.702436625957489,0.5025125741958618,0.9575196504592896
3,0.7254705429077148,0.586637020111084,0.590452253818512,0.8524386882781982
4,0.7460476756095886,0.5342078804969788,0.6189279556274414,0.9808286428451538
5,0.7668758034706116,0.5131170749664307,0.6113902926445007,1.23030686378479
6,0.7784190773963928,0.48208871483802795,0.641541063785553,1.1462405920028687
7,0.8005018830299377,0.4368305206298828,0.5402010083198547,1.555866003036499
8,0.804767906665802,0.44356387853622437,0.5871021747589111,1.1919046640396118
9,0.8140527009963989,0.4153859615325928,0.6038525700569153,1.3053690195083618
10,0.8338770270347595,0.3847463130950928,0.6725293397903442,1.6303297281265259
11,0.849686324596405,0.36232706904411316,0.6180904507637024,1.734778881072998
12,0.8471769094467163,0.3518524169921875,0.6256281137466431,1.8605173826217651
13,0.8506900668144226,0.3410227298736572,0.5946398377418518,1.8403022289276123
14,0.8690087795257568,0.3140532076358795,0.6365159153938293,1.9041762351989746
15,0.8690087795257568,0.31914225220680237,0.6172529458999634,2.166055202484131
16,0.8853199481964111,0.29057779908180237,0.6348408460617065,1.8167953491210938
17,0.8795483112335205,0.2968946397304535,0.661641538143158,2.108328104019165
18,0.8925972580909729,0.2697296738624573,0.6323283314704895,2.38580322265625
19,0.8855708837509155,0.28612926602363586,0.6390284895896912,2.400848388671875
20,0.8865746259689331,0.2746787667274475,0.6072027087211609,2.327502727508545
21,0.8770388960838318,0.2919502854347229,0.6306532621383667,2.2159550189971924
22,0.903387725353241,0.24399204552173615,0.6708542704582214,2.751213788986206
23,0.9053952097892761,0.23205049335956573,0.6515913009643555,2.2710556983947754
24,0.903387725353241,0.23569625616073608,0.6273031830787659,2.0988833904266357
25,0.903387725353241,0.23269663751125336,0.6825795769691467,3.18184757232666
26,0.9151819348335266,0.20749473571777344,0.6700167655944824,3.2819342613220215
27,0.9181932210922241,0.19805949926376343,0.6490787267684937,3.3270015716552734
28,0.9119197130203247,0.21238036453723907,0.6867671608924866,3.162243127822876
