epoch,accuracy,loss,val_accuracy,val_loss
0,0.5124216079711914,0.9742056131362915,0.48241207003593445,1.0749465227127075
1,0.5380175709724426,0.8372763991355896,0.46063652634620667,0.9151161313056946
2,0.6250941157341003,0.7279665470123291,0.5402010083198547,0.900898814201355
3,0.6795483231544495,0.6257062554359436,0.5544388890266418,1.2493103742599487
4,0.7081555724143982,0.5911995768547058,0.5854271650314331,1.1350741386413574
5,0.7222082614898682,0.5672168731689453,0.6323283314704895,1.1793941259384155
6,0.7397741675376892,0.5220960378646851,0.5636515617370605,1.6144157648086548
7,0.7420326471328735,0.5191734433174133,0.6566163897514343,1.490249752998352
8,0.753074049949646,0.497445285320282,0.5996649861335754,1.5541985034942627
9,0.7661229372024536,0.4774024188518524,0.6155778765678406,1.7709085941314697
10,0.7678795456886292,0.4657348096370697,0.6164153814315796,1.8536914587020874
11,0.785947322845459,0.447039395570755,0.5678392052650452,2.483163356781006
12,0.7831869721412659,0.4415627717971802,0.6206030249595642,1.8942135572433472
13,0.7934755086898804,0.4348706305027008,0.5837520956993103,1.970514178276062
14,0.7969887256622314,0.42674359679222107,0.6365159153938293,2.3652455806732178
15,0.8025094270706177,0.4105353355407715,0.5954774022102356,2.918123483657837
16,0.8090338706970215,0.395256370306015,0.6482412219047546,2.491391897201538
17,0.8080301284790039,0.3931684195995331,0.6700167655944824,2.5440673828125
18,0.8303638696670532,0.36638835072517395,0.6281406879425049,2.7955880165100098
