epoch,accuracy,loss,lr,val_accuracy,val_loss
0,0.503250241279602,0.9458139538764954,0.001,0.5141509175300598,1.0515832901000977
1,0.5070422291755676,0.9091604948043823,0.001,0.5141509175300598,1.0190354585647583
2,0.5243770480155945,0.8965455293655396,0.001,0.5141509175300598,1.0113011598587036
3,0.5184181928634644,0.8678643107414246,0.001,0.276729553937912,1.1022700071334839
4,0.5509209036827087,0.8295601010322571,0.001,0.4229559600353241,0.9237818717956543
5,0.6213434338569641,0.7571056485176086,0.001,0.3066037595272064,1.3491578102111816
6,0.7118093371391296,0.6314912438392639,0.001,0.38679245114326477,1.5553956031799316
7,0.7453954219818115,0.553294837474823,0.001,0.33805030584335327,1.7367886304855347
8,0.8196099400520325,0.49695393443107605,0.001,0.3977987468242645,1.8302549123764038
9,0.8618634939193726,0.3908151388168335,0.001,0.4449685513973236,2.2112863063812256
10,0.9089924097061157,0.2402992844581604,0.001,0.48899370431900024,2.40926194190979
11,0.9317443370819092,0.1781318634748459,0.001,0.46069180965423584,2.6649363040924072
12,0.9214518070220947,0.222710520029068,0.001,0.41194969415664673,2.578167200088501
13,0.9371614456176758,0.16063162684440613,0.001,0.4040880501270294,3.266341209411621
14,0.9295774698257446,0.1859404295682907,0.001,0.3411949574947357,3.625680685043335
15,0.9452871084213257,0.133911594748497,0.0003,0.4166666567325592,3.0264251232147217
16,0.9642470479011536,0.08475314825773239,0.0003,0.4245283007621765,3.262601375579834
17,0.9669556021690369,0.07197588682174683,0.0003,0.4371069073677063,3.473037004470825
18,0.9507042169570923,0.11238016933202744,0.0003,0.4779874086380005,3.255276679992676
19,0.9664138555526733,0.07299554347991943,0.0003,0.4937106966972351,3.4536616802215576
20,0.976164698600769,0.06463262438774109,0.0003,0.45440250635147095,3.9942877292633057
21,0.960455060005188,0.09735371917486191,0.0003,0.3962264060974121,3.615107297897339
22,0.9544962048530579,0.09440162777900696,0.0003,0.4858490526676178,3.230727195739746
23,0.976164698600769,0.05621229484677315,0.0003,0.4795597493648529,3.2908339500427246
24,0.9712892770767212,0.06172265484929085,0.0003,0.4575471580028534,3.9229867458343506
25,0.9788732528686523,0.05755963921546936,9e-05,0.4779874086380005,3.426973819732666
26,0.9804983735084534,0.04243798553943634,9e-05,0.4811320900917053,3.39648175239563
27,0.984290361404419,0.040276747196912766,9e-05,0.4795597493648529,3.3425021171569824
28,0.9848320484161377,0.040578167885541916,9e-05,0.473270446062088,3.564624786376953
29,0.9848320484161377,0.037181854248046875,9e-05,0.48270440101623535,3.5185370445251465
30,0.987540602684021,0.034933969378471375,9e-05,0.4874213933944702,3.693814992904663
31,0.9864572286605835,0.03494833782315254,9e-05,0.4811320900917053,3.60901141166687
32,0.987540602684021,0.03311943635344505,9e-05,0.48270440101623535,3.6239302158355713
33,0.9897074699401855,0.028601424768567085,9e-05,0.4779874086380005,3.868319511413574
34,0.9897074699401855,0.02860424853861332,9e-05,0.48270440101623535,3.6669015884399414
35,0.9907909035682678,0.02679966576397419,2.7e-05,0.4779874086380005,3.775994062423706
36,0.9913325905799866,0.026571718975901604,2.7e-05,0.4779874086380005,3.75478458404541
37,0.9924160242080688,0.022877000272274017,2.7e-05,0.47641509771347046,3.843266010284424
38,0.9907909035682678,0.02542499452829361,2.7e-05,0.4795597493648529,3.8152263164520264
39,0.9934994578361511,0.02145988866686821,2.7e-05,0.47641509771347046,3.7965025901794434
40,0.9951245784759521,0.021401766687631607,2.7e-05,0.4811320900917053,3.7278831005096436
41,0.9934994578361511,0.02197869122028351,2.7e-05,0.4779874086380005,3.8547348976135254
42,0.9940411448478699,0.020336881279945374,2.7e-05,0.4795597493648529,3.7856507301330566
43,0.9918743371963501,0.02022884041070938,2.7e-05,0.47484275698661804,3.859492063522339
44,0.9962080121040344,0.01976095139980316,2.7e-05,0.47641509771347046,3.916477918624878
45,0.9945828914642334,0.01935381069779396,8.1e-06,0.47641509771347046,3.9011874198913574
46,0.9940411448478699,0.018251849338412285,8.1e-06,0.47641509771347046,3.8879804611206055
47,0.9934994578361511,0.020342905074357986,8.1e-06,0.47484275698661804,3.9101133346557617
48,0.9934994578361511,0.01923030987381935,8.1e-06,0.47641509771347046,3.8833346366882324
49,0.9951245784759521,0.019232414662837982,8.1e-06,0.47484275698661804,3.967320203781128
