epoch,accuracy,loss,lr,val_accuracy,val_loss
0,0.5059588551521301,0.9767262935638428,0.001,0.5141509175300598,0.9734680652618408
1,0.5368363857269287,0.8728653192520142,0.001,0.3616352081298828,0.9922420978546143
2,0.5081256628036499,0.896766185760498,0.001,0.38522014021873474,0.994342565536499
3,0.5866739153862,0.8073778748512268,0.001,0.4150943458080292,1.1301504373550415
4,0.6771397590637207,0.6672231554985046,0.001,0.44968554377555847,1.4842687845230103
5,0.7351029515266418,0.5730298161506653,0.001,0.223270446062088,3.098180055618286
6,0.7221018671989441,0.6148688197135925,0.001,0.2924528419971466,2.546492576599121
7,0.768147349357605,0.5063518285751343,0.001,0.38522014021873474,2.545416831970215
8,0.8136511445045471,0.4429175555706024,0.001,0.22641509771347046,3.2665140628814697
9,0.8326110243797302,0.4060615599155426,0.001,0.32389935851097107,2.8274216651916504
10,0.8114842772483826,0.43356090784072876,0.001,0.1808176040649414,3.5275540351867676
11,0.8775731325149536,0.3178611695766449,0.0003,0.3254716992378235,2.7462892532348633
12,0.895991325378418,0.2604718804359436,0.0003,0.25,3.396613836288452
13,0.911700963973999,0.22645895183086395,0.0003,0.24528302252292633,3.7686705589294434
14,0.9295774698257446,0.17562952637672424,0.0003,0.32861635088920593,3.5623881816864014
15,0.9539545178413391,0.123179130256176,0.0003,0.3191823959350586,4.003159999847412
16,0.9550378918647766,0.10966456681489944,0.0003,0.29559749364852905,3.615756034851074
17,0.9664138555526733,0.09887657314538956,0.0003,0.34433960914611816,3.660552501678467
18,0.9691224098205566,0.08491481095552444,0.0003,0.38679245114326477,3.7991251945495605
19,0.9572047591209412,0.10493075102567673,0.0003,0.33018869161605835,3.605193853378296
20,0.9723727107048035,0.06971094012260437,0.0003,0.36477985978126526,3.693531036376953
21,0.9788732528686523,0.057849377393722534,9e-05,0.3537735939025879,4.015208721160889
22,0.9794149398803711,0.05411037802696228,9e-05,0.3537735939025879,3.9961187839508057
23,0.9804983735084534,0.05080648139119148,9e-05,0.3459119498729706,4.130954265594482
24,0.9788732528686523,0.05022529885172844,9e-05,0.3537735939025879,4.1723246574401855
25,0.9783315062522888,0.055141061544418335,9e-05,0.347484290599823,4.526093006134033
26,0.984290361404419,0.04666971042752266,9e-05,0.35849055647850037,4.21893310546875
27,0.9826652407646179,0.04888869822025299,9e-05,0.33647799491882324,4.569551467895508
28,0.98591548204422,0.04106621444225311,9e-05,0.3537735939025879,4.473921298980713
29,0.98591548204422,0.040331024676561356,9e-05,0.35691824555397034,4.450283050537109
30,0.9821234941482544,0.04924939572811127,9e-05,0.3113207519054413,4.479648590087891
31,0.984290361404419,0.03792283311486244,2.7e-05,0.349056601524353,4.491635799407959
32,0.9848320484161377,0.03649589419364929,2.7e-05,0.34276729822158813,4.625155448913574
33,0.9848320484161377,0.03575409948825836,2.7e-05,0.34433960914611816,4.619259834289551
34,0.9864572286605835,0.03354340419173241,2.7e-05,0.3459119498729706,4.642772197723389
35,0.9886240363121033,0.030446823686361313,2.7e-05,0.34276729822158813,4.8667473793029785
36,0.987540602684021,0.030833778902888298,2.7e-05,0.3396226465702057,4.921642780303955
37,0.9891657829284668,0.029949156567454338,2.7e-05,0.3459119498729706,4.754735469818115
38,0.9891657829284668,0.029985416680574417,2.7e-05,0.33018869161605835,5.105056285858154
39,0.9880823493003845,0.03445827215909958,2.7e-05,0.3349056541919708,4.91621732711792
40,0.987540602684021,0.030712338164448738,2.7e-05,0.33647799491882324,4.912803649902344
41,0.9891657829284668,0.030122362077236176,8.1e-06,0.33647799491882324,4.965837478637695
42,0.9869989156723022,0.028833026066422462,8.1e-06,0.3396226465702057,4.931807994842529
43,0.9886240363121033,0.02787104807794094,8.1e-06,0.33805030584335327,4.906068801879883
44,0.9891657829284668,0.029055889695882797,8.1e-06,0.33647799491882324,4.940580368041992
45,0.9880823493003845,0.02770090475678444,8.1e-06,0.3411949574947357,4.916689872741699
46,0.9907909035682678,0.026408879086375237,8.1e-06,0.33647799491882324,5.005208492279053
47,0.9886240363121033,0.028676342219114304,8.1e-06,0.33647799491882324,5.020936965942383
48,0.9907909035682678,0.02623184584081173,8.1e-06,0.33647799491882324,4.965419292449951
49,0.9902492165565491,0.02700846642255783,8.1e-06,0.33647799491882324,4.99161434173584
