epoch,accuracy,loss,lr,val_accuracy,val_loss
0,0.5043336749076843,1.019948959350586,0.001,0.5141509175300598,1.0412415266036987
1,0.5092090964317322,0.9130083918571472,0.001,0.5141509175300598,0.9546434879302979
2,0.55037921667099,0.8546774387359619,0.001,0.30974844098091125,1.0726258754730225
3,0.641928493976593,0.7472147345542908,0.001,0.14465409517288208,2.1257355213165283
4,0.6749728918075562,0.680406391620636,0.001,0.26100629568099976,2.8840763568878174
5,0.783856987953186,0.49961233139038086,0.001,0.3207547068595886,3.717287063598633
6,0.8282773494720459,0.42360275983810425,0.001,0.39308175444602966,2.583098888397217
7,0.835861325263977,0.4156443178653717,0.001,0.42610064148902893,1.4068183898925781
8,0.8759480118751526,0.3049863576889038,0.001,0.28144654631614685,3.4412734508514404
9,0.8754062652587891,0.3220568001270294,0.001,0.4229559600353241,2.0351548194885254
10,0.9160346984863281,0.24628885090351105,0.001,0.400943398475647,2.174403190612793
11,0.9024918675422668,0.2330716997385025,0.001,0.347484290599823,3.416320323944092
12,0.9561213254928589,0.10438129305839539,0.0003,0.36320754885673523,3.417306661605835
13,0.9572047591209412,0.09535872936248779,0.0003,0.3349056541919708,3.8544089794158936
14,0.9615384340286255,0.08872289955615997,0.0003,0.3946540951728821,3.3929927349090576
15,0.9685807228088379,0.07937471568584442,0.0003,0.38522014021873474,3.4872920513153076
16,0.9517876505851746,0.11744486540555954,0.0003,0.27987420558929443,3.927140235900879
17,0.9544962048530579,0.08944569528102875,0.0003,0.3663522005081177,3.3484885692596436
18,0.9674972891807556,0.07666639238595963,0.0003,0.400943398475647,3.250701427459717
19,0.9561213254928589,0.10048460960388184,0.0003,0.3553459048271179,3.6223390102386475
20,0.9653304219245911,0.08635561168193817,0.0003,0.35062894225120544,3.407376766204834
21,0.9712892770767212,0.06799803674221039,0.0003,0.3679245412349701,3.553558826446533
22,0.9783315062522888,0.053980883210897446,9e-05,0.38522014021873474,3.6475961208343506
23,0.9799566864967346,0.052192408591508865,9e-05,0.3396226465702057,3.820786237716675
24,0.9777898192405701,0.053038544952869415,9e-05,0.3616352081298828,3.8363301753997803
25,0.9826652407646179,0.04606717452406883,9e-05,0.3805031478404999,3.865813970565796
26,0.9783315062522888,0.04382821172475815,9e-05,0.37893080711364746,3.8860535621643066
27,0.9848320484161377,0.0366378091275692,9e-05,0.38679245114326477,3.9465692043304443
28,0.976164698600769,0.057063087821006775,9e-05,0.37106919288635254,3.994954824447632
29,0.9826652407646179,0.038085103034973145,9e-05,0.36477985978126526,4.083160400390625
30,0.984290361404419,0.03830094262957573,9e-05,0.33805030584335327,4.248404026031494
31,0.9837486743927002,0.04322716221213341,9e-05,0.374213844537735,4.179164886474609
32,0.9869989156723022,0.03065609559416771,2.7e-05,0.37106919288635254,4.207329750061035
33,0.9907909035682678,0.030395222827792168,2.7e-05,0.37264150381088257,4.257406234741211
34,0.9864572286605835,0.0309645663946867,2.7e-05,0.37264150381088257,4.289424896240234
35,0.9897074699401855,0.02868036925792694,2.7e-05,0.37735849618911743,4.2431464195251465
36,0.9924160242080688,0.02784363366663456,2.7e-05,0.35849055647850037,4.336005210876465
37,0.9880823493003845,0.0282756257802248,2.7e-05,0.375786155462265,4.342831611633301
38,0.9913325905799866,0.02652924507856369,2.7e-05,0.36320754885673523,4.321314334869385
39,0.9902492165565491,0.02681552618741989,2.7e-05,0.37735849618911743,4.352389812469482
40,0.9869989156723022,0.029400750994682312,2.7e-05,0.37264150381088257,4.384519100189209
41,0.9918743371963501,0.02538289874792099,2.7e-05,0.3679245412349701,4.431637763977051
42,0.9907909035682678,0.02611882984638214,8.1e-06,0.375786155462265,4.45151424407959
43,0.9924160242080688,0.02601667121052742,8.1e-06,0.37106919288635254,4.4522576332092285
44,0.9924160242080688,0.024434421211481094,8.1e-06,0.37264150381088257,4.465468883514404
45,0.9907909035682678,0.02488124743103981,8.1e-06,0.36477985978126526,4.489210605621338
46,0.9913325905799866,0.024646282196044922,8.1e-06,0.36477985978126526,4.503605365753174
47,0.9897074699401855,0.024925418198108673,8.1e-06,0.374213844537735,4.507896423339844
48,0.9918743371963501,0.024603188037872314,8.1e-06,0.37264150381088257,4.542357921600342
49,0.9934994578361511,0.02296878583729267,8.1e-06,0.3694968521595001,4.522481441497803
