epoch,accuracy,loss,lr,val_accuracy,val_loss
0,0.6473456025123596,3.5300941467285156,0.001,0.5141509175300598,1847.5679931640625
1,0.8033586144447327,0.5827411413192749,0.001,0.5141509175300598,2.7400596141815186
2,0.8445287346839905,0.7309486269950867,0.001,0.5141509175300598,4.513909339904785
3,0.8049837350845337,0.8242116570472717,0.001,0.5141509175300598,389.9761657714844
4,0.8114842772483826,0.7983150482177734,0.001,0.5141509175300598,2.3091037273406982
5,0.8537378311157227,0.527458667755127,0.001,0.5141509175300598,5.522137641906738
6,0.8748645782470703,0.32060083746910095,0.001,0.47641509771347046,8.213912010192871
7,0.9122427105903625,0.23730768263339996,0.001,0.374213844537735,7.513930797576904
8,0.9382448792457581,0.17035311460494995,0.001,0.38522014021873474,8.887406349182129
9,0.933911144733429,0.19352389872074127,0.001,0.3946540951728821,9.384350776672363
10,0.946370542049408,0.14453071355819702,0.001,0.32389935851097107,4.783212184906006
11,0.9322860240936279,0.21006333827972412,0.001,0.38679245114326477,3.4625937938690186
12,0.9631636142730713,0.10677944123744965,0.001,0.5487421154975891,2.5127649307250977
13,0.9528710842132568,0.13045907020568848,0.001,0.5298742055892944,1.8518133163452148
14,0.9555796384811401,0.13395646214485168,0.001,0.446540892124176,1.9829211235046387
15,0.9669556021690369,0.11182887852191925,0.001,0.6352201104164124,1.4311741590499878
16,0.9810400605201721,0.04921504482626915,0.001,0.6572327017784119,1.4309204816818237
17,0.9707475900650024,0.09728725999593735,0.001,0.7012578845024109,1.5098499059677124
18,0.9680389761924744,0.1428028643131256,0.001,0.3207547068595886,133.11659240722656
19,0.8542795181274414,0.44554615020751953,0.001,0.5141509175300598,36779.71484375
20,0.9360780119895935,0.20176120102405548,0.001,0.4371069073677063,9.71489429473877
21,0.856446385383606,0.6325919032096863,0.001,0.50157231092453,3582.44189453125
22,0.6310942769050598,2.730454444885254,0.001,0.5141509175300598,1999.781494140625
23,0.7183098793029785,2.260261058807373,0.001,0.5141509175300598,200880.21875
24,0.8548212647438049,0.434902548789978,0.001,0.5094339847564697,23591.328125
25,0.8683640360832214,0.37796616554260254,0.001,0.5786163806915283,7684.31591796875
26,0.9073672890663147,0.4749414026737213,0.001,0.5314465165138245,2500.328369140625
27,0.9414951205253601,0.1853967010974884,0.0003,0.5959119200706482,1503.251708984375
28,0.9566630721092224,0.14101989567279816,0.0003,0.4921383559703827,1199.93359375
29,0.9544962048530579,0.1850755661725998,0.0003,0.37735849618911743,827.2985229492188
30,0.9414951205253601,0.1913907378911972,0.0003,0.4229559600353241,3.8190622329711914
31,0.9485373497009277,0.1371026486158371,0.0003,0.473270446062088,3.4546446800231934
32,0.947995662689209,0.14060281217098236,0.0003,0.4984276592731476,1.8333252668380737
33,0.9534127712249756,0.13276688754558563,0.0003,0.37735849618911743,5.037905693054199
34,0.9658721685409546,0.11221606284379959,0.0003,0.4182389974594116,3.578597068786621
35,0.9577465057373047,0.1285153180360794,0.0003,0.4921383559703827,2.0681610107421875
36,0.9680389761924744,0.10120220482349396,0.0003,0.553459107875824,2.9228951930999756
37,0.9685807228088379,0.08716347068548203,9e-05,0.5220125913619995,2.816615104675293
38,0.9734561443328857,0.07218066602945328,9e-05,0.5,2.6406679153442383
39,0.9788732528686523,0.06476382911205292,9e-05,0.5314465165138245,3.210474729537964
40,0.9734561443328857,0.08305385708808899,9e-05,0.47484275698661804,22.276575088500977
41,0.9772481322288513,0.07297925651073456,9e-05,0.5267295837402344,2.7263479232788086
42,0.9794149398803711,0.06751438230276108,9e-05,0.48270440101623535,3.4237821102142334
43,0.9788732528686523,0.06619443744421005,9e-05,0.4858490526676178,2.5640833377838135
44,0.9821234941482544,0.04883565381169319,9e-05,0.4858490526676178,2.46252179145813
45,0.976164698600769,0.07067923992872238,9e-05,0.4858490526676178,3.272515058517456
46,0.9772481322288513,0.06226028501987457,9e-05,0.49528300762176514,2.801870822906494
47,0.9826652407646179,0.04850737378001213,2.7e-05,0.5172955989837646,2.723651170730591
48,0.9788732528686523,0.06664580851793289,2.7e-05,0.49056604504585266,3.4025726318359375
49,0.98591548204422,0.040208298712968826,2.7e-05,0.5125786066055298,3.077308177947998
