epoch,accuracy,loss,lr,val_accuracy,val_loss
0,0.641928493976593,2.4311416149139404,0.001,0.5141509175300598,2.8383047580718994
1,0.7708559036254883,1.5647279024124146,0.001,0.5141509175300598,1770.5023193359375
2,0.8006500601768494,1.102096438407898,0.001,0.5911949872970581,1.491211175918579
3,0.8743228316307068,0.37440118193626404,0.001,0.5141509175300598,5.486932277679443
4,0.8353196382522583,1.2517895698547363,0.001,0.5,2.824018955230713
5,0.8884073495864868,0.33617615699768066,0.001,0.5078616142272949,4.111752033233643
6,0.7513542771339417,3.130845308303833,0.001,0.5141509175300598,6839.697265625
7,0.7621884942054749,1.0910288095474243,0.001,0.31603774428367615,11.310917854309082
8,0.8250271081924438,0.47337448596954346,0.001,0.19811320304870605,4.156627178192139
9,0.8651137351989746,0.37569496035575867,0.001,0.24213837087154388,2.276829242706299
10,0.8819068074226379,0.3395107388496399,0.001,0.2154088020324707,4.199746608734131
11,0.9154929518699646,0.23518986999988556,0.001,0.347484290599823,2.305413007736206
12,0.9057421684265137,0.2362707257270813,0.001,0.36477985978126526,2.5659544467926025
13,0.9371614456176758,0.14841100573539734,0.0003,0.38522014021873474,2.6631345748901367
14,0.9290357232093811,0.21311916410923004,0.0003,0.44182389974594116,2.746811866760254
15,0.9501625299453735,0.17892234027385712,0.0003,0.3836477994918823,3.3523471355438232
16,0.9566630721092224,0.11344094574451447,0.0003,0.37735849618911743,4.067867755889893
17,0.933911144733429,0.2632455825805664,0.0003,0.7531446814537048,1.1296992301940918
18,0.93553626537323,0.2526789903640747,0.0003,0.3946540951728821,1.958271861076355
19,0.9615384340286255,0.10514844954013824,0.0003,0.37264150381088257,2.1070404052734375
20,0.9534127712249756,0.18418599665164948,0.0003,0.3820754587650299,2.276876449584961
21,0.9566630721092224,0.15597055852413177,0.0003,0.39150944352149963,2.6788454055786133
22,0.9528710842132568,0.24843277037143707,0.0003,0.4245283007621765,1.9022654294967651
23,0.9544962048530579,0.12779347598552704,0.0003,0.41194969415664673,2.8206257820129395
24,0.9653304219245911,0.1510673612356186,0.0003,0.4308176040649414,2.7599728107452393
25,0.9794149398803711,0.06632483750581741,0.0003,0.4308176040649414,2.8025898933410645
26,0.9658721685409546,0.22721724212169647,0.0003,0.5251572132110596,2.172215223312378
27,0.9826652407646179,0.055873334407806396,0.0003,0.5125786066055298,2.077521324157715
28,0.9707475900650024,0.08995804935693741,9e-05,0.4292452931404114,2.4514312744140625
29,0.9664138555526733,0.12292750924825668,9e-05,0.46855345368385315,2.4660236835479736
30,0.9810400605201721,0.06290121376514435,9e-05,0.473270446062088,2.937225103378296
31,0.9815818071365356,0.05895556882023811,9e-05,0.4716981053352356,3.576462507247925
32,0.9832069277763367,0.04518750309944153,9e-05,0.47484275698661804,3.356926679611206
33,0.9864572286605835,0.04585997760295868,9e-05,0.44182389974594116,3.3757903575897217
34,0.98591548204422,0.045731496065855026,9e-05,0.47484275698661804,3.018585205078125
35,0.9810400605201721,0.04977338761091232,9e-05,0.47012579441070557,2.5616753101348877
36,0.9869989156723022,0.049589138478040695,9e-05,0.49056604504585266,2.27215838432312
37,0.9886240363121033,0.043156348168849945,9e-05,0.4795597493648529,3.6125457286834717
38,0.9924160242080688,0.051290713250637054,2.7e-05,0.47012579441070557,3.375060558319092
39,0.9902492165565491,0.031075719743967056,2.7e-05,0.44811320304870605,3.404656171798706
40,0.9913325905799866,0.02977958507835865,2.7e-05,0.446540892124176,3.182070255279541
41,0.9907909035682678,0.033917464315891266,2.7e-05,0.44182389974594116,3.1026196479797363
42,0.9929577708244324,0.02304132468998432,2.7e-05,0.46226415038108826,3.2507758140563965
43,0.9918743371963501,0.028915327042341232,2.7e-05,0.4512578547000885,3.2562646865844727
44,0.9924160242080688,0.029469799250364304,2.7e-05,0.4528301954269409,3.2973854541778564
45,0.9902492165565491,0.025897301733493805,2.7e-05,0.473270446062088,2.7327616214752197
46,0.9924160242080688,0.02233629673719406,2.7e-05,0.4779874086380005,2.792210817337036
47,0.9945828914642334,0.02030310221016407,2.7e-05,0.48270440101623535,3.0990209579467773
48,0.9934994578361511,0.020192494615912437,8.1e-06,0.4795597493648529,3.1731326580047607
49,0.9918743371963501,0.023888759315013885,8.1e-06,0.46855345368385315,3.2583019733428955
