epoch,accuracy,loss,lr,val_accuracy,val_loss
0,0.676598072052002,1.4763226509094238,0.001,0.5141509175300598,845.6231079101562
1,0.7275189757347107,0.8674565553665161,0.001,0.5141509175300598,2410.450927734375
2,0.7643553614616394,1.7694110870361328,0.001,0.5141509175300598,484103.90625
3,0.8206933736801147,0.5875208377838135,0.001,0.5141509175300598,3007.02685546875
4,0.886240541934967,0.33220115303993225,0.001,0.5188679099082947,138.77166748046875
5,0.8651137351989746,0.8698096871376038,0.001,0.42610064148902893,2.5057456493377686
6,0.7026002407073975,1.042499303817749,0.001,0.4984276592731476,34747.5703125
7,0.706392228603363,3.98748779296875,0.001,0.5141509175300598,4874392.5
8,0.5449621081352234,2.8389346599578857,0.001,0.5141509175300598,75757.5
9,0.7053087949752808,0.7246288061141968,0.001,0.24213837087154388,2.3557679653167725
10,0.7535211443901062,0.630789041519165,0.001,0.09119496494531631,3.2428338527679443
11,0.7692307829856873,0.6590318083763123,0.001,0.20440252125263214,2.4802846908569336
12,0.8028169274330139,0.8518590331077576,0.001,0.2704402506351471,2.867626905441284
13,0.8477789759635925,0.4138462245464325,0.001,0.4716981053352356,3.134756565093994
14,0.8840736746788025,0.3302380442619324,0.001,0.4386792480945587,2.9649367332458496
15,0.9165763854980469,0.24239586293697357,0.001,0.4795597493648529,2.6814630031585693
16,0.8504875302314758,1.24799644947052,0.001,0.5047169923782349,823.7960815429688
17,0.7871072292327881,0.5969091057777405,0.001,0.40566039085388184,1.8143190145492554
18,0.8407367467880249,0.3872411847114563,0.001,0.5393081903457642,2.6743693351745605
19,0.8981581926345825,0.2675509750843048,0.001,0.5078616142272949,1.4397910833358765
20,0.8884073495864868,1.0354840755462646,0.001,0.4937106966972351,1.59508216381073
21,0.9138678312301636,0.2505172789096832,0.001,0.7122641801834106,0.5986683964729309
22,0.9165763854980469,0.26451313495635986,0.001,0.4779874086380005,2.1794919967651367
23,0.9209100604057312,0.2265642136335373,0.001,0.4292452931404114,1.685553789138794
24,0.9458287954330444,0.15537099540233612,0.001,0.5047169923782349,1.1717921495437622
25,0.8683640360832214,0.8199249505996704,0.001,0.7578616142272949,33553.0390625
26,0.7784398794174194,0.812824547290802,0.001,0.4921383559703827,8.596742630004883
27,0.8775731325149536,0.3524874746799469,0.001,0.49685534834861755,1.4531110525131226
28,0.8369447588920593,1.2856215238571167,0.001,0.7264150977134705,3085.9619140625
29,0.8726977109909058,0.3614424467086792,0.001,0.6666666865348816,1.1535252332687378
30,0.8894907832145691,0.2927260398864746,0.001,0.5691823959350586,1.035806655883789
31,0.911700963973999,0.2542610764503479,0.001,0.5503144860267639,1.0342357158660889
32,0.9322860240936279,0.18351702392101288,0.0003,0.5283018946647644,1.1204248666763306
33,0.9382448792457581,0.7178433537483215,0.0003,0.5220125913619995,2.1137888431549072
34,0.9252437949180603,0.6327260732650757,0.0003,0.5864779949188232,2.7777202129364014
35,0.9279523491859436,0.18999207019805908,0.0003,0.5314465165138245,2.214472532272339
36,0.9322860240936279,0.250100702047348,0.0003,0.5172955989837646,2.1737277507781982
37,0.94962078332901,0.14935830235481262,0.0003,0.5471698045730591,2.2466530799865723
38,0.9458287954330444,0.1434696465730667,0.0003,0.4779874086380005,2.141364336013794
39,0.9431202411651611,0.15070442855358124,0.0003,0.4779874086380005,2.094179153442383
40,0.9490790963172913,0.12261444330215454,0.0003,0.4386792480945587,2.0998377799987793
41,0.9322860240936279,0.37546634674072266,0.0003,0.4638364911079407,2.049590587615967
42,0.9550378918647766,0.39776426553726196,9e-05,0.49056604504585266,2.1042978763580322
43,0.9588298797607422,0.12599609792232513,9e-05,0.5157232880592346,2.188124179840088
44,0.962080180644989,0.09441548585891724,9e-05,0.5141509175300598,2.2151601314544678
45,0.960455060005188,0.10933686792850494,9e-05,0.4858490526676178,1.955845832824707
46,0.9577465057373047,0.11972270160913467,9e-05,0.473270446062088,2.036458969116211
47,0.9577465057373047,0.24188759922981262,9e-05,0.46855345368385315,2.600992441177368
48,0.9523293375968933,0.25608664751052856,9e-05,0.5204402804374695,1.5612424612045288
49,0.960455060005188,0.11490212380886078,9e-05,0.5110062956809998,1.6972322463989258
