epoch,accuracy,loss,val_accuracy,val_loss
0,0.48266857862472534,1.3116384744644165,0.369047611951828,1.6623700857162476
1,0.601377010345459,1.0435895919799805,0.3841991424560547,1.5715553760528564
2,0.6443494558334351,0.9131537675857544,0.5346320271492004,1.0610395669937134
3,0.6619183421134949,0.8321983218193054,0.5692640542984009,1.0236470699310303
4,0.6842355132102966,0.7933110594749451,0.6168830990791321,1.0637277364730835
5,0.6975308656692505,0.7495662569999695,0.6352813839912415,1.0140501260757446
6,0.706315279006958,0.7186909914016724,0.6201298832893372,0.908106803894043
7,0.7167616486549377,0.6982407569885254,0.6255411505699158,1.0358814001083374
8,0.7210351228713989,0.656825602054596,0.6688311696052551,1.0926527976989746
9,0.7333807945251465,0.6257826089859009,0.709956705570221,0.8288761973381042
10,0.745726466178894,0.6152385473251343,0.6471861600875854,1.129076361656189
11,0.7433523535728455,0.6057265996932983,0.6504328846931458,1.1601991653442383
12,0.7528489828109741,0.5862846970558167,0.6450216174125671,0.9557506442070007
13,0.7663817405700684,0.5477851629257202,0.6536796689033508,1.178581953048706
14,0.768281102180481,0.5494379997253418,0.677489161491394,1.1733689308166504
15,0.7632953524589539,0.5574442148208618,0.6363636255264282,0.9867882132530212
16,0.7613959908485413,0.5491421222686768,0.6558441519737244,1.1599427461624146
17,0.7780151963233948,0.5199013948440552,0.6569263935089111,1.0376965999603271
18,0.7808641791343689,0.5117789506912231,0.6461039185523987,1.2172315120697021
19,0.7777777910232544,0.5108647346496582,0.6634199023246765,1.3750032186508179
20,0.7867996096611023,0.4963275194168091,0.6926407217979431,1.1934057474136353
21,0.7922602295875549,0.4903923273086548,0.6396104097366333,1.3318909406661987
22,0.7927350401878357,0.4751792252063751,0.6179653406143188,1.1578482389450073
23,0.807692289352417,0.4684090316295624,0.6168830990791321,1.2790664434432983
24,0.7996201515197754,0.45932087302207947,0.6558441519737244,1.1654245853424072
25,0.8005697727203369,0.46037712693214417,0.572510838508606,1.2491071224212646
26,0.8088793754577637,0.4455200135707855,0.6298701167106628,1.5725780725479126
27,0.8055555820465088,0.45208850502967834,0.548701286315918,1.4020763635635376
28,0.8029439449310303,0.4431660771369934,0.6580086350440979,1.2336819171905518
29,0.811253547668457,0.4397047758102417,0.6753246784210205,1.4947657585144043
30,0.8205128312110901,0.4289930760860443,0.6071428656578064,1.3205664157867432
31,0.8228870034217834,0.40831100940704346,0.5811688303947449,1.5291200876235962
32,0.8181386590003967,0.421674907207489,0.5746753215789795,1.3624885082244873
33,0.8271604776382446,0.40580514073371887,0.6785714030265808,1.2754117250442505
34,0.8475783467292786,0.37739723920822144,0.5930736064910889,1.4759726524353027
