epoch,accuracy,loss,val_accuracy,val_loss
0,0.46462488174438477,1.3135210275650024,0.3181818127632141,1.7241016626358032
1,0.5914055109024048,1.0512362718582153,0.39718616008758545,1.519627332687378
2,0.6286799907684326,0.9512729644775391,0.5335497856140137,1.0008883476257324
3,0.6562203168869019,0.8525553345680237,0.5573592782020569,1.0275200605392456
4,0.6657170057296753,0.8234231472015381,0.5670995712280273,0.9507207274436951
5,0.684472918510437,0.7809560298919678,0.5681818127632141,1.0773694515228271
6,0.7072649598121643,0.7226694226264954,0.5584415793418884,1.170659065246582
7,0.7091643214225769,0.6979105472564697,0.5530303120613098,1.1938464641571045
8,0.7101139426231384,0.6933020949363708,0.5389610528945923,1.148224949836731
9,0.7257834672927856,0.6591514945030212,0.5833333134651184,0.9348257780075073
10,0.7314814925193787,0.637758731842041,0.5984848737716675,0.9511088728904724
11,0.7454890608787537,0.6145280003547668,0.5919913649559021,1.1448134183883667
12,0.7374169230461121,0.6114189624786377,0.5974025726318359,0.9970898628234863
13,0.7454890608787537,0.6022167801856995,0.6417748928070068,0.7873844504356384
14,0.7673314213752747,0.5660284757614136,0.6114718317985535,1.0967020988464355
15,0.7618708610534668,0.5664677619934082,0.6201298832893372,1.1075544357299805
16,0.7659069299697876,0.5476526021957397,0.6017315983772278,1.3352307081222534
17,0.7708926796913147,0.5484069585800171,0.5411255359649658,1.1266955137252808
18,0.775403618812561,0.525205135345459,0.5898268222808838,1.3255414962768555
19,0.7673314213752747,0.5241693258285522,0.5833333134651184,1.1086393594741821
20,0.7884615659713745,0.5145443677902222,0.6709956526756287,0.9924457669258118
21,0.7794396877288818,0.505099356174469,0.5660173296928406,1.2526603937149048
22,0.775403618812561,0.5107466578483582,0.5919913649559021,1.7197648286819458
23,0.7941595315933228,0.48300865292549133,0.6439393758773804,1.1161097288131714
24,0.8024691343307495,0.48063838481903076,0.6872294545173645,0.8281111121177673
25,0.8046059012413025,0.4658861458301544,0.6147186160087585,0.9892479181289673
26,0.8036562204360962,0.4580686688423157,0.6385281682014465,1.1999070644378662
27,0.7996201515197754,0.459990918636322,0.6645021438598633,1.0875463485717773
28,0.8065052032470703,0.45029643177986145,0.6309523582458496,1.110268473625183
29,0.8176637887954712,0.42394858598709106,0.6385281682014465,1.2973613739013672
30,0.8157644867897034,0.4334096312522888,0.6461039185523987,1.0685938596725464
31,0.811965823173523,0.4332581162452698,0.6720778942108154,1.0414245128631592
32,0.8200379610061646,0.4206504225730896,0.5898268222808838,1.54639732837677
33,0.8221747279167175,0.427154004573822,0.5746753215789795,1.0657240152359009
34,0.8228870034217834,0.4100421071052551,0.6439393758773804,1.2369786500930786
35,0.830959141254425,0.40087807178497314,0.6233766078948975,1.2659196853637695
36,0.8314340114593506,0.3951437771320343,0.5627705454826355,1.4255026578903198
37,0.833095908164978,0.3907160758972168,0.600649356842041,2.263003349304199
38,0.8378442525863647,0.38602280616760254,0.5941558480262756,1.062279224395752
