epoch,accuracy,loss,val_accuracy,val_loss
0,0.4843304753303528,1.3039617538452148,0.3950216472148895,1.7020901441574097
1,0.6018518805503845,1.0529340505599976,0.34956708550453186,1.5402876138687134
2,0.640788197517395,0.9293377995491028,0.5660173296928406,0.9974234700202942
3,0.6631054282188416,0.8486084938049316,0.5595238208770752,0.9878178238868713
4,0.6839981079101562,0.7904428243637085,0.6331169009208679,0.8860466480255127
5,0.6918328404426575,0.7698360681533813,0.6623376607894897,0.8551992177963257
6,0.7103513479232788,0.726672351360321,0.6926407217979431,0.8935880661010742
7,0.6982431411743164,0.712233304977417,0.6233766078948975,1.0630433559417725
8,0.7219848036766052,0.6803073287010193,0.6028138399124146,1.0033491849899292
9,0.7193732261657715,0.6620283722877502,0.6331169009208679,1.0706851482391357
10,0.7447768449783325,0.6197789311408997,0.6277056336402893,1.07304847240448
11,0.7340930700302124,0.6325196027755737,0.5974025726318359,1.0593549013137817
12,0.7454890608787537,0.6111636757850647,0.6461039185523987,1.0079437494277954
13,0.7466761469841003,0.5903222560882568,0.6071428656578064,0.942317545413971
14,0.7611585855484009,0.5690795183181763,0.6482684016227722,0.966301679611206
15,0.7625830769538879,0.5697383284568787,0.6136363744735718,1.2776192426681519
16,0.7564102411270142,0.5640920996665955,0.5930736064910889,1.0435904264450073
17,0.7744539380073547,0.5407598614692688,0.5952380895614624,1.0861241817474365
18,0.7732668519020081,0.5374088287353516,0.5660173296928406,1.4946969747543335
19,0.781101644039154,0.5321913361549377,0.6536796689033508,1.089988112449646
20,0.790123462677002,0.5230257511138916,0.6082251071929932,0.9930481910705566
21,0.7889363765716553,0.5103855729103088,0.6439393758773804,1.0378968715667725
22,0.8036562204360962,0.4878295361995697,0.5876623392105103,1.067967176437378
23,0.7870370149612427,0.4887556731700897,0.6017315983772278,1.192292332649231
24,0.8036562204360962,0.4600941240787506,0.6601731777191162,1.29636549949646
25,0.7991452813148499,0.4712105989456177,0.637445867061615,1.0419065952301025
26,0.797245979309082,0.4724498689174652,0.6017315983772278,1.515444278717041
27,0.8043684959411621,0.4610065519809723,0.5757575631141663,1.1831594705581665
28,0.7996201515197754,0.4577486515045166,0.6298701167106628,1.0672013759613037
29,0.8162392973899841,0.44688108563423157,0.6569263935089111,1.4634382724761963
30,0.8240740895271301,0.4181347191333771,0.6158008575439453,1.284637212753296
