epoch,accuracy,loss,val_accuracy,val_loss
0,0.49572649598121643,1.2628731727600098,0.38203462958335876,1.7819288969039917
1,0.6160968542098999,1.0205862522125244,0.4404761791229248,1.5372453927993774
2,0.6388888955116272,0.9225054979324341,0.5465368032455444,1.006496787071228
3,0.6545584201812744,0.8590478897094727,0.5822510719299316,0.8732960224151611
4,0.6766381859779358,0.814192533493042,0.6277056336402893,0.920551061630249
5,0.6885090470314026,0.7575945258140564,0.6796537041664124,0.8533689975738525
6,0.6972934603691101,0.7333611845970154,0.6255411505699158,0.9941104650497437
7,0.7110636234283447,0.6999849677085876,0.6634199023246765,0.902009904384613
8,0.7191358208656311,0.6781449913978577,0.6439393758773804,0.9389952421188354
9,0.7238841652870178,0.6609702110290527,0.6601731777191162,0.9718103408813477
10,0.7367046475410461,0.6341159343719482,0.6352813839912415,1.0970040559768677
11,0.7386040091514587,0.6154974699020386,0.661255419254303,0.9757179021835327
12,0.7490503191947937,0.5970050692558289,0.6428571343421936,1.1642464399337769
13,0.7559354305267334,0.5706560611724854,0.6796537041664124,0.9177225232124329
14,0.7585470080375671,0.5720090270042419,0.6720778942108154,1.0058821439743042
15,0.7599714994430542,0.5622544288635254,0.6504328846931458,0.9428708553314209
16,0.7694681882858276,0.5504436492919922,0.6222943663597107,0.9592501521110535
17,0.7820512652397156,0.5329179167747498,0.5919913649559021,1.0781077146530151
18,0.7813390493392944,0.5110431909561157,0.6147186160087585,1.1369150876998901
19,0.7849003076553345,0.5104182958602905,0.6038960814476013,1.1269484758377075
20,0.7773029208183289,0.5174145102500916,0.6666666865348816,1.0920120477676392
21,0.7981956601142883,0.4938965439796448,0.6461039185523987,1.0961204767227173
22,0.7851377129554749,0.5001188516616821,0.6352813839912415,1.073063611984253
23,0.793684720993042,0.49063438177108765,0.6601731777191162,1.0492925643920898
24,0.7955840229988098,0.4789082109928131,0.6450216174125671,1.0595948696136475
25,0.8062677979469299,0.45181959867477417,0.6190476417541504,1.5503199100494385
26,0.8122032284736633,0.46268805861473083,0.6071428656578064,1.289513111114502
27,0.8157644867897034,0.4402160942554474,0.673160195350647,1.0071017742156982
28,0.807692289352417,0.45022523403167725,0.6720778942108154,1.3273168802261353
29,0.8221747279167175,0.41706737875938416,0.6482684016227722,0.9446923732757568
30,0.8138651251792908,0.4318416118621826,0.572510838508606,1.316339135169983
