epoch,accuracy,loss,val_accuracy,val_loss
0,0.486229807138443,1.324413537979126,0.20454545319080353,1.806701421737671
1,0.6018518805503845,1.069402813911438,0.35822510719299316,1.632737636566162
2,0.6367521286010742,0.9550468921661377,0.5476190447807312,1.036877155303955
3,0.6571699976921082,0.8773478865623474,0.5941558480262756,0.983767569065094
4,0.6768755912780762,0.8169446587562561,0.5919913649559021,0.9938649535179138
5,0.6913580298423767,0.7711318135261536,0.6060606241226196,0.9971950054168701
6,0.6987179517745972,0.7388015985488892,0.6298701167106628,1.1092796325683594
7,0.7167616486549377,0.7141749858856201,0.6396104097366333,0.9787440896034241
8,0.7207977175712585,0.6844039559364319,0.6796537041664124,0.9447379112243652
9,0.7312440872192383,0.6660473346710205,0.6244588494300842,1.003053069114685
10,0.7291073203086853,0.6577578783035278,0.6720778942108154,1.0608389377593994
11,0.7357549667358398,0.6379876136779785,0.6255411505699158,0.8993330597877502
12,0.7383665442466736,0.615135908126831,0.6883116960525513,0.9958323836326599
13,0.7336182594299316,0.6114519238471985,0.6417748928070068,0.9647834300994873
14,0.7533238530158997,0.601068377494812,0.6255411505699158,1.0879656076431274
15,0.7433523535728455,0.5990871787071228,0.6807359457015991,1.106184959411621
16,0.7599714994430542,0.5829818844795227,0.6093073487281799,1.0245567560195923
17,0.7594966888427734,0.5761198401451111,0.5714285969734192,1.073767900466919
18,0.7765907049179077,0.5363810062408447,0.6645021438598633,0.9362596273422241
19,0.7768281102180481,0.5316644310951233,0.6266233921051025,1.0291087627410889
20,0.7794396877288818,0.5231471657752991,0.6277056336402893,1.0126986503601074
21,0.790123462677002,0.5025733709335327,0.6287878751754761,0.9592583775520325
22,0.7917853593826294,0.500555157661438,0.5876623392105103,1.236205816268921
23,0.7943969368934631,0.49493855237960815,0.6450216174125671,1.1202644109725952
24,0.7929724454879761,0.4833076298236847,0.649350643157959,0.9881120324134827
25,0.7989078760147095,0.4776742160320282,0.6233766078948975,1.0116374492645264
26,0.7979581952095032,0.48141562938690186,0.6266233921051025,1.0057330131530762
27,0.8048433065414429,0.46347689628601074,0.6385281682014465,1.0987094640731812
28,0.8029439449310303,0.45511293411254883,0.677489161491394,0.9125032424926758
29,0.81339031457901,0.4414847791194916,0.6049783825874329,1.155927300453186
30,0.8079297542572021,0.44188693165779114,0.6753246784210205,1.063557505607605
31,0.8171889781951904,0.4347981810569763,0.5952380895614624,1.1420267820358276
32,0.8195631504058838,0.41244369745254517,0.6049783825874329,0.9999213218688965
33,0.8250237703323364,0.4126149117946625,0.5541125535964966,1.150970220565796
34,0.8252611756324768,0.41644763946533203,0.6352813839912415,1.5174682140350342
35,0.8292972445487976,0.394861102104187,0.6677489280700684,1.1979957818984985
36,0.829534649848938,0.39936619997024536,0.5865800976753235,1.1640065908432007
