epoch,accuracy,loss,val_accuracy,val_loss
0,0.4634377956390381,1.312200665473938,0.40367963910102844,1.742056965827942
1,0.6030389070510864,1.035428524017334,0.36147186160087585,1.651973843574524
2,0.6386514902114868,0.9152950048446655,0.5508658289909363,1.006900668144226
3,0.6585944890975952,0.8661824464797974,0.5735930800437927,0.982119083404541
4,0.6768755912780762,0.801800012588501,0.5844155550003052,0.9917359352111816
5,0.6899335384368896,0.7689252495765686,0.5941558480262756,0.9653192758560181
6,0.7001424431800842,0.7399187088012695,0.6060606241226196,0.9186017513275146
7,0.7089268565177917,0.7082075476646423,0.6547619104385376,0.81279456615448
8,0.7219848036766052,0.6716594696044922,0.612554132938385,0.8752309083938599
9,0.726020872592926,0.6475604176521301,0.6038960814476013,0.9590567350387573
10,0.7371794581413269,0.6322365999221802,0.6634199023246765,1.0207492113113403
11,0.7450142502784729,0.6242341995239258,0.6428571343421936,0.9850244522094727
12,0.7485755085945129,0.6098744869232178,0.637445867061615,0.9997455477714539
13,0.7504748106002808,0.578833281993866,0.6201298832893372,1.1101109981536865
14,0.7566476464271545,0.5681582689285278,0.6645021438598633,1.0092313289642334
15,0.7616334557533264,0.5592247247695923,0.6580086350440979,1.1363201141357422
16,0.7730294466018677,0.5324316024780273,0.689393937587738,0.8292690515518188
17,0.7637701630592346,0.545163631439209,0.6558441519737244,1.1947022676467896
18,0.7663817405700684,0.5467160940170288,0.5974025726318359,1.1455048322677612
19,0.7794396877288818,0.5082573294639587,0.6298701167106628,1.0491106510162354
20,0.7841880321502686,0.5115290880203247,0.6363636255264282,1.1158266067504883
21,0.7939221262931824,0.49049827456474304,0.6212121248245239,1.029333472251892
22,0.8000949621200562,0.4779912233352661,0.612554132938385,1.5472251176834106
23,0.7965337038040161,0.4775641858577728,0.5627705454826355,0.9288544654846191
24,0.8086419701576233,0.4521384537220001,0.5865800976753235,1.2994273900985718
25,0.8162392973899841,0.4446290135383606,0.5876623392105103,1.4090449810028076
26,0.8114909529685974,0.4454922080039978,0.6212121248245239,1.0334211587905884
27,0.8150522112846375,0.4408021569252014,0.6298701167106628,1.2856961488723755
28,0.8209876418113708,0.4261723756790161,0.6233766078948975,1.2952308654785156
29,0.819088339805603,0.4211546778678894,0.6082251071929932,1.265533685684204
30,0.8181386590003967,0.43154391646385193,0.6233766078948975,0.7845734357833862
31,0.829534649848938,0.4190099537372589,0.6287878751754761,1.3144283294677734
32,0.8252611756324768,0.4088251292705536,0.6190476417541504,0.8552744388580322
33,0.8380816578865051,0.39542463421821594,0.6233766078948975,1.0727839469909668
34,0.8380816578865051,0.3929922878742218,0.6028138399124146,1.2757747173309326
35,0.8368945717811584,0.38644975423812866,0.5811688303947449,1.2544560432434082
36,0.8430674076080322,0.37963539361953735,0.551948070526123,1.6183336973190308
37,0.8463912606239319,0.37015026807785034,0.5930736064910889,1.4555310010910034
38,0.8380816578865051,0.3712431788444519,0.6158008575439453,1.3638966083526611
39,0.8480531573295593,0.3642963767051697,0.6082251071929932,1.1391984224319458
40,0.8551756739616394,0.36018767952919006,0.5898268222808838,1.1089004278182983
41,0.8516144156455994,0.3487156927585602,0.5876623392105103,1.219196081161499
42,0.8511396050453186,0.3539130687713623,0.5508658289909363,1.2006765604019165
43,0.8620607852935791,0.3379911482334137,0.5898268222808838,1.3345104455947876
44,0.8589743375778198,0.326284259557724,0.5974025726318359,1.2858924865722656
45,0.87321937084198,0.31310802698135376,0.5616883039474487,1.3106567859649658
46,0.8722696900367737,0.313109815120697,0.5303030014038086,1.2569503784179688
47,0.8603988885879517,0.32347527146339417,0.5822510719299316,1.310184359550476
48,0.8720322847366333,0.3087863326072693,0.6634199023246765,0.8394672870635986
49,0.8703703880310059,0.3133186995983124,0.5984848737716675,1.4438966512680054
