epoch,accuracy,loss,val_accuracy,val_loss
0,0.4852801561355591,1.2889057397842407,0.3235930800437927,1.7615247964859009
1,0.6101614236831665,1.0258978605270386,0.45346319675445557,1.416948676109314
2,0.639363706111908,0.9196661114692688,0.5476190447807312,0.9726695418357849
3,0.6581196784973145,0.8462973237037659,0.5541125535964966,0.9187276363372803
4,0.6754510998725891,0.7826225161552429,0.5649350881576538,0.9913635849952698
5,0.6963437795639038,0.7378262877464294,0.5790043473243713,0.9557063579559326
6,0.7134377956390381,0.7049060463905334,0.6201298832893372,0.9061824083328247
7,0.7115384340286255,0.6805386543273926,0.6168830990791321,1.3068301677703857
8,0.7169990539550781,0.6573643088340759,0.6233766078948975,0.9919998645782471
9,0.735992431640625,0.6352158784866333,0.6233766078948975,1.0884515047073364
10,0.7371794581413269,0.6182361245155334,0.6244588494300842,1.2355589866638184
11,0.7276828289031982,0.6088034510612488,0.6320346593856812,1.2378724813461304
12,0.7547483444213867,0.5866813063621521,0.6699134111404419,0.9734233021736145
13,0.7388414144515991,0.5861908197402954,0.6547619104385376,1.0591301918029785
14,0.7561728358268738,0.5670015215873718,0.6753246784210205,0.9795646071434021
15,0.7552231550216675,0.5515502691268921,0.6147186160087585,1.0206019878387451
16,0.7594966888427734,0.5550057888031006,0.6168830990791321,1.1131972074508667
17,0.766144335269928,0.5452349781990051,0.6190476417541504,0.9838042259216309
18,0.7692307829856873,0.5331459641456604,0.576839804649353,1.0943224430084229
19,0.775403618812561,0.5078030228614807,0.6320346593856812,1.0384211540222168
20,0.787986695766449,0.4973098039627075,0.6038960814476013,0.9541295170783997
21,0.7870370149612427,0.4949416220188141,0.6222943663597107,1.1331098079681396
22,0.7806267738342285,0.5023419857025146,0.5952380895614624,1.1043460369110107
23,0.7977207899093628,0.4764082431793213,0.6049783825874329,1.109021544456482
24,0.789411187171936,0.48302966356277466,0.5995671153068542,0.9013113975524902
25,0.7849003076553345,0.48988091945648193,0.6839826703071594,1.1782348155975342
26,0.8000949621200562,0.4630119502544403,0.6114718317985535,1.0030062198638916
27,0.7981956601142883,0.4634990692138672,0.5703462958335876,1.1374658346176147
28,0.8129155039787292,0.4392934739589691,0.6244588494300842,1.1918572187423706
29,0.7996201515197754,0.45984888076782227,0.5616883039474487,1.0438627004623413
30,0.811965823173523,0.4322280287742615,0.6417748928070068,0.8537261486053467
31,0.8181386590003967,0.4299962520599365,0.6190476417541504,1.2378461360931396
32,0.8183760643005371,0.4203236401081085,0.6504328846931458,0.9536792039871216
33,0.8216999173164368,0.4188932776451111,0.600649356842041,1.6575438976287842
34,0.819088339805603,0.4341939091682434,0.6147186160087585,1.0067929029464722
35,0.8247863054275513,0.40678665041923523,0.6709956526756287,0.8847872614860535
36,0.8323836922645569,0.39481011033058167,0.5822510719299316,1.3290503025054932
37,0.8278727531433105,0.394941508769989,0.6482684016227722,1.1190458536148071
38,0.8357074856758118,0.39042431116104126,0.5595238208770752,1.263841152191162
39,0.8321462273597717,0.3847704827785492,0.6212121248245239,1.070425271987915
40,0.8425925970077515,0.3773482143878937,0.6168830990791321,1.1312401294708252
41,0.8390313386917114,0.37630537152290344,0.6645021438598633,1.0162559747695923
42,0.8399810194969177,0.3782545030117035,0.5952380895614624,0.9959095120429993
43,0.8411681056022644,0.369893878698349,0.5476190447807312,1.1745669841766357
44,0.8380816578865051,0.3731209635734558,0.5216450095176697,1.3179008960723877
45,0.853513777256012,0.35472163558006287,0.6082251071929932,1.1818264722824097
46,0.8518518805503845,0.356503963470459,0.5811688303947449,1.113531470298767
47,0.854938268661499,0.3486872911453247,0.6363636255264282,1.4274840354919434
48,0.8547008633613586,0.34485405683517456,0.5541125535964966,1.6124111413955688
49,0.8596866130828857,0.33168837428092957,0.5757575631141663,1.4724894762039185
