epoch,accuracy,loss,val_accuracy,val_loss
0,0.486229807138443,1.2955138683319092,0.36688312888145447,1.8283988237380981
1,0.6039885878562927,1.0484176874160767,0.40367963910102844,1.6111937761306763
2,0.6374644041061401,0.9413442611694336,0.523809552192688,0.9728285074234009
3,0.6502848863601685,0.8748894333839417,0.5638527870178223,0.9509434103965759
4,0.672602117061615,0.8205339312553406,0.6038960814476013,0.9009172320365906
5,0.6811491250991821,0.7765354514122009,0.6461039185523987,0.9225019812583923
6,0.6991927623748779,0.7367746829986572,0.6385281682014465,0.9478611946105957
7,0.6944444179534912,0.7223306894302368,0.6439393758773804,0.9048309922218323
8,0.7172364592552185,0.6822942495346069,0.6569263935089111,0.8835803270339966
9,0.7150996923446655,0.6695737838745117,0.6883116960525513,0.858914315700531
10,0.7172364592552185,0.6728804111480713,0.6396104097366333,0.9656928181648254
11,0.7272079586982727,0.6449552178382874,0.6341991424560547,1.0554530620574951
12,0.7374169230461121,0.6211573481559753,0.6720778942108154,0.9644979238510132
13,0.7447768449783325,0.6163803339004517,0.6482684016227722,0.9877542853355408
14,0.7488129138946533,0.5949806571006775,0.6287878751754761,1.0899702310562134
15,0.7530864477157593,0.5769956111907959,0.6461039185523987,0.9462752938270569
16,0.7566476464271545,0.5654920935630798,0.6525974273681641,0.9719700813293457
17,0.7621082663536072,0.5524033308029175,0.6482684016227722,0.944481611251831
18,0.7663817405700684,0.5523695349693298,0.6396104097366333,1.0045783519744873
19,0.7701804637908936,0.5430709719657898,0.661255419254303,1.045383334159851
20,0.7685185074806213,0.5297462344169617,0.6558441519737244,1.1251333951950073
21,0.7770655155181885,0.5146674513816833,0.6298701167106628,1.0880459547042847
22,0.7808641791343689,0.5028600692749023,0.6222943663597107,1.0262401103973389
23,0.782288670539856,0.5012125372886658,0.6385281682014465,1.179330587387085
24,0.7974833846092224,0.48876523971557617,0.5974025726318359,1.17184579372406
25,0.7917853593826294,0.4845356047153473,0.6298701167106628,1.0951052904129028
26,0.7960588932037354,0.47675079107284546,0.600649356842041,1.0841844081878662
27,0.7986704707145691,0.4721755385398865,0.6590909361839294,0.9580577611923218
28,0.8050807118415833,0.45859792828559875,0.6201298832893372,1.132232904434204
29,0.8074548840522766,0.446444034576416,0.6103895902633667,1.237707257270813
30,0.8062677979469299,0.4495480954647064,0.6168830990791321,1.137930154800415
31,0.8148148059844971,0.4321404993534088,0.5833333134651184,1.222917914390564
32,0.8271604776382446,0.41248655319213867,0.6060606241226196,1.3759502172470093
33,0.8212250471115112,0.4147692620754242,0.6179653406143188,1.2022370100021362
34,0.8174263834953308,0.42337825894355774,0.5757575631141663,1.3280258178710938
