epoch,accuracy,loss,val_accuracy,val_loss
0,0.46177586913108826,1.3211396932601929,0.24891774356365204,1.709348440170288
1,0.6115859746932983,1.0451468229293823,0.3538961112499237,1.6130504608154297
2,0.6403133869171143,0.9022864103317261,0.6038960814476013,0.9605392813682556
3,0.668328583240509,0.832528829574585,0.5919913649559021,0.9359709024429321
4,0.6820987462997437,0.7939551472663879,0.5660173296928406,1.032586932182312
5,0.6963437795639038,0.7445008158683777,0.5952380895614624,1.07899010181427
6,0.7039411067962646,0.7197629809379578,0.6331169009208679,0.9780316352844238
7,0.7122507095336914,0.6876412034034729,0.5811688303947449,1.2324111461639404
8,0.7132003903388977,0.6728124022483826,0.6244588494300842,1.0573923587799072
9,0.7374169230461121,0.6425281763076782,0.6298701167106628,0.989661455154419
10,0.7364672422409058,0.6382033228874207,0.6287878751754761,1.0586395263671875
11,0.7497625946998596,0.5983780026435852,0.6406926512718201,0.9441472887992859
12,0.7583096027374268,0.5899822115898132,0.6341991424560547,1.0331218242645264
13,0.7587844133377075,0.5767894387245178,0.6320346593856812,1.1628806591033936
14,0.7632953524589539,0.5723827481269836,0.6504328846931458,0.9441428780555725
15,0.7578347325325012,0.5660313963890076,0.6222943663597107,1.0239571332931519
16,0.7727920413017273,0.5465150475502014,0.5995671153068542,0.9461187720298767
17,0.7749287486076355,0.5286343097686768,0.6320346593856812,1.0552678108215332
18,0.7746913433074951,0.5327771306037903,0.6179653406143188,1.1187924146652222
19,0.791547954082489,0.50010085105896,0.6504328846931458,1.04349946975708
20,0.7853751182556152,0.5063397884368896,0.6266233921051025,1.2463899850845337
21,0.7898860573768616,0.48451364040374756,0.6179653406143188,1.0215985774993896
22,0.7924976348876953,0.49176934361457825,0.6136363744735718,1.1104451417922974
23,0.7960588932037354,0.4693845510482788,0.6525974273681641,1.1378411054611206
24,0.8072174787521362,0.4576825201511383,0.5584415793418884,1.1944254636764526
25,0.8029439449310303,0.4608617126941681,0.5844155550003052,1.0853567123413086
26,0.8124406337738037,0.44661471247673035,0.6471861600875854,1.2026783227920532
27,0.8019943237304688,0.45201581716537476,0.600649356842041,1.0558077096939087
28,0.8145774006843567,0.4440695345401764,0.5551947951316833,1.0865964889526367
