epoch,accuracy,loss,val_accuracy,val_loss
0,0.4969135820865631,1.305661916732788,0.36796537041664124,1.6330640316009521
1,0.603513777256012,1.0526909828186035,0.3549783527851105,1.5214519500732422
2,0.6398385763168335,0.9316849708557129,0.5595238208770752,1.0071192979812622
3,0.6671414971351624,0.8412517309188843,0.5746753215789795,0.9786729216575623
4,0.6775878667831421,0.79664546251297,0.5974025726318359,1.0042990446090698
5,0.6863722801208496,0.7581121921539307,0.588744580745697,1.0408490896224976
6,0.7053655982017517,0.7037503123283386,0.5984848737716675,0.9665583968162537
7,0.7143874764442444,0.6903690099716187,0.5627705454826355,1.0996019840240479
8,0.7267331480979919,0.6671963334083557,0.5952380895614624,0.9747344851493835
9,0.7196106314659119,0.6724721789360046,0.5854978561401367,1.157727599143982
10,0.7307692170143127,0.6312029957771301,0.6244588494300842,1.1169185638427734
11,0.7343304753303528,0.6225712895393372,0.6179653406143188,1.0679107904434204
12,0.7452516555786133,0.600587785243988,0.6168830990791321,1.1234062910079956
13,0.7466761469841003,0.587445855140686,0.5779221057891846,1.3084001541137695
14,0.7528489828109741,0.5767078399658203,0.6071428656578064,0.9907140135765076
15,0.7547483444213867,0.5699714422225952,0.6103895902633667,1.2083373069763184
16,0.7744539380073547,0.5460625290870667,0.6093073487281799,1.1380419731140137
17,0.7583096027374268,0.5495240092277527,0.6190476417541504,1.096943974494934
18,0.7666192054748535,0.5386898517608643,0.5941558480262756,1.077699065208435
19,0.7789648771286011,0.5212010741233826,0.5952380895614624,1.1048460006713867
20,0.7860873937606812,0.49603620171546936,0.5844155550003052,1.3323569297790527
21,0.789411187171936,0.49603718519210815,0.6028138399124146,1.034641146659851
22,0.7953466176986694,0.4822481572628021,0.560606062412262,1.2426226139068604
23,0.7960588932037354,0.4741881489753723,0.6536796689033508,0.8655621409416199
24,0.7986704707145691,0.4770561754703522,0.5941558480262756,1.0065205097198486
25,0.8038936257362366,0.4639905095100403,0.6114718317985535,1.3325200080871582
26,0.8022317290306091,0.4553620517253876,0.6190476417541504,1.3694318532943726
27,0.8043684959411621,0.45790553092956543,0.5995671153068542,1.2738676071166992
28,0.8095916509628296,0.4412631690502167,0.5681818127632141,0.9837581515312195
29,0.8129155039787292,0.43623846769332886,0.6309523582458496,1.0049101114273071
30,0.8214625120162964,0.41828685998916626,0.612554132938385,1.0825467109680176
31,0.8205128312110901,0.42461031675338745,0.5595238208770752,1.7879208326339722
32,0.8205128312110901,0.41545647382736206,0.600649356842041,1.3952906131744385
33,0.8195631504058838,0.42409661412239075,0.5952380895614624,1.4336302280426025
34,0.8347578644752502,0.3961670994758606,0.5681818127632141,1.3189932107925415
35,0.8347578644752502,0.38933101296424866,0.5995671153068542,1.0419327020645142
36,0.8276353478431702,0.3899119794368744,0.5746753215789795,1.1683361530303955
37,0.8376068472862244,0.38988545536994934,0.5963203310966492,1.368634581565857
38,0.8406932353973389,0.3736060857772827,0.5919913649559021,1.1269656419754028
39,0.833808183670044,0.3794849216938019,0.6298701167106628,1.2847282886505127
40,0.8499525189399719,0.35991573333740234,0.5963203310966492,0.9201875925064087
41,0.8402184247970581,0.3800595700740814,0.5833333134651184,1.7367149591445923
42,0.8430674076080322,0.356523722410202,0.6071428656578064,1.1538625955581665
43,0.8482906222343445,0.3501244783401489,0.5313853025436401,1.6230196952819824
44,0.8452041745185852,0.36003223061561584,0.6406926512718201,1.0748863220214844
45,0.8511396050453186,0.3550964891910553,0.6028138399124146,1.1118263006210327
46,0.8577872514724731,0.34640952944755554,0.5833333134651184,0.9993516802787781
47,0.8554130792617798,0.34698161482810974,0.6244588494300842,1.3331507444381714
48,0.8615859746932983,0.32894957065582275,0.6255411505699158,1.1665798425674438
