epoch,accuracy,loss,lr,val_accuracy,val_loss
0,0.6140597462654114,0.8120735287666321,0.001,0.6138613820075989,0.9675450921058655
1,0.684358537197113,0.6319112181663513,0.001,0.6138613820075989,0.864779531955719
2,0.731107234954834,0.5465185046195984,0.001,0.6864686608314514,0.9551554918289185
3,0.7504393458366394,0.48383238911628723,0.001,0.41419142484664917,1.055829405784607
4,0.7458699345588684,0.4905083477497101,0.001,0.5808581113815308,1.2624181509017944
5,0.7803163528442383,0.45889225602149963,0.001,0.6254125237464905,2.1964118480682373
6,0.7866432070732117,0.4501500129699707,0.001,0.48349836468696594,2.439786672592163
7,0.7898066639900208,0.43863657116889954,0.001,0.5495049357414246,2.7383196353912354
8,0.7884007096290588,0.4430461823940277,0.001,0.3993399441242218,2.8351340293884277
9,0.7996485233306885,0.42075029015541077,0.001,0.566006600856781,3.6237728595733643
10,0.8087873458862305,0.4018828570842743,0.001,0.5561056137084961,2.925354480743408
11,0.8182776570320129,0.3845694065093994,0.001,0.5429043173789978,3.594468832015991
12,0.8200351595878601,0.37584540247917175,0.0003,0.5495049357414246,4.114490032196045
13,0.8087873458862305,0.40445971488952637,0.0003,0.5445544719696045,3.9806370735168457
14,0.8186291456222534,0.3757020831108093,0.0003,0.46204620599746704,4.756638050079346
15,0.8288224935531616,0.36695146560668945,0.0003,0.4686468541622162,4.250333786010742
16,0.8379613161087036,0.37157341837882996,0.0003,0.5346534848213196,4.357780933380127
17,0.8228471279144287,0.38472047448158264,0.0003,0.41584157943725586,4.322819709777832
18,0.8267135620117188,0.3717437982559204,0.0003,0.5478547811508179,4.118947505950928
19,0.8288224935531616,0.3657968044281006,0.0003,0.45049506425857544,4.457118034362793
20,0.8372583389282227,0.3527139127254486,0.0003,0.6468647122383118,4.732123374938965
21,0.8267135620117188,0.37084218859672546,0.0003,0.4983498454093933,4.539549350738525
22,0.8340948820114136,0.36081838607788086,9e-05,0.603960394859314,4.36536169052124
23,0.8347979187965393,0.3650367558002472,9e-05,0.4653465449810028,4.379995822906494
24,0.8386643528938293,0.35436519980430603,9e-05,0.5148515105247498,4.165571689605713
25,0.8453426957130432,0.3400094509124756,9e-05,0.47194719314575195,4.182145595550537
26,0.8495606184005737,0.34603151679039,9e-05,0.5264026522636414,4.3389201164245605
27,0.8404217958450317,0.35991010069847107,9e-05,0.4653465449810028,4.37841796875
28,0.8295254707336426,0.36027827858924866,9e-05,0.5676567554473877,4.3472208976745605
29,0.8383128046989441,0.3505139648914337,9e-05,0.4917491674423218,4.248727798461914
30,0.8435852527618408,0.34451356530189514,9e-05,0.5462046265602112,4.565424919128418
31,0.8425307273864746,0.351245254278183,9e-05,0.5181518197059631,4.3896803855896
32,0.8390158414840698,0.34534600377082825,2.7e-05,0.5693069100379944,4.394862174987793
33,0.8425307273864746,0.34737637639045715,2.7e-05,0.5033003091812134,4.436282634735107
34,0.8453426957130432,0.35031649470329285,2.7e-05,0.5066006779670715,4.539412975311279
35,0.8386643528938293,0.351218581199646,2.7e-05,0.5528053045272827,4.4441375732421875
36,0.8449912071228027,0.3339841663837433,2.7e-05,0.5346534848213196,4.482434272766113
37,0.8393673300743103,0.33983200788497925,2.7e-05,0.5462046265602112,4.510413646697998
38,0.8432337641716003,0.3442954123020172,2.7e-05,0.5165016651153564,4.380606174468994
39,0.8435852527618408,0.3428279161453247,2.7e-05,0.528052806854248,4.449269771575928
40,0.8397188186645508,0.3517899811267853,2.7e-05,0.5594059228897095,4.365527629852295
41,0.8523725867271423,0.3306524455547333,2.7e-05,0.5462046265602112,4.408526420593262
42,0.8488576412200928,0.32629209756851196,8.1e-06,0.5445544719696045,4.392423629760742
43,0.8520210981369019,0.33517929911613464,8.1e-06,0.5577557682991028,4.390031814575195
44,0.8548330664634705,0.32439476251602173,8.1e-06,0.528052806854248,4.434398651123047
45,0.8302284479141235,0.3633235692977905,8.1e-06,0.5297029614448547,4.464081287384033
46,0.8499121069908142,0.33700695633888245,8.1e-06,0.5247524976730347,4.480840682983398
47,0.8432337641716003,0.3555082380771637,8.1e-06,0.5198019742965698,4.481661796569824
48,0.8340948820114136,0.346616268157959,8.1e-06,0.5231022834777832,4.4570231437683105
49,0.8467487096786499,0.3382793664932251,8.1e-06,0.5214521288871765,4.4701008796691895
50,0.8414762616157532,0.343088299036026,8.1e-06,0.5181518197059631,4.47723913192749
51,0.8562390208244324,0.3236115276813507,8.1e-06,0.528052806854248,4.4612531661987305
52,0.8383128046989441,0.35126733779907227,2.43e-06,0.5297029614448547,4.480703830718994
53,0.8527240753173828,0.3294781446456909,2.43e-06,0.528052806854248,4.479465007781982
54,0.8358523845672607,0.36227768659591675,2.43e-06,0.5297029614448547,4.492230415344238
55,0.8432337641716003,0.3469226062297821,2.43e-06,0.528052806854248,4.485433101654053
56,0.8485061526298523,0.33470049500465393,2.43e-06,0.5313531160354614,4.439810752868652
57,0.8506151437759399,0.33648887276649475,2.43e-06,0.5313531160354614,4.473021984100342
58,0.8347979187965393,0.3561428189277649,2.43e-06,0.5297029614448547,4.493327617645264
59,0.8453426957130432,0.33931246399879456,2.43e-06,0.5297029614448547,4.469789981842041
60,0.8428822755813599,0.3510211110115051,2.43e-06,0.5297029614448547,4.458221435546875
61,0.8435852527618408,0.3434421122074127,2.43e-06,0.5297029614448547,4.473926067352295
62,0.8432337641716003,0.3513510227203369,1e-06,0.5264026522636414,4.493886470794678
63,0.8481546640396118,0.3375183939933777,1e-06,0.5297029614448547,4.497055530548096
64,0.8411247730255127,0.33933281898498535,1e-06,0.528052806854248,4.473594665527344
65,0.8421792387962341,0.34623679518699646,1e-06,0.5297029614448547,4.474184036254883
66,0.8407732844352722,0.3359951376914978,1e-06,0.5297029614448547,4.466605186462402
67,0.8379613161087036,0.35307958722114563,1e-06,0.5297029614448547,4.469257831573486
68,0.8347979187965393,0.3491523861885071,1e-06,0.5297029614448547,4.480742931365967
69,0.8463971614837646,0.33383384346961975,1e-06,0.5297029614448547,4.496999263763428
70,0.8347979187965393,0.35762524604797363,1e-06,0.5297029614448547,4.490900993347168
71,0.8439367413520813,0.3413921594619751,1e-06,0.528052806854248,4.502861022949219
72,0.8411247730255127,0.34651651978492737,1e-06,0.5297029614448547,4.499295711517334
73,0.8530755639076233,0.33383500576019287,1e-06,0.5313531160354614,4.515595436096191
74,0.8463971614837646,0.3448920249938965,1e-06,0.5313531160354614,4.509530067443848
75,0.8312829732894897,0.3605669438838959,1e-06,0.5297029614448547,4.479607582092285
76,0.8411247730255127,0.34039244055747986,1e-06,0.5297029614448547,4.4935383796691895
77,0.8453426957130432,0.3371436297893524,1e-06,0.5297029614448547,4.496011257171631
78,0.8516696095466614,0.3429342210292816,1e-06,0.5297029614448547,4.486477375030518
79,0.8583479523658752,0.3161349296569824,1e-06,0.5297029614448547,4.472893714904785
80,0.8495606184005737,0.3393477201461792,1e-06,0.5297029614448547,4.493659496307373
81,0.8418277502059937,0.3522036075592041,1e-06,0.5313531160354614,4.490598678588867
82,0.8481546640396118,0.3313731551170349,1e-06,0.5297029614448547,4.487317085266113
83,0.8488576412200928,0.3308989703655243,1e-06,0.5297029614448547,4.479335784912109
84,0.8372583389282227,0.35087642073631287,1e-06,0.5313531160354614,4.490231990814209
85,0.8383128046989441,0.34900036454200745,1e-06,0.5297029614448547,4.492642879486084
86,0.8425307273864746,0.35246747732162476,1e-06,0.5313531160354614,4.494826316833496
87,0.8453426957130432,0.3343450427055359,1e-06,0.5313531160354614,4.502767562866211
88,0.8407732844352722,0.3441931903362274,1e-06,0.5297029614448547,4.4828104972839355
89,0.8414762616157532,0.34490451216697693,1e-06,0.5297029614448547,4.475095748901367
90,0.8439367413520813,0.3401273787021637,1e-06,0.5313531160354614,4.477987289428711
91,0.8404217958450317,0.34932172298431396,1e-06,0.5297029614448547,4.487051486968994
92,0.8369068503379822,0.34720584750175476,1e-06,0.5313531160354614,4.501837730407715
93,0.8449912071228027,0.3355102837085724,1e-06,0.5330032706260681,4.489170551300049
94,0.8298769593238831,0.3567749857902527,1e-06,0.5297029614448547,4.484737873077393
95,0.8506151437759399,0.33575084805488586,1e-06,0.5297029614448547,4.474120616912842
96,0.8449912071228027,0.34221136569976807,1e-06,0.5297029614448547,4.491248607635498
97,0.8326889276504517,0.3535812795162201,1e-06,0.5297029614448547,4.49688720703125
98,0.8411247730255127,0.3387581408023834,1e-06,0.5297029614448547,4.497217655181885
99,0.8449912071228027,0.35041019320487976,1e-06,0.5297029614448547,4.481558322906494
100,0.8562390208244324,0.3218638598918915,1e-06,0.5297029614448547,4.491953372955322
101,0.8565905094146729,0.3264268636703491,1e-06,0.5297029614448547,4.486689567565918
