epoch,accuracy,loss,lr,val_accuracy,val_loss
0,0.6158172488212585,0.8268765807151794,0.001,0.6138613820075989,1.0034351348876953
1,0.6773286461830139,0.6688185930252075,0.001,0.6138613820075989,0.8953520059585571
2,0.7103690505027771,0.583118200302124,0.001,0.6419141888618469,0.9566729664802551
3,0.7367311120033264,0.5268446803092957,0.001,0.6534653306007385,0.9629164338111877
4,0.7451669573783875,0.4940662682056427,0.001,0.6468647122383118,1.1594858169555664
5,0.7739894390106201,0.4547545611858368,0.001,0.5462046265602112,1.6404107809066772
6,0.7782073616981506,0.4508105218410492,0.001,0.5478547811508179,1.7927751541137695
7,0.7785588502883911,0.4467434585094452,0.001,0.5924092531204224,3.290472984313965
8,0.7985939979553223,0.42673081159591675,0.001,0.4570957124233246,3.3041391372680664
9,0.7961335778236389,0.42874887585639954,0.001,0.5396039485931396,3.446984052658081
10,0.822144091129303,0.38437002897262573,0.001,0.49339935183525085,3.7446749210357666
11,0.8274165391921997,0.38524678349494934,0.001,0.38118812441825867,4.182060241699219
12,0.817574679851532,0.3855503797531128,0.0003,0.48514851927757263,4.708999156951904
13,0.813005268573761,0.39303138852119446,0.0003,0.6122112274169922,3.9601590633392334
14,0.8347979187965393,0.3674696087837219,0.0003,0.5495049357414246,4.421943664550781
15,0.8302284479141235,0.37290385365486145,0.0003,0.4917491674423218,4.0771942138671875
16,0.8165202140808105,0.38882264494895935,0.0003,0.4867986738681793,4.238368511199951
17,0.8428822755813599,0.3460426330566406,0.0003,0.528052806854248,4.568764686584473
18,0.8383128046989441,0.3670118749141693,0.0003,0.5957095623016357,3.5522804260253906
19,0.8351494073867798,0.3641626834869385,0.0003,0.5792078971862793,4.415356636047363
20,0.8376098275184631,0.3597659468650818,0.0003,0.5808581113815308,4.504602909088135
21,0.8411247730255127,0.35868972539901733,0.0003,0.5808581113815308,4.793753147125244
22,0.8267135620117188,0.3666274845600128,9e-05,0.48514851927757263,4.5040717124938965
23,0.8333919048309326,0.3682974576950073,9e-05,0.4554455578327179,4.508354187011719
24,0.834446370601654,0.3627423048019409,9e-05,0.6006600856781006,4.377750873565674
25,0.8456941843032837,0.3490104675292969,9e-05,0.5610560774803162,4.520453929901123
26,0.8242530822753906,0.36222952604293823,9e-05,0.4867986738681793,4.6700592041015625
27,0.8407732844352722,0.34760910272598267,9e-05,0.48184818029403687,4.748050689697266
28,0.8333919048309326,0.3498193025588989,9e-05,0.4900990128517151,4.782286167144775
29,0.8270650506019592,0.3696320354938507,9e-05,0.49339935183525085,4.447932243347168
30,0.8485061526298523,0.3458573818206787,9e-05,0.47029703855514526,4.640584945678711
31,0.8432337641716003,0.3507719933986664,9e-05,0.4554455578327179,4.722151279449463
32,0.8386643528938293,0.34451383352279663,2.7e-05,0.4768976867198944,4.685854434967041
33,0.8372583389282227,0.3556410074234009,2.7e-05,0.5082508325576782,4.488112449645996
34,0.8414762616157532,0.3470631539821625,2.7e-05,0.5016501545906067,4.523608684539795
35,0.8411247730255127,0.346160888671875,2.7e-05,0.49339935183525085,4.531278133392334
36,0.8453426957130432,0.3340323269367218,2.7e-05,0.4785478413105011,4.675509929656982
37,0.8337433934211731,0.351117879152298,2.7e-05,0.5214521288871765,4.615581035614014
38,0.8376098275184631,0.35850000381469727,2.7e-05,0.5016501545906067,4.491438388824463
39,0.8362038731575012,0.3612158000469208,2.7e-05,0.4884488582611084,4.544012069702148
40,0.8439367413520813,0.3394244313240051,2.7e-05,0.5231022834777832,4.469854354858398
41,0.8467487096786499,0.3452262878417969,2.7e-05,0.5033003091812134,4.502020359039307
42,0.8537785410881042,0.34306392073631287,8.1e-06,0.5049505233764648,4.544543743133545
43,0.8386643528938293,0.337209016084671,8.1e-06,0.49669966101646423,4.573175430297852
44,0.8379613161087036,0.3519105911254883,8.1e-06,0.5,4.581236362457275
45,0.8393673300743103,0.349303275346756,8.1e-06,0.49504950642585754,4.597475051879883
46,0.8404217958450317,0.3506681025028229,8.1e-06,0.49669966101646423,4.623684883117676
47,0.8404217958450317,0.34823310375213623,8.1e-06,0.5033003091812134,4.6265363693237305
48,0.8393673300743103,0.34966540336608887,8.1e-06,0.4983498454093933,4.602729320526123
49,0.8523725867271423,0.32735583186149597,8.1e-06,0.5,4.589169979095459
50,0.8499121069908142,0.3352314531803131,8.1e-06,0.5033003091812134,4.605129718780518
51,0.8485061526298523,0.3363186717033386,8.1e-06,0.5181518197059631,4.592974662780762
52,0.8467487096786499,0.3394224941730499,2.43e-06,0.5115511417388916,4.620965003967285
53,0.8446397185325623,0.34350457787513733,2.43e-06,0.5033003091812134,4.602348327636719
54,0.8295254707336426,0.36717694997787476,2.43e-06,0.5033003091812134,4.616046905517578
55,0.8460456728935242,0.34438174962997437,2.43e-06,0.5033003091812134,4.6034955978393555
56,0.8492091298103333,0.33017659187316895,2.43e-06,0.5049505233764648,4.608894348144531
57,0.8372583389282227,0.35053011775016785,2.43e-06,0.5033003091812134,4.5814714431762695
58,0.8421792387962341,0.3433173596858978,2.43e-06,0.5033003091812134,4.597537994384766
59,0.8333919048309326,0.36701056361198425,2.43e-06,0.5,4.591979026794434
60,0.8449912071228027,0.34047579765319824,2.43e-06,0.5033003091812134,4.5873517990112305
61,0.8513181209564209,0.33408501744270325,2.43e-06,0.5016501545906067,4.5804829597473145
62,0.8369068503379822,0.3601304292678833,1e-06,0.5033003091812134,4.5895891189575195
63,0.8411247730255127,0.3536262512207031,1e-06,0.5033003091812134,4.5724592208862305
64,0.8407732844352722,0.3561185300350189,1e-06,0.5033003091812134,4.584237575531006
65,0.8446397185325623,0.3371594250202179,1e-06,0.5033003091812134,4.594235420227051
66,0.8369068503379822,0.3474089205265045,1e-06,0.5033003091812134,4.579848766326904
67,0.8432337641716003,0.354825496673584,1e-06,0.5033003091812134,4.582263469696045
68,0.830579936504364,0.36642196774482727,1e-06,0.5016501545906067,4.583691120147705
69,0.8474516868591309,0.33455294370651245,1e-06,0.5016501545906067,4.580336570739746
70,0.8474516868591309,0.3435283601284027,1e-06,0.5016501545906067,4.586843967437744
71,0.8418277502059937,0.3400653600692749,1e-06,0.5016501545906067,4.572779655456543
72,0.8439367413520813,0.34070128202438354,1e-06,0.5033003091812134,4.587069988250732
73,0.8439367413520813,0.3371286690235138,1e-06,0.5033003091812134,4.586556911468506
74,0.8442882299423218,0.342313289642334,1e-06,0.5033003091812134,4.593043327331543
75,0.8425307273864746,0.35197463631629944,1e-06,0.5049505233764648,4.5964226722717285
76,0.8425307273864746,0.34094297885894775,1e-06,0.5016501545906067,4.574099063873291
77,0.8340948820114136,0.3580605387687683,1e-06,0.5016501545906067,4.581328392028809
78,0.8460456728935242,0.33877843618392944,1e-06,0.5033003091812134,4.583881855010986
79,0.8340948820114136,0.3515394628047943,1e-06,0.5033003091812134,4.58903694152832
80,0.8439367413520813,0.343450129032135,1e-06,0.5016501545906067,4.563897132873535
81,0.8421792387962341,0.3511544167995453,1e-06,0.5033003091812134,4.581223011016846
82,0.8439367413520813,0.3492783010005951,1e-06,0.5033003091812134,4.58394193649292
83,0.8407732844352722,0.33787548542022705,1e-06,0.5033003091812134,4.596935272216797
84,0.8527240753173828,0.3418908715248108,1e-06,0.5033003091812134,4.573002338409424
85,0.8428822755813599,0.35031741857528687,1e-06,0.5033003091812134,4.583791732788086
86,0.8404217958450317,0.3490190804004669,1e-06,0.5033003091812134,4.597411632537842
87,0.8446397185325623,0.34088584780693054,1e-06,0.5049505233764648,4.589292049407959
88,0.8467487096786499,0.3355298936367035,1e-06,0.5033003091812134,4.593621730804443
89,0.8365553617477417,0.34487032890319824,1e-06,0.5033003091812134,4.558379173278809
90,0.8439367413520813,0.33737772703170776,1e-06,0.5033003091812134,4.567869186401367
91,0.8418277502059937,0.34501224756240845,1e-06,0.5033003091812134,4.573746681213379
92,0.8355008959770203,0.35364073514938354,1e-06,0.5033003091812134,4.584967613220215
93,0.8397188186645508,0.3419853746891022,1e-06,0.5016501545906067,4.564661979675293
94,0.8397188186645508,0.33281511068344116,1e-06,0.5016501545906067,4.556379795074463
95,0.8337433934211731,0.3615266978740692,1e-06,0.5033003091812134,4.55640172958374
96,0.8411247730255127,0.34113839268684387,1e-06,0.5033003091812134,4.5877366065979
97,0.8407732844352722,0.3412676155567169,1e-06,0.5033003091812134,4.56759786605835
98,0.8442882299423218,0.352186918258667,1e-06,0.5016501545906067,4.570920944213867
99,0.8351494073867798,0.3481302261352539,1e-06,0.5016501545906067,4.567116737365723
100,0.8541300296783447,0.3313276767730713,1e-06,0.5016501545906067,4.575128078460693
101,0.8474516868591309,0.34391140937805176,1e-06,0.5033003091812134,4.564560413360596
