epoch,accuracy,loss,lr,val_accuracy,val_loss
0,0.6133567690849304,0.8164345622062683,0.001,0.6138613820075989,0.9538705348968506
1,0.6826010346412659,0.6384065747261047,0.001,0.6138613820075989,0.8737171292304993
2,0.7251318097114563,0.5449904799461365,0.001,0.6138613820075989,0.896520733833313
3,0.7388400435447693,0.501750648021698,0.001,0.6006600856781006,0.9016841650009155
4,0.7500878572463989,0.49955737590789795,0.001,0.6237623691558838,1.0920413732528687
5,0.7831283211708069,0.45089221000671387,0.001,0.537953794002533,1.2880499362945557
6,0.7859402298927307,0.43962162733078003,0.001,0.6237623691558838,2.2230076789855957
7,0.8007029891014099,0.42884522676467896,0.001,0.5990098714828491,3.471111297607422
8,0.7936730980873108,0.4384406507015228,0.001,0.5792078971862793,3.6220903396606445
9,0.8101933002471924,0.4174381196498871,0.001,0.6089109182357788,3.6726274490356445
10,0.8003515005111694,0.41507309675216675,0.001,0.5957095623016357,3.736654043197632
11,0.8063268661499023,0.40419459342956543,0.001,0.5313531160354614,3.575547933578491
12,0.8115993142127991,0.3969082236289978,0.0003,0.5577557682991028,4.910146713256836
13,0.8217926025390625,0.3868139982223511,0.0003,0.42574256658554077,4.156811714172363
14,0.8203866481781006,0.3760787546634674,0.0003,0.4884488582611084,4.488724708557129
15,0.8063268661499023,0.40168383717536926,0.0003,0.37458744645118713,4.077298164367676
16,0.8224955797195435,0.3794329762458801,0.0003,0.49339935183525085,4.904856204986572
17,0.8239015936851501,0.37215685844421387,0.0003,0.4323432445526123,4.644568920135498
18,0.8425307273864746,0.3495955765247345,0.0003,0.4884488582611084,4.602165699005127
19,0.8319859504699707,0.3679215908050537,0.0003,0.5099009871482849,4.483343601226807
20,0.8369068503379822,0.3510352373123169,0.0003,0.6485148668289185,4.694512367248535
21,0.8228471279144287,0.38515177369117737,0.0003,0.42904290556907654,4.330257415771484
22,0.8421792387962341,0.3392087519168854,9e-05,0.4422442317008972,4.644078731536865
23,0.8400703072547913,0.35216039419174194,9e-05,0.4752475321292877,4.3782267570495605
24,0.8330404162406921,0.3553575277328491,9e-05,0.45214521884918213,4.542538642883301
25,0.8302284479141235,0.36424893140792847,9e-05,0.4537953734397888,4.669743061065674
26,0.8291739821434021,0.363602876663208,9e-05,0.5313531160354614,4.55219030380249
27,0.8355008959770203,0.3510836064815521,9e-05,0.5544554591178894,4.742643356323242
28,0.8379613161087036,0.35152891278266907,9e-05,0.5693069100379944,4.5936784744262695
29,0.830579936504364,0.35338670015335083,9e-05,0.6122112274169922,4.778757095336914
30,0.8351494073867798,0.35454392433166504,9e-05,0.5709571242332458,4.7384748458862305
31,0.8347979187965393,0.35473284125328064,9e-05,0.4471947252750397,4.666390419006348
32,0.8330404162406921,0.34673434495925903,2.7e-05,0.47194719314575195,4.607528209686279
33,0.8281195163726807,0.36114054918289185,2.7e-05,0.4455445408821106,4.686985969543457
34,0.8372583389282227,0.3381446897983551,2.7e-05,0.4768976867198944,4.548962593078613
35,0.8246045708656311,0.37307193875312805,2.7e-05,0.5511550903320312,4.683875560760498
36,0.8323374390602112,0.3478372395038605,2.7e-05,0.5247524976730347,4.699547290802002
37,0.8172231912612915,0.3889831304550171,2.7e-05,0.5297029614448547,4.714089870452881
38,0.8474516868591309,0.3435654044151306,2.7e-05,0.48184818029403687,4.774346351623535
39,0.8460456728935242,0.3351486921310425,2.7e-05,0.5,4.733053684234619
40,0.8379613161087036,0.34378647804260254,2.7e-05,0.4867986738681793,4.900694370269775
41,0.8418277502059937,0.3481951057910919,2.7e-05,0.5165016651153564,4.820740699768066
42,0.8411247730255127,0.34202244877815247,8.1e-06,0.4983498454093933,4.817803859710693
43,0.8372583389282227,0.34915927052497864,8.1e-06,0.5099009871482849,4.7946977615356445
44,0.8400703072547913,0.3583303987979889,8.1e-06,0.4867986738681793,4.803374767303467
45,0.8400703072547913,0.3451941907405853,8.1e-06,0.48349836468696594,4.812612533569336
46,0.8463971614837646,0.34055376052856445,8.1e-06,0.4900990128517151,4.830731391906738
47,0.8312829732894897,0.36225539445877075,8.1e-06,0.4917491674423218,4.858199596405029
48,0.8365553617477417,0.3521420657634735,8.1e-06,0.48184818029403687,4.863679885864258
49,0.8407732844352722,0.3440924286842346,8.1e-06,0.4900990128517151,4.830292224884033
50,0.8456941843032837,0.3407866060733795,8.1e-06,0.4884488582611084,4.816031455993652
51,0.8428822755813599,0.34955427050590515,8.1e-06,0.4884488582611084,4.8247575759887695
52,0.8474516868591309,0.34288230538368225,2.43e-06,0.49339935183525085,4.816850662231445
53,0.8432337641716003,0.34619131684303284,2.43e-06,0.49669966101646423,4.81651496887207
54,0.8369068503379822,0.35311946272850037,2.43e-06,0.49669966101646423,4.801726341247559
55,0.8435852527618408,0.3379724621772766,2.43e-06,0.49669966101646423,4.81089973449707
56,0.8446397185325623,0.34530654549598694,2.43e-06,0.5,4.8072829246521
57,0.8386643528938293,0.3514002561569214,2.43e-06,0.4917491674423218,4.839028358459473
58,0.8418277502059937,0.3455871641635895,2.43e-06,0.49339935183525085,4.820128440856934
59,0.8355008959770203,0.36072754859924316,2.43e-06,0.4884488582611084,4.8215179443359375
60,0.8316344618797302,0.35485655069351196,2.43e-06,0.49339935183525085,4.808655738830566
61,0.8326889276504517,0.35801997780799866,2.43e-06,0.49669966101646423,4.805087566375732
62,0.8425307273864746,0.3407503068447113,1e-06,0.4900990128517151,4.79540491104126
63,0.8404217958450317,0.3513902723789215,1e-06,0.49669966101646423,4.806362152099609
64,0.8369068503379822,0.34561485052108765,1e-06,0.4900990128517151,4.819687843322754
65,0.8432337641716003,0.3424077332019806,1e-06,0.49669966101646423,4.811929702758789
66,0.8467487096786499,0.332597553730011,1e-06,0.49669966101646423,4.832016944885254
67,0.8407732844352722,0.33999839425086975,1e-06,0.4917491674423218,4.816553592681885
68,0.8425307273864746,0.34633007645606995,1e-06,0.4917491674423218,4.839750289916992
69,0.8407732844352722,0.3495577275753021,1e-06,0.49669966101646423,4.814009189605713
70,0.830579936504364,0.366645872592926,1e-06,0.49669966101646423,4.8003740310668945
71,0.8390158414840698,0.35553011298179626,1e-06,0.49669966101646423,4.818909645080566
72,0.8594024777412415,0.3249276280403137,1e-06,0.49339935183525085,4.828996181488037
73,0.8442882299423218,0.35564738512039185,1e-06,0.49504950642585754,4.814090251922607
74,0.8446397185325623,0.3365951478481293,1e-06,0.4983498454093933,4.836156368255615
75,0.8520210981369019,0.3328424096107483,1e-06,0.49669966101646423,4.8260498046875
76,0.8351494073867798,0.34512290358543396,1e-06,0.49339935183525085,4.817996025085449
77,0.8435852527618408,0.34392452239990234,1e-06,0.4917491674423218,4.80772590637207
78,0.8217926025390625,0.37442269921302795,1e-06,0.49504950642585754,4.82320499420166
79,0.8400703072547913,0.3476242423057556,1e-06,0.49669966101646423,4.814327239990234
80,0.8485061526298523,0.33026471734046936,1e-06,0.49339935183525085,4.79595422744751
81,0.8407732844352722,0.3408338725566864,1e-06,0.4884488582611084,4.800480842590332
82,0.834446370601654,0.36131444573402405,1e-06,0.49669966101646423,4.809077262878418
83,0.8435852527618408,0.3445916175842285,1e-06,0.49339935183525085,4.792283535003662
84,0.8333919048309326,0.3510059416294098,1e-06,0.49504950642585754,4.818902969360352
85,0.8453426957130432,0.3464852571487427,1e-06,0.49339935183525085,4.798030853271484
86,0.8312829732894897,0.34649229049682617,1e-06,0.49504950642585754,4.782439231872559
87,0.8442882299423218,0.337921142578125,1e-06,0.4900990128517151,4.795106410980225
88,0.8492091298103333,0.3270115852355957,1e-06,0.4900990128517151,4.811032772064209
89,0.8428822755813599,0.34713587164878845,1e-06,0.4917491674423218,4.823631763458252
90,0.8351494073867798,0.35330280661582947,1e-06,0.4900990128517151,4.817958831787109
91,0.8312829732894897,0.3532910645008087,1e-06,0.4917491674423218,4.797836780548096
92,0.8372583389282227,0.3472933769226074,1e-06,0.4917491674423218,4.791987419128418
93,0.8400703072547913,0.3514607548713684,1e-06,0.4917491674423218,4.836894512176514
94,0.8358523845672607,0.3436068296432495,1e-06,0.4900990128517151,4.82481575012207
95,0.8418277502059937,0.3477455675601959,1e-06,0.4900990128517151,4.794180393218994
96,0.8365553617477417,0.34190523624420166,1e-06,0.4900990128517151,4.793808937072754
97,0.8439367413520813,0.33881133794784546,1e-06,0.4917491674423218,4.798453330993652
98,0.8347979187965393,0.35510990023612976,1e-06,0.4917491674423218,4.808133125305176
99,0.822144091129303,0.3776676058769226,1e-06,0.4917491674423218,4.814810752868652
100,0.8400703072547913,0.34132418036460876,1e-06,0.49339935183525085,4.808589935302734
101,0.8439367413520813,0.344759076833725,1e-06,0.49504950642585754,4.817923545837402
