epoch,accuracy,loss,lr,val_accuracy,val_loss
0,0.6671352982521057,0.6631903648376465,0.001,0.6138613820075989,0.9840524196624756
1,0.7458699345588684,0.504939615726471,0.001,0.6138613820075989,1.5473196506500244
2,0.7982425093650818,0.43456828594207764,0.001,0.6138613820075989,2.053830623626709
3,0.8035149574279785,0.4212469160556793,0.001,0.6138613820075989,2.2644922733306885
4,0.8288224935531616,0.37795308232307434,0.001,0.6138613820075989,2.1426241397857666
5,0.8664323091506958,0.3110739588737488,0.001,0.5973597168922424,2.04811954498291
6,0.867486834526062,0.30987176299095154,0.001,0.5462046265602112,2.3735334873199463
7,0.8692442774772644,0.3109084367752075,0.001,0.6468647122383118,0.9827852845191956
8,0.8875219821929932,0.26997262239456177,0.001,0.5033003091812134,5.7557783126831055
9,0.8783831000328064,0.2770576775074005,0.001,0.3976897597312927,3.8447341918945312
10,0.8998242616653442,0.24152494966983795,0.001,0.5198019742965698,3.9604265689849854
11,0.8956063389778137,0.24380621314048767,0.001,0.5297029614448547,5.3925580978393555
12,0.9251317977905273,0.2026328295469284,0.001,0.537953794002533,5.878347396850586
13,0.9114235639572144,0.22257618606090546,0.001,0.6930692791938782,7.606909275054932
14,0.9195079207420349,0.19569094479084015,0.001,0.6254125237464905,6.83599853515625
15,0.9166959524154663,0.20893056690692902,0.001,0.6402640342712402,8.600446701049805
16,0.9289982318878174,0.18497170507907867,0.001,0.433993399143219,5.287539482116699
17,0.9254832863807678,0.19295769929885864,0.001,0.5874587297439575,3.9443249702453613
18,0.940246045589447,0.1551404893398285,0.0003,0.5973597168922424,5.113244533538818
19,0.953251302242279,0.1306595504283905,0.0003,0.4867986738681793,6.595366954803467
20,0.9458699226379395,0.14206336438655853,0.0003,0.5693069100379944,5.48447847366333
21,0.9557117819786072,0.12259122729301453,0.0003,0.5561056137084961,6.904384613037109
22,0.9553602933883667,0.11983672529459,0.0003,0.4207920730113983,7.436009407043457
23,0.9536027908325195,0.1190720796585083,0.0003,0.5396039485931396,6.496123790740967
24,0.9504393935203552,0.11858266592025757,0.0003,0.47194719314575195,8.650803565979004
25,0.9581722617149353,0.10989580303430557,0.0003,0.5132012963294983,7.065326690673828
26,0.9497363567352295,0.12202088534832001,0.0003,0.3861386179924011,7.07351541519165
27,0.9599297046661377,0.10847711563110352,0.0003,0.5066006779670715,6.491998672485352
28,0.9634446501731873,0.10793333500623703,9e-05,0.49339935183525085,6.99483585357666
29,0.9623901844024658,0.10229609161615372,9e-05,0.5544554591178894,5.873940467834473
30,0.9613356590270996,0.10235639661550522,9e-05,0.5214521288871765,6.447793960571289
31,0.9620386362075806,0.10422041267156601,9e-05,0.5808581113815308,5.666281700134277
32,0.9669595956802368,0.0868992805480957,9e-05,0.5264026522636414,6.695290565490723
33,0.9673110842704773,0.09329298883676529,9e-05,0.4884488582611084,7.606729507446289
34,0.9606326818466187,0.10098041594028473,9e-05,0.4768976867198944,7.308657169342041
35,0.9662566184997559,0.09507666528224945,9e-05,0.49504950642585754,7.181938648223877
36,0.9620386362075806,0.0986269861459732,9e-05,0.5429043173789978,6.384397983551025
37,0.9697715044021606,0.08907239884138107,9e-05,0.5495049357414246,6.649133205413818
38,0.9690685272216797,0.0856659933924675,2.7e-05,0.49669966101646423,7.155882358551025
39,0.9644991159439087,0.09694202244281769,2.7e-05,0.49504950642585754,7.000899791717529
40,0.9711775183677673,0.08685410022735596,2.7e-05,0.5148515105247498,6.559769630432129
41,0.9592267274856567,0.10300613939762115,2.7e-05,0.5033003091812134,6.75325870513916
42,0.9708260297775269,0.0882040336728096,2.7e-05,0.4983498454093933,7.010528564453125
43,0.9694200158119202,0.08458343148231506,2.7e-05,0.5148515105247498,7.046180248260498
44,0.9708260297775269,0.09051572531461716,2.7e-05,0.5016501545906067,7.0391316413879395
45,0.9648506045341492,0.09897331893444061,2.7e-05,0.5066006779670715,7.6120710372924805
46,0.9673110842704773,0.0878698080778122,2.7e-05,0.5264026522636414,7.131684303283691
47,0.9711775183677673,0.07849087566137314,2.7e-05,0.5198019742965698,7.281885147094727
48,0.9676625728607178,0.09629642218351364,8.1e-06,0.5165016651153564,7.170400619506836
49,0.9718804955482483,0.08117871731519699,8.1e-06,0.5066006779670715,7.031261444091797
50,0.9687170386314392,0.08533938974142075,8.1e-06,0.5115511417388916,7.016940116882324
51,0.9648506045341492,0.09168331325054169,8.1e-06,0.5,7.122455596923828
52,0.9680140614509583,0.08396097272634506,8.1e-06,0.5049505233764648,7.114783763885498
53,0.9669595956802368,0.08640631288290024,8.1e-06,0.5016501545906067,7.264708995819092
54,0.9659050703048706,0.0889638215303421,8.1e-06,0.5,7.162838459014893
55,0.9690685272216797,0.08051983267068863,8.1e-06,0.5033003091812134,7.155864715576172
56,0.9704745411872864,0.08155230432748795,8.1e-06,0.5132012963294983,7.203361988067627
57,0.9743409752845764,0.07343343645334244,8.1e-06,0.5198019742965698,7.153883457183838
58,0.9701230525970459,0.07910417765378952,2.43e-06,0.5066006779670715,7.130483150482178
59,0.9722319841384888,0.08367244899272919,2.43e-06,0.5066006779670715,7.106510639190674
60,0.9729349613189697,0.07983428984880447,2.43e-06,0.5049505233764648,7.091526985168457
61,0.9704745411872864,0.0802723616361618,2.43e-06,0.5082508325576782,7.063884258270264
62,0.9743409752845764,0.07472183555364609,2.43e-06,0.5066006779670715,7.082932949066162
63,0.9694200158119202,0.08688551187515259,2.43e-06,0.5049505233764648,7.115555763244629
64,0.9743409752845764,0.07444105297327042,2.43e-06,0.5049505233764648,7.08678674697876
65,0.9680140614509583,0.08288106322288513,2.43e-06,0.5066006779670715,7.09192419052124
66,0.9683655500411987,0.08656081557273865,2.43e-06,0.5033003091812134,7.106410503387451
67,0.9736379384994507,0.07860373705625534,2.43e-06,0.5033003091812134,7.077516078948975
68,0.9697715044021606,0.08231676369905472,1e-06,0.5033003091812134,7.072742462158203
69,0.9708260297775269,0.07968437671661377,1e-06,0.5033003091812134,7.09674596786499
70,0.9673110842704773,0.08577153086662292,1e-06,0.5049505233764648,7.093907833099365
71,0.9743409752845764,0.07566305994987488,1e-06,0.5049505233764648,7.093894958496094
72,0.9669595956802368,0.09325512498617172,1e-06,0.5049505233764648,7.04982328414917
73,0.9729349613189697,0.07308430224657059,1e-06,0.5049505233764648,7.076049327850342
74,0.9694200158119202,0.09395383298397064,1e-06,0.5033003091812134,7.057019233703613
75,0.9669595956802368,0.08521410822868347,1e-06,0.5049505233764648,7.084166526794434
76,0.9659050703048706,0.0888637900352478,1e-06,0.5049505233764648,7.041276454925537
77,0.9746924638748169,0.07527086138725281,1e-06,0.5049505233764648,7.064671516418457
78,0.9729349613189697,0.0798555314540863,1e-06,0.5049505233764648,7.050159931182861
79,0.9669595956802368,0.08391198515892029,1e-06,0.5066006779670715,7.117579936981201
80,0.9676625728607178,0.08520593494176865,1e-06,0.5033003091812134,7.1393303871154785
81,0.9718804955482483,0.08082999289035797,1e-06,0.5016501545906067,7.137501239776611
82,0.9725834727287292,0.07832416146993637,1e-06,0.5033003091812134,7.0826897621154785
83,0.9644991159439087,0.09342864900827408,1e-06,0.5033003091812134,7.103639125823975
84,0.9729349613189697,0.0800088495016098,1e-06,0.5033003091812134,7.076549053192139
85,0.9743409752845764,0.07082372903823853,1e-06,0.5033003091812134,7.115501880645752
86,0.9669595956802368,0.08932263404130936,1e-06,0.5033003091812134,7.084393501281738
87,0.9697715044021606,0.08658213168382645,1e-06,0.5033003091812134,7.066677570343018
88,0.9736379384994507,0.07650761306285858,1e-06,0.5,7.127950668334961
89,0.9659050703048706,0.09675726294517517,1e-06,0.5066006779670715,7.100130558013916
90,0.9701230525970459,0.08468744158744812,1e-06,0.5049505233764648,7.078990459442139
91,0.9659050703048706,0.09166048467159271,1e-06,0.5016501545906067,7.066450595855713
92,0.9711775183677673,0.08128546923398972,1e-06,0.5033003091812134,7.054764270782471
93,0.9687170386314392,0.08708377182483673,1e-06,0.5049505233764648,7.082375526428223
94,0.9722319841384888,0.08212240040302277,1e-06,0.5049505233764648,7.059906482696533
95,0.9694200158119202,0.08232402056455612,1e-06,0.5033003091812134,7.1388983726501465
96,0.9722319841384888,0.08127282559871674,1e-06,0.5066006779670715,7.140653133392334
97,0.9659050703048706,0.09263362735509872,1e-06,0.5066006779670715,7.130949020385742
98,0.9739894270896912,0.07558847218751907,1e-06,0.5049505233764648,7.112253189086914
99,0.9732864499092102,0.07788479328155518,1e-06,0.5033003091812134,7.066370964050293
100,0.9673110842704773,0.08176115900278091,1e-06,0.5049505233764648,7.0637288093566895
101,0.9722319841384888,0.08005627989768982,1e-06,0.5016501545906067,7.050162315368652
102,0.9743409752845764,0.08130939304828644,1e-06,0.5016501545906067,7.0640387535095215
103,0.9757469296455383,0.07573230564594269,1e-06,0.5033003091812134,7.074045658111572
104,0.9711775183677673,0.08117413520812988,1e-06,0.5066006779670715,7.01526403427124
105,0.9641476273536682,0.08365284651517868,1e-06,0.5066006779670715,7.027769088745117
106,0.9729349613189697,0.07874614745378494,1e-06,0.5066006779670715,7.015259265899658
107,0.9701230525970459,0.08311892300844193,1e-06,0.5049505233764648,6.999447345733643
