epoch,accuracy,loss,lr,val_accuracy,val_loss
0,0.6625658869743347,0.6663808226585388,0.001,0.6138613820075989,1.0112873315811157
1,0.7297012209892273,0.531353771686554,0.001,0.6138613820075989,1.4740581512451172
2,0.7697715163230896,0.45758911967277527,0.001,0.6138613820075989,1.8895519971847534
3,0.8263620138168335,0.39622607827186584,0.001,0.6138613820075989,2.661231279373169
4,0.8365553617477417,0.35683801770210266,0.001,0.6138613820075989,2.589186191558838
5,0.8555360436439514,0.3394656777381897,0.001,0.5544554591178894,2.18776535987854
6,0.8731107115745544,0.30339664220809937,0.001,0.31518152356147766,2.3435311317443848
7,0.877328634262085,0.29380640387535095,0.001,0.30363035202026367,3.5362391471862793
8,0.8776801228523254,0.29117289185523987,0.001,0.4587458670139313,3.6304492950439453
9,0.8963093161582947,0.2678934633731842,0.001,0.5115511417388916,3.5084211826324463
10,0.9156414866447449,0.22021597623825073,0.001,0.6188119053840637,2.018388032913208
11,0.9142354726791382,0.22896957397460938,0.0003,0.537953794002533,5.401208877563477
12,0.9254832863807678,0.2036626636981964,0.0003,0.5165016651153564,5.039936542510986
13,0.9346221685409546,0.1803838163614273,0.0003,0.5115511417388916,5.1596479415893555
14,0.9335676431655884,0.17655466496944427,0.0003,0.594059407711029,4.537781238555908
15,0.9384886026382446,0.16676604747772217,0.0003,0.44884487986564636,5.221878528594971
16,0.9346221685409546,0.16868223249912262,0.0003,0.43894389271736145,6.054860591888428
17,0.9437609910964966,0.16128769516944885,0.0003,0.433993399143219,5.296399116516113
18,0.9325131773948669,0.17860156297683716,0.0003,0.528052806854248,4.694345951080322
19,0.9370825886726379,0.1611524224281311,0.0003,0.4356435537338257,6.166056156158447
20,0.9395430684089661,0.16051293909549713,0.0003,0.5429043173789978,5.245326042175293
21,0.9543058276176453,0.13075374066829681,9e-05,0.46204620599746704,5.877117156982422
22,0.9476274251937866,0.14242543280124664,9e-05,0.48349836468696594,5.706765651702881
23,0.9507908821105957,0.1314772069454193,9e-05,0.5445544719696045,5.416947841644287
24,0.9465729594230652,0.1378576159477234,9e-05,0.46204620599746704,6.074721336364746
25,0.9465729594230652,0.14103299379348755,9e-05,0.4884488582611084,5.676591396331787
26,0.9581722617149353,0.12466779351234436,9e-05,0.46204620599746704,5.7367329597473145
27,0.9514938592910767,0.13272835314273834,9e-05,0.5016501545906067,5.798855781555176
28,0.9511423707008362,0.12464898824691772,9e-05,0.48514851927757263,5.718050003051758
29,0.9507908821105957,0.13243532180786133,9e-05,0.49339935183525085,5.87285852432251
30,0.9543058276176453,0.12290321290493011,9e-05,0.5132012963294983,5.885318756103516
31,0.9574692249298096,0.11668509989976883,2.7e-05,0.5082508325576782,5.982101917266846
32,0.9553602933883667,0.12033168226480484,2.7e-05,0.5132012963294983,5.826004505157471
33,0.9525483250617981,0.1187957152724266,2.7e-05,0.5247524976730347,5.969004154205322
34,0.9564147591590881,0.11652328819036484,2.7e-05,0.4983498454093933,6.03099250793457
35,0.95008784532547,0.1402323991060257,2.7e-05,0.5066006779670715,5.961538314819336
36,0.95782071352005,0.11464812606573105,2.7e-05,0.5264026522636414,5.675252437591553
37,0.9585237503051758,0.11356347054243088,2.7e-05,0.5082508325576782,5.886885166168213
38,0.95395427942276,0.11619198322296143,2.7e-05,0.5330032706260681,5.98726749420166
39,0.9560632705688477,0.11948469281196594,2.7e-05,0.5115511417388916,6.096647262573242
40,0.9525483250617981,0.12506425380706787,2.7e-05,0.5033003091812134,6.141261577606201
41,0.9521968364715576,0.12861593067646027,8.1e-06,0.5082508325576782,6.204719066619873
42,0.9564147591590881,0.12377078086137772,8.1e-06,0.5165016651153564,6.179134368896484
43,0.9602811932563782,0.10927537828683853,8.1e-06,0.5082508325576782,6.1728515625
44,0.9550088047981262,0.1238933578133583,8.1e-06,0.5099009871482849,6.200345993041992
45,0.9585237503051758,0.11800269037485123,8.1e-06,0.5148515105247498,6.145125389099121
46,0.9546573162078857,0.11950031667947769,8.1e-06,0.5231022834777832,6.149752140045166
47,0.9514938592910767,0.12201447784900665,8.1e-06,0.5165016651153564,6.155677795410156
48,0.9606326818466187,0.10943442583084106,8.1e-06,0.5181518197059631,6.144578456878662
49,0.9592267274856567,0.11256207525730133,8.1e-06,0.5165016651153564,6.137953281402588
50,0.9623901844024658,0.1115206629037857,8.1e-06,0.5165016651153564,6.129021644592285
51,0.9613356590270996,0.10800964385271072,2.43e-06,0.5181518197059631,6.117466449737549
52,0.9588752388954163,0.11007366329431534,2.43e-06,0.5181518197059631,6.090662956237793
53,0.9564147591590881,0.11752739548683167,2.43e-06,0.5181518197059631,6.108020305633545
54,0.9567662477493286,0.11937195807695389,2.43e-06,0.5181518197059631,6.093323230743408
55,0.9592267274856567,0.10671745985746384,2.43e-06,0.5198019742965698,6.11965799331665
56,0.9602811932563782,0.1095413789153099,2.43e-06,0.5214521288871765,6.130130290985107
57,0.9585237503051758,0.11713521927595139,2.43e-06,0.5181518197059631,6.158656120300293
58,0.9557117819786072,0.11393550783395767,2.43e-06,0.5181518197059631,6.1554059982299805
59,0.9585237503051758,0.11107708513736725,2.43e-06,0.5214521288871765,6.136531829833984
60,0.9592267274856567,0.11784244328737259,2.43e-06,0.5214521288871765,6.143691539764404
61,0.9567662477493286,0.11439518630504608,1e-06,0.5214521288871765,6.139582633972168
62,0.9479789137840271,0.12817168235778809,1e-06,0.5181518197059631,6.164624214172363
63,0.9567662477493286,0.11483688652515411,1e-06,0.5198019742965698,6.143346786499023
64,0.9564147591590881,0.12088271975517273,1e-06,0.5214521288871765,6.141879081726074
65,0.9648506045341492,0.10706374049186707,1e-06,0.5181518197059631,6.132513523101807
66,0.9567662477493286,0.1151074543595314,1e-06,0.5181518197059631,6.132577419281006
67,0.9536027908325195,0.12079830467700958,1e-06,0.5181518197059631,6.133294582366943
68,0.9606326818466187,0.10871732234954834,1e-06,0.5181518197059631,6.156656265258789
69,0.9581722617149353,0.1170964315533638,1e-06,0.5181518197059631,6.154360294342041
70,0.9606326818466187,0.1119595617055893,1e-06,0.5181518197059631,6.151168346405029
71,0.9602811932563782,0.11114706844091415,1e-06,0.5181518197059631,6.170662879943848
72,0.9599297046661377,0.10360697656869888,1e-06,0.5181518197059631,6.163961410522461
73,0.9476274251937866,0.12455136328935623,1e-06,0.5181518197059631,6.149218559265137
74,0.9553602933883667,0.116836778819561,1e-06,0.5181518197059631,6.1792521476745605
75,0.953251302242279,0.12649419903755188,1e-06,0.5198019742965698,6.1940226554870605
76,0.9581722617149353,0.11500173062086105,1e-06,0.5214521288871765,6.177928447723389
77,0.9546573162078857,0.11811316758394241,1e-06,0.5214521288871765,6.170780181884766
78,0.949384868144989,0.13380996882915497,1e-06,0.5198019742965698,6.198099136352539
79,0.9528998136520386,0.12103481590747833,1e-06,0.5198019742965698,6.16883659362793
80,0.95782071352005,0.11518039554357529,1e-06,0.5165016651153564,6.180025100708008
81,0.9490333795547485,0.12613992393016815,1e-06,0.5165016651153564,6.182155132293701
82,0.9557117819786072,0.1163182482123375,1e-06,0.5214521288871765,6.1735687255859375
83,0.9567662477493286,0.11819596588611603,1e-06,0.5198019742965698,6.158665180206299
84,0.9543058276176453,0.11403662711381912,1e-06,0.5198019742965698,6.164949417114258
85,0.9557117819786072,0.12247021496295929,1e-06,0.5181518197059631,6.171159267425537
86,0.9581722617149353,0.12083039432764053,1e-06,0.5214521288871765,6.164421081542969
87,0.9627416729927063,0.10468634217977524,1e-06,0.5214521288871765,6.153352737426758
88,0.95395427942276,0.12175584584474564,1e-06,0.5198019742965698,6.148121356964111
89,0.9609841704368591,0.11520397663116455,1e-06,0.5165016651153564,6.172476768493652
90,0.9564147591590881,0.12079481780529022,1e-06,0.5181518197059631,6.18549108505249
91,0.9581722617149353,0.11239246279001236,1e-06,0.5198019742965698,6.165054798126221
92,0.9592267274856567,0.10607361793518066,1e-06,0.5181518197059631,6.165372848510742
93,0.95395427942276,0.11546243727207184,1e-06,0.5198019742965698,6.174166679382324
94,0.9521968364715576,0.12441545724868774,1e-06,0.5214521288871765,6.191508769989014
95,0.9592267274856567,0.10773573070764542,1e-06,0.5214521288871765,6.1763811111450195
96,0.9574692249298096,0.11487890034914017,1e-06,0.5214521288871765,6.168968200683594
97,0.9560632705688477,0.12013957649469376,1e-06,0.5214521288871765,6.166170120239258
98,0.9528998136520386,0.12035983800888062,1e-06,0.5198019742965698,6.182797431945801
99,0.9574692249298096,0.11000460386276245,1e-06,0.5181518197059631,6.173382759094238
100,0.9557117819786072,0.11829232424497604,1e-06,0.5181518197059631,6.181454658508301
