epoch,accuracy,loss,lr,val_accuracy,val_loss
0,0.6534270644187927,0.6711041927337646,0.001,0.6138613820075989,1.0122586488723755
1,0.7455184459686279,0.5230979919433594,0.001,0.6138613820075989,1.5213466882705688
2,0.7859402298927307,0.4433590769767761,0.001,0.6138613820075989,2.19962477684021
3,0.80843585729599,0.41031238436698914,0.001,0.6138613820075989,2.0028486251831055
4,0.8193321824073792,0.3907589614391327,0.001,0.6138613820075989,1.9312258958816528
5,0.8625659346580505,0.3256639242172241,0.001,0.5132012963294983,1.5937517881393433
6,0.872759222984314,0.31540486216545105,0.001,0.5742574334144592,1.6035524606704712
7,0.8854129910469055,0.2799898386001587,0.001,0.5445544719696045,1.5570493936538696
8,0.9022846817970276,0.2649063766002655,0.001,0.5478547811508179,3.2268755435943604
9,0.9124780297279358,0.2306891232728958,0.001,0.6138613820075989,4.672824859619141
10,0.9142354726791382,0.23391883075237274,0.001,0.5693069100379944,6.079126834869385
11,0.9405975341796875,0.1676093339920044,0.0003,0.4884488582611084,5.0315704345703125
12,0.940949022769928,0.16380417346954346,0.0003,0.49504950642585754,4.829193592071533
13,0.9388400912284851,0.16368286311626434,0.0003,0.6485148668289185,4.830075263977051
14,0.9370825886726379,0.16425663232803345,0.0003,0.4224422574043274,4.600340843200684
15,0.9420034885406494,0.15356673300266266,0.0003,0.4917491674423218,5.060999870300293
16,0.940246045589447,0.1592417061328888,0.0003,0.5247524976730347,5.330460071563721
17,0.9427065253257751,0.1621054708957672,0.0003,0.42574256658554077,6.021546363830566
18,0.9521968364715576,0.1373506784439087,0.0003,0.6089109182357788,4.760847568511963
19,0.9476274251937866,0.14431235194206238,0.0003,0.5082508325576782,4.602999687194824
20,0.9528998136520386,0.12962102890014648,0.0003,0.6089109182357788,4.138735294342041
21,0.95395427942276,0.12335432320833206,9e-05,0.5544554591178894,4.8970513343811035
22,0.9536027908325195,0.11732851713895798,9e-05,0.5115511417388916,5.03963041305542
23,0.9574692249298096,0.11656114459037781,9e-05,0.5016501545906067,5.37834358215332
24,0.9595782160758972,0.12085149437189102,9e-05,0.5429043173789978,5.093108177185059
25,0.9588752388954163,0.10977448523044586,9e-05,0.5709571242332458,5.184594631195068
26,0.9585237503051758,0.12019237130880356,9e-05,0.5495049357414246,5.235300540924072
27,0.9567662477493286,0.11511249840259552,9e-05,0.4983498454093933,5.443994998931885
28,0.9616871476173401,0.10862330347299576,9e-05,0.5726072788238525,5.4394965171813965
29,0.9602811932563782,0.10686743259429932,9e-05,0.4900990128517151,6.229330062866211
30,0.9518453478813171,0.12826555967330933,9e-05,0.47359734773635864,5.379762649536133
31,0.9606326818466187,0.1013951227068901,2.7e-05,0.528052806854248,5.731110572814941
32,0.9637961387634277,0.10181161761283875,2.7e-05,0.5247524976730347,5.446627140045166
33,0.9616871476173401,0.10806803405284882,2.7e-05,0.5132012963294983,5.364145755767822
34,0.9592267274856567,0.10538692772388458,2.7e-05,0.5082508325576782,5.448892593383789
35,0.9641476273536682,0.09868942946195602,2.7e-05,0.528052806854248,5.57627010345459
36,0.9592267274856567,0.10605336725711823,2.7e-05,0.537953794002533,5.413177490234375
37,0.9676625728607178,0.09293171763420105,2.7e-05,0.5445544719696045,5.462677001953125
38,0.9616871476173401,0.10493788123130798,2.7e-05,0.5099009871482849,5.423752784729004
39,0.9599297046661377,0.09739886969327927,2.7e-05,0.5165016651153564,5.395780086517334
40,0.9616871476173401,0.10071559250354767,2.7e-05,0.5429043173789978,5.29121732711792
41,0.9662566184997559,0.09774685651063919,8.1e-06,0.5396039485931396,5.376607894897461
42,0.9571177363395691,0.11011175811290741,8.1e-06,0.5297029614448547,5.511207580566406
43,0.9546573162078857,0.11007747054100037,8.1e-06,0.5330032706260681,5.487390041351318
44,0.9680140614509583,0.09580526500940323,8.1e-06,0.5330032706260681,5.453567981719971
45,0.9609841704368591,0.10394322872161865,8.1e-06,0.537953794002533,5.446136474609375
46,0.9630931615829468,0.09349032491445541,8.1e-06,0.5346534848213196,5.494238376617432
47,0.9694200158119202,0.09308496117591858,8.1e-06,0.5346534848213196,5.477688312530518
48,0.9641476273536682,0.09727352857589722,8.1e-06,0.5511550903320312,5.405330657958984
49,0.9655535817146301,0.09701111912727356,8.1e-06,0.5330032706260681,5.552762031555176
50,0.9673110842704773,0.09458597004413605,8.1e-06,0.5330032706260681,5.618746757507324
51,0.9613356590270996,0.10298363119363785,2.43e-06,0.5363036394119263,5.5525288581848145
52,0.9655535817146301,0.09350933134555817,2.43e-06,0.5297029614448547,5.557875633239746
53,0.9616871476173401,0.10256745666265488,2.43e-06,0.5363036394119263,5.583371162414551
54,0.9609841704368591,0.10105492919683456,2.43e-06,0.5330032706260681,5.569395542144775
55,0.9666081070899963,0.09078332781791687,2.43e-06,0.5313531160354614,5.60303258895874
56,0.9652020931243896,0.09515375643968582,2.43e-06,0.5264026522636414,5.6190690994262695
57,0.9585237503051758,0.10605868697166443,2.43e-06,0.5330032706260681,5.576316833496094
58,0.9616871476173401,0.10552646219730377,2.43e-06,0.5247524976730347,5.611003875732422
59,0.9648506045341492,0.09367727488279343,2.43e-06,0.5346534848213196,5.570708751678467
60,0.9634446501731873,0.09918668866157532,2.43e-06,0.5330032706260681,5.56512451171875
61,0.9634446501731873,0.1050373837351799,1e-06,0.5313531160354614,5.5816650390625
62,0.9669595956802368,0.09880880266427994,1e-06,0.5264026522636414,5.580789089202881
63,0.9669595956802368,0.0898170918226242,1e-06,0.5264026522636414,5.602761745452881
64,0.9581722617149353,0.10761675983667374,1e-06,0.5297029614448547,5.596914768218994
65,0.9652020931243896,0.09250431507825851,1e-06,0.5330032706260681,5.57488489151001
66,0.9644991159439087,0.09808317571878433,1e-06,0.5330032706260681,5.572432518005371
67,0.9623901844024658,0.09923969954252243,1e-06,0.5330032706260681,5.57435941696167
68,0.9666081070899963,0.09452187269926071,1e-06,0.5313531160354614,5.549738883972168
69,0.9634446501731873,0.10244795680046082,1e-06,0.5363036394119263,5.549964427947998
70,0.9634446501731873,0.100651316344738,1e-06,0.5330032706260681,5.565343856811523
71,0.9630931615829468,0.10353004187345505,1e-06,0.5346534848213196,5.577132225036621
72,0.9708260297775269,0.08914551883935928,1e-06,0.5231022834777832,5.582850933074951
73,0.9662566184997559,0.09870416671037674,1e-06,0.5247524976730347,5.572084903717041
74,0.9634446501731873,0.09746453911066055,1e-06,0.5264026522636414,5.580092430114746
75,0.9683655500411987,0.09456758946180344,1e-06,0.5247524976730347,5.5999274253845215
76,0.9634446501731873,0.0930543914437294,1e-06,0.5297029614448547,5.585551738739014
77,0.9602811932563782,0.10171952098608017,1e-06,0.5346534848213196,5.575777053833008
78,0.9644991159439087,0.09886044263839722,1e-06,0.5330032706260681,5.586430549621582
79,0.9634446501731873,0.10307154804468155,1e-06,0.5313531160354614,5.59212064743042
80,0.9729349613189697,0.08298254758119583,1e-06,0.528052806854248,5.608147621154785
81,0.9630931615829468,0.10385824739933014,1e-06,0.5346534848213196,5.587506294250488
82,0.9620386362075806,0.09861203283071518,1e-06,0.5330032706260681,5.5870490074157715
83,0.9662566184997559,0.09426446259021759,1e-06,0.5297029614448547,5.582528114318848
84,0.9648506045341492,0.10287170857191086,1e-06,0.5313531160354614,5.579390048980713
85,0.9641476273536682,0.10058803111314774,1e-06,0.5313531160354614,5.577933311462402
86,0.9630931615829468,0.10028208047151566,1e-06,0.5313531160354614,5.594966411590576
87,0.9637961387634277,0.09707165509462357,1e-06,0.5313531160354614,5.6115241050720215
88,0.9655535817146301,0.09627575427293777,1e-06,0.5330032706260681,5.588764190673828
89,0.9634446501731873,0.09963111579418182,1e-06,0.528052806854248,5.627924919128418
90,0.9666081070899963,0.09428448230028152,1e-06,0.5363036394119263,5.590157985687256
91,0.9666081070899963,0.09123821556568146,1e-06,0.528052806854248,5.602272033691406
92,0.9659050703048706,0.09559005498886108,1e-06,0.5313531160354614,5.6053853034973145
93,0.9630931615829468,0.10200503468513489,1e-06,0.5264026522636414,5.628058910369873
94,0.9616871476173401,0.10106843709945679,1e-06,0.528052806854248,5.602293968200684
95,0.9606326818466187,0.10149472951889038,1e-06,0.5297029614448547,5.586811542510986
96,0.9676625728607178,0.0920158326625824,1e-06,0.5313531160354614,5.569843769073486
97,0.9669595956802368,0.09576233476400375,1e-06,0.5297029614448547,5.5846476554870605
98,0.9655535817146301,0.09610874950885773,1e-06,0.5313531160354614,5.566980361938477
99,0.9662566184997559,0.10012804716825485,1e-06,0.5313531160354614,5.589964389801025
100,0.9704745411872864,0.08724624663591385,1e-06,0.5264026522636414,5.614539623260498
