epoch,accuracy,loss,lr,val_accuracy,val_loss
0,0.702636182308197,0.5963497161865234,0.001,0.6138613820075989,2.8745431900024414
1,0.7922671437263489,0.42238834500312805,0.001,0.6138613820075989,11.772218704223633
2,0.8249560594558716,0.3883012533187866,0.001,0.6138613820075989,16.91478729248047
3,0.8594024777412415,0.32697293162345886,0.001,0.6138613820075989,18.856657028198242
4,0.8892794251441956,0.27096256613731384,0.001,0.6138613820075989,14.516895294189453
5,0.8934973478317261,0.2612372636795044,0.001,0.6089109182357788,7.263287544250488
6,0.9008787274360657,0.24509888887405396,0.001,0.5148515105247498,3.7672038078308105
7,0.9008787274360657,0.2397962510585785,0.001,0.5759075880050659,4.6316399574279785
8,0.9307557344436646,0.17969167232513428,0.001,0.5445544719696045,5.435184478759766
9,0.9405975341796875,0.16825823485851288,0.001,0.4900990128517151,11.056211471557617
10,0.9374340772628784,0.16409531235694885,0.001,0.6386138796806335,5.898928165435791
11,0.9595782160758972,0.11354091018438339,0.0003,0.5132012963294983,6.092861652374268
12,0.95782071352005,0.11638760566711426,0.0003,0.5346534848213196,5.47373104095459
13,0.9659050703048706,0.09344341605901718,0.0003,0.4768976867198944,5.437197208404541
14,0.9680140614509583,0.09050031006336212,0.0003,0.5297029614448547,6.422313690185547
15,0.9722319841384888,0.08452577888965607,0.0003,0.537953794002533,7.432961463928223
16,0.9652020931243896,0.09193195402622223,0.0003,0.5082508325576782,7.38162899017334
17,0.9697715044021606,0.08706867694854736,0.0003,0.39603960514068604,9.336462020874023
18,0.9736379384994507,0.07637026906013489,0.0003,0.40759074687957764,9.23212718963623
19,0.9711775183677673,0.08963848650455475,0.0003,0.5346534848213196,6.142816066741943
20,0.9789103865623474,0.06911468505859375,0.0003,0.537953794002533,6.791364669799805
21,0.9841827750205994,0.053975652903318405,9e-05,0.6122112274169922,6.725761413574219
22,0.9792618751525879,0.05792925879359245,9e-05,0.5676567554473877,6.240735054016113
23,0.9796133637428284,0.059658825397491455,9e-05,0.566006600856781,6.47059440612793
24,0.9820738434791565,0.05588893964886665,9e-05,0.5957095623016357,6.483382225036621
25,0.9834797978401184,0.0491163432598114,9e-05,0.5759075880050659,6.071887969970703
26,0.982425332069397,0.05150686204433441,9e-05,0.5528053045272827,5.936110019683838
27,0.9845342636108398,0.0526009127497673,9e-05,0.6056105494499207,6.590088367462158
28,0.9855887293815613,0.05005272105336189,9e-05,0.5759075880050659,6.049552917480469
29,0.986291766166687,0.040421973913908005,9e-05,0.5643564462661743,6.334700107574463
30,0.9820738434791565,0.04672969505190849,9e-05,0.5957095623016357,6.556153774261475
31,0.9845342636108398,0.049855269491672516,2.7e-05,0.5627062916755676,6.771464824676514
32,0.9845342636108398,0.0485730841755867,2.7e-05,0.5907590985298157,6.9035234451293945
33,0.9859402179718018,0.03799921274185181,2.7e-05,0.6188119053840637,7.225139617919922
34,0.986291766166687,0.04202695190906525,2.7e-05,0.566006600856781,6.400856971740723
35,0.9834797978401184,0.0436994805932045,2.7e-05,0.5957095623016357,6.743475914001465
36,0.9820738434791565,0.05060138925909996,2.7e-05,0.5858085751533508,6.071757793426514
37,0.9866432547569275,0.03904533386230469,2.7e-05,0.5973597168922424,6.425807952880859
38,0.9866432547569275,0.043124742805957794,2.7e-05,0.5759075880050659,6.413820743560791
39,0.9876977205276489,0.03613096475601196,2.7e-05,0.5709571242332458,6.598259449005127
40,0.9845342636108398,0.046603716909885406,2.7e-05,0.6006600856781006,7.16052770614624
41,0.9894551634788513,0.03677695244550705,8.1e-06,0.5957095623016357,6.754426956176758
42,0.9838312864303589,0.049406763166189194,8.1e-06,0.5709571242332458,6.7052764892578125
43,0.9876977205276489,0.041324183344841,8.1e-06,0.5726072788238525,6.722975254058838
44,0.9880492091178894,0.03650631010532379,8.1e-06,0.5858085751533508,6.7287821769714355
45,0.9852372407913208,0.048613041639328,8.1e-06,0.5808581113815308,6.859714984893799
46,0.9859402179718018,0.04441899061203003,8.1e-06,0.5792078971862793,6.683741569519043
47,0.9873462319374084,0.03485653176903725,8.1e-06,0.5742574334144592,6.623973369598389
48,0.9827768206596375,0.044734008610248566,8.1e-06,0.5775577425956726,6.68004035949707
49,0.9898066520690918,0.03292769566178322,8.1e-06,0.5775577425956726,6.567306041717529
50,0.986994743347168,0.040163666009902954,8.1e-06,0.5709571242332458,6.573301792144775
51,0.9876977205276489,0.03750039264559746,2.43e-06,0.5759075880050659,6.637339115142822
52,0.9876977205276489,0.044725582003593445,2.43e-06,0.5775577425956726,6.596740245819092
53,0.9884006977081299,0.034839026629924774,2.43e-06,0.5792078971862793,6.625755786895752
54,0.9873462319374084,0.03582419827580452,2.43e-06,0.5792078971862793,6.665888786315918
55,0.9866432547569275,0.03762254863977432,2.43e-06,0.5726072788238525,6.645688533782959
56,0.9876977205276489,0.04180077835917473,2.43e-06,0.5808581113815308,6.7194695472717285
57,0.9891036748886108,0.03572925180196762,2.43e-06,0.5742574334144592,6.698645114898682
58,0.9827768206596375,0.04574260115623474,2.43e-06,0.5742574334144592,6.714165210723877
59,0.9894551634788513,0.037469808012247086,2.43e-06,0.5709571242332458,6.711605548858643
60,0.9905096888542175,0.03551442548632622,2.43e-06,0.5726072788238525,6.706263065338135
61,0.9873462319374084,0.03657107800245285,1e-06,0.5742574334144592,6.718071937561035
62,0.9873462319374084,0.040413036942481995,1e-06,0.5742574334144592,6.707644462585449
63,0.9859402179718018,0.04151070863008499,1e-06,0.5759075880050659,6.702518463134766
64,0.9898066520690918,0.033830951899290085,1e-06,0.5775577425956726,6.71210241317749
65,0.986291766166687,0.03650341182947159,1e-06,0.5759075880050659,6.715069770812988
66,0.986291766166687,0.037668827921152115,1e-06,0.5726072788238525,6.723390102386475
67,0.9873462319374084,0.0400383360683918,1e-06,0.5775577425956726,6.734006881713867
68,0.9866432547569275,0.03919832408428192,1e-06,0.5742574334144592,6.722452640533447
69,0.9887521862983704,0.03205568715929985,1e-06,0.5759075880050659,6.684121608734131
70,0.9876977205276489,0.03813593462109566,1e-06,0.5775577425956726,6.677751064300537
71,0.9834797978401184,0.04560472443699837,1e-06,0.5742574334144592,6.715885639190674
72,0.9891036748886108,0.038753069937229156,1e-06,0.5742574334144592,6.734470367431641
73,0.986291766166687,0.037159036844968796,1e-06,0.5775577425956726,6.701706886291504
74,0.9905096888542175,0.03478195518255234,1e-06,0.5775577425956726,6.725801944732666
75,0.990861177444458,0.032875124365091324,1e-06,0.5742574334144592,6.731625080108643
76,0.9852372407913208,0.03898594155907631,1e-06,0.5742574334144592,6.710906028747559
77,0.986291766166687,0.0389479398727417,1e-06,0.5742574334144592,6.686586856842041
78,0.9841827750205994,0.04485248774290085,1e-06,0.5742574334144592,6.716499328613281
79,0.9873462319374084,0.03751929849386215,1e-06,0.5742574334144592,6.734289169311523
80,0.986994743347168,0.03599672392010689,1e-06,0.5742574334144592,6.695376873016357
81,0.9866432547569275,0.037761837244033813,1e-06,0.5726072788238525,6.702137470245361
82,0.9866432547569275,0.0393097847700119,1e-06,0.5726072788238525,6.710832595825195
83,0.9873462319374084,0.03995967283844948,1e-06,0.5726072788238525,6.700026988983154
84,0.986291766166687,0.040805913507938385,1e-06,0.5726072788238525,6.71618127822876
85,0.9845342636108398,0.03782827779650688,1e-06,0.5709571242332458,6.686063289642334
86,0.9852372407913208,0.042245764285326004,1e-06,0.5726072788238525,6.6943039894104
87,0.9887521862983704,0.0374930165708065,1e-06,0.5742574334144592,6.718409061431885
88,0.9894551634788513,0.03442922607064247,1e-06,0.5775577425956726,6.70032262802124
89,0.9884006977081299,0.035165462642908096,1e-06,0.5775577425956726,6.686036586761475
90,0.9873462319374084,0.03512541204690933,1e-06,0.5775577425956726,6.709777355194092
91,0.9876977205276489,0.03313454985618591,1e-06,0.5759075880050659,6.698023796081543
92,0.9859402179718018,0.04114779457449913,1e-06,0.5742574334144592,6.699169635772705
93,0.990861177444458,0.030435338616371155,1e-06,0.5709571242332458,6.712965488433838
94,0.9898066520690918,0.03870614245533943,1e-06,0.5709571242332458,6.711311340332031
95,0.9855887293815613,0.045196931809186935,1e-06,0.5726072788238525,6.7334208488464355
96,0.9887521862983704,0.030129479244351387,1e-06,0.5742574334144592,6.708884239196777
97,0.9887521862983704,0.03681465610861778,1e-06,0.5726072788238525,6.749478816986084
98,0.9866432547569275,0.04319008067250252,1e-06,0.5742574334144592,6.725124835968018
99,0.990158200263977,0.034414175897836685,1e-06,0.5759075880050659,6.724724769592285
100,0.9905096888542175,0.03417833894491196,1e-06,0.5759075880050659,6.693851470947266
