epoch,accuracy,loss,lr,val_accuracy,val_loss
0,0.7142354846000671,0.5808013081550598,0.001,0.6138613820075989,2.8292081356048584
1,0.8056238889694214,0.4231345057487488,0.001,0.6138613820075989,10.569770812988281
2,0.8383128046989441,0.35262736678123474,0.001,0.6138613820075989,15.759754180908203
3,0.8478031754493713,0.3390021026134491,0.001,0.6138613820075989,17.890682220458984
4,0.8769771456718445,0.2898028790950775,0.001,0.6138613820075989,13.238605499267578
5,0.880492091178894,0.2820136547088623,0.001,0.6138613820075989,9.390470504760742
6,0.8917399048805237,0.2592536509037018,0.001,0.5148515105247498,4.012782096862793
7,0.8956063389778137,0.25243332982063293,0.001,0.5874587297439575,2.615285634994507
8,0.9152899980545044,0.21506573259830475,0.001,0.4323432445526123,2.9037768840789795
9,0.9240773320198059,0.1962231993675232,0.001,0.5858085751533508,3.039144277572632
10,0.931810200214386,0.17359763383865356,0.001,0.36138615012168884,4.693823337554932
11,0.9381370544433594,0.1572265923023224,0.001,0.4983498454093933,3.5079145431518555
12,0.9441124796867371,0.1355772614479065,0.001,0.4554455578327179,6.3748979568481445
13,0.9451669454574585,0.15126104652881622,0.001,0.5561056137084961,5.843101501464844
14,0.9613356590270996,0.10553152114152908,0.001,0.5033003091812134,9.024243354797363
15,0.9437609910964966,0.14477211236953735,0.001,0.4900990128517151,9.188004493713379
16,0.9504393935203552,0.12381076067686081,0.001,0.45214521884918213,14.1512451171875
17,0.9504393935203552,0.12729661166667938,0.001,0.5297029614448547,4.367195129394531
18,0.9683655500411987,0.09156537801027298,0.0003,0.5726072788238525,2.2802863121032715
19,0.9757469296455383,0.06683499366044998,0.0003,0.6600660085678101,3.2821578979492188
20,0.9845342636108398,0.05300923064351082,0.0003,0.6485148668289185,4.443046569824219
21,0.9768013954162598,0.06709914654493332,0.0003,0.5528053045272827,4.325118541717529
22,0.9817222952842712,0.055326562374830246,0.0003,0.49669966101646423,6.654155254364014
23,0.9817222952842712,0.05635499954223633,0.0003,0.5577557682991028,6.6293439865112305
24,0.9855887293815613,0.04441941902041435,0.0003,0.5330032706260681,5.844261646270752
25,0.9866432547569275,0.04543217271566391,0.0003,0.4224422574043274,6.829293251037598
26,0.9859402179718018,0.04666499048471451,0.0003,0.5643564462661743,4.466760635375977
27,0.986994743347168,0.03884262591600418,0.0003,0.5297029614448547,6.07965087890625
28,0.9845342636108398,0.0449945442378521,0.0003,0.6006600856781006,9.43334674835205
29,0.990158200263977,0.03322986513376236,9e-05,0.6584158539772034,7.137813091278076
30,0.9873462319374084,0.03797473758459091,9e-05,0.6452144980430603,6.799341201782227
31,0.9887521862983704,0.036812905222177505,9e-05,0.6369637250900269,5.7433881759643555
32,0.9852372407913208,0.0385950542986393,9e-05,0.6056105494499207,5.909172058105469
33,0.9866432547569275,0.03672615438699722,9e-05,0.6485148668289185,5.471774578094482
34,0.9891036748886108,0.029373016208410263,9e-05,0.632013201713562,7.339061260223389
35,0.990861177444458,0.029614973813295364,9e-05,0.6138613820075989,8.022640228271484
36,0.9873462319374084,0.03618141636252403,9e-05,0.6435643434524536,6.209767818450928
37,0.986994743347168,0.036813877522945404,9e-05,0.5363036394119263,5.778571128845215
38,0.9898066520690918,0.03179047256708145,9e-05,0.5957095623016357,6.671731472015381
39,0.9929701089859009,0.024681231006979942,2.7e-05,0.6006600856781006,7.076918601989746
40,0.9912126660346985,0.025836564600467682,2.7e-05,0.5858085751533508,7.275904655456543
41,0.9912126660346985,0.026421844959259033,2.7e-05,0.603960394859314,6.927199363708496
42,0.9919156432151794,0.02801230177283287,2.7e-05,0.5808581113815308,7.342994213104248
43,0.990158200263977,0.032211367040872574,2.7e-05,0.632013201713562,7.335372447967529
44,0.9926186203956604,0.021245066076517105,2.7e-05,0.594059407711029,7.1454854011535645
45,0.991564154624939,0.026436710730195045,2.7e-05,0.5676567554473877,6.827780723571777
46,0.9852372407913208,0.03520198166370392,2.7e-05,0.5957095623016357,6.598978519439697
47,0.9912126660346985,0.024798039346933365,2.7e-05,0.6089109182357788,7.021553039550781
48,0.9880492091178894,0.03410543128848076,2.7e-05,0.6171616911888123,6.591705799102783
49,0.9905096888542175,0.02891063690185547,8.1e-06,0.5924092531204224,6.885003089904785
50,0.9884006977081299,0.02833123505115509,8.1e-06,0.5858085751533508,6.950014591217041
51,0.9919156432151794,0.025754477828741074,8.1e-06,0.5924092531204224,6.9472527503967285
52,0.9898066520690918,0.029670406132936478,8.1e-06,0.5891088843345642,7.032721519470215
53,0.9884006977081299,0.031925179064273834,8.1e-06,0.5891088843345642,6.969376087188721
54,0.9922671318054199,0.0243925042450428,8.1e-06,0.5858085751533508,7.016237258911133
55,0.9929701089859009,0.023815616965293884,8.1e-06,0.5874587297439575,7.0044331550598145
56,0.9922671318054199,0.021021367982029915,8.1e-06,0.5874587297439575,7.008125305175781
57,0.9922671318054199,0.025009850040078163,8.1e-06,0.5924092531204224,7.063053607940674
58,0.9926186203956604,0.023622611537575722,8.1e-06,0.5874587297439575,7.023300647735596
59,0.9894551634788513,0.030487658455967903,2.43e-06,0.5907590985298157,7.077221870422363
60,0.990861177444458,0.02752012386918068,2.43e-06,0.5874587297439575,7.076356410980225
61,0.9936730861663818,0.02092934399843216,2.43e-06,0.5858085751533508,7.068335056304932
62,0.990861177444458,0.028079984709620476,2.43e-06,0.5858085751533508,6.961636066436768
63,0.9926186203956604,0.023225989192724228,2.43e-06,0.5858085751533508,7.007433891296387
64,0.9929701089859009,0.02279779501259327,2.43e-06,0.5858085751533508,6.998184680938721
65,0.990861177444458,0.02449694834649563,2.43e-06,0.5858085751533508,7.029773235321045
66,0.9905096888542175,0.024026507511734962,2.43e-06,0.5858085751533508,7.015562057495117
67,0.990158200263977,0.02481883019208908,2.43e-06,0.5874587297439575,7.065424919128418
68,0.9926186203956604,0.024861261248588562,2.43e-06,0.5874587297439575,7.056021213531494
69,0.9940246343612671,0.021680986508727074,1e-06,0.5874587297439575,7.053706169128418
70,0.9933215975761414,0.021507814526557922,1e-06,0.5858085751533508,7.04381799697876
71,0.9905096888542175,0.02999103255569935,1e-06,0.5858085751533508,7.061488628387451
72,0.9933215975761414,0.02090095914900303,1e-06,0.5858085751533508,7.036162853240967
73,0.9905096888542175,0.03233890235424042,1e-06,0.5858085751533508,7.095633029937744
74,0.990861177444458,0.024670857936143875,1e-06,0.5858085751533508,7.039504051208496
75,0.991564154624939,0.025203855708241463,1e-06,0.5858085751533508,7.061259746551514
76,0.994727611541748,0.019737523049116135,1e-06,0.5858085751533508,7.038110733032227
77,0.9936730861663818,0.022657709196209908,1e-06,0.5858085751533508,7.050926208496094
78,0.9940246343612671,0.02255725860595703,1e-06,0.5858085751533508,7.044933795928955
79,0.9919156432151794,0.023789159953594208,1e-06,0.5858085751533508,7.020269393920898
80,0.9929701089859009,0.02076786570250988,1e-06,0.5858085751533508,7.027211666107178
81,0.9926186203956604,0.02207631804049015,1e-06,0.5858085751533508,7.0077433586120605
82,0.9929701089859009,0.02267712913453579,1e-06,0.5858085751533508,6.994196891784668
83,0.9933215975761414,0.02153792604804039,1e-06,0.5858085751533508,7.009982585906982
84,0.9922671318054199,0.020272118970751762,1e-06,0.5858085751533508,7.046318054199219
85,0.9940246343612671,0.02185218222439289,1e-06,0.5858085751533508,7.056532859802246
86,0.9912126660346985,0.025965578854084015,1e-06,0.5858085751533508,7.024967670440674
87,0.9912126660346985,0.026123350486159325,1e-06,0.5858085751533508,7.026723384857178
88,0.9926186203956604,0.020783081650733948,1e-06,0.5858085751533508,7.061349391937256
89,0.9929701089859009,0.021939652040600777,1e-06,0.5858085751533508,7.056709289550781
90,0.9919156432151794,0.02244364470243454,1e-06,0.5858085751533508,7.018680572509766
91,0.9912126660346985,0.024624843150377274,1e-06,0.5858085751533508,7.053081035614014
92,0.9957820773124695,0.019037308171391487,1e-06,0.5858085751533508,7.060085296630859
93,0.991564154624939,0.024294961243867874,1e-06,0.5858085751533508,7.027767658233643
94,0.990861177444458,0.02374647930264473,1e-06,0.5858085751533508,6.999929904937744
95,0.995430588722229,0.0192607082426548,1e-06,0.5858085751533508,7.0148491859436035
96,0.990861177444458,0.025598330423235893,1e-06,0.5874587297439575,7.096511363983154
97,0.9929701089859009,0.02012094296514988,1e-06,0.5858085751533508,7.077992916107178
98,0.991564154624939,0.020507415756583214,1e-06,0.5858085751533508,7.046170711517334
99,0.9905096888542175,0.025130491703748703,1e-06,0.5858085751533508,7.0266594886779785
100,0.991564154624939,0.024094276130199432,1e-06,0.5858085751533508,7.053088665008545
101,0.9919156432151794,0.023287206888198853,1e-06,0.5858085751533508,7.090959072113037
102,0.9912126660346985,0.022839264944195747,1e-06,0.5858085751533508,7.039098739624023
103,0.9933215975761414,0.020800761878490448,1e-06,0.5858085751533508,7.042949199676514
104,0.9929701089859009,0.02514071576297283,1e-06,0.5858085751533508,7.053337097167969
105,0.9929701089859009,0.02448318339884281,1e-06,0.5858085751533508,7.0627264976501465
106,0.9922671318054199,0.022329779341816902,1e-06,0.5858085751533508,7.053164482116699
107,0.994727611541748,0.01879286766052246,1e-06,0.5858085751533508,7.038055419921875
108,0.9922671318054199,0.023824118077754974,1e-06,0.5858085751533508,7.028071403503418
109,0.9898066520690918,0.03010205365717411,1e-06,0.5858085751533508,7.022426128387451
110,0.9940246343612671,0.02004961483180523,1e-06,0.5874587297439575,7.050121307373047
111,0.9919156432151794,0.025493266060948372,1e-06,0.5874587297439575,7.096248626708984
112,0.990861177444458,0.02785426191985607,1e-06,0.5891088843345642,7.0327558517456055
113,0.9922671318054199,0.025488732382655144,1e-06,0.5874587297439575,7.053611755371094
114,0.9929701089859009,0.022129978984594345,1e-06,0.5858085751533508,7.073007583618164
115,0.9919156432151794,0.02267049439251423,1e-06,0.5874587297439575,7.0602521896362305
116,0.990861177444458,0.024944668635725975,1e-06,0.5858085751533508,7.088976860046387
117,0.9936730861663818,0.021192342042922974,1e-06,0.5858085751533508,7.076193809509277
118,0.9929701089859009,0.023176632821559906,1e-06,0.5858085751533508,7.096112251281738
