epoch,accuracy,loss,lr,val_accuracy,val_loss
0,0.7110720276832581,0.5843642354011536,0.001,0.6138613820075989,3.398876190185547
1,0.799297034740448,0.4318075478076935,0.001,0.6138613820075989,10.864795684814453
2,0.8270650506019592,0.39161911606788635,0.001,0.6138613820075989,14.099185943603516
3,0.8734622001647949,0.30436328053474426,0.001,0.6138613820075989,14.635663032531738
4,0.8748682141304016,0.3064957857131958,0.001,0.5742574334144592,6.579286575317383
5,0.9036906957626343,0.2414422631263733,0.001,0.5924092531204224,5.2722249031066895
6,0.8959578275680542,0.25834500789642334,0.001,0.5495049357414246,4.817092418670654
7,0.9114235639572144,0.20827727019786835,0.001,0.44059404730796814,6.169753551483154
8,0.926537811756134,0.17933513224124908,0.001,0.4240924119949341,6.1380438804626465
9,0.9261862635612488,0.1907278299331665,0.001,0.42904290556907654,7.469974517822266
10,0.9304042458534241,0.17718729376792908,0.001,0.29207921028137207,11.766396522521973
11,0.9518453478813171,0.12817831337451935,0.0003,0.5330032706260681,7.191836357116699
12,0.9616871476173401,0.10275561362504959,0.0003,0.5957095623016357,5.37925386428833
13,0.9511423707008362,0.12073812633752823,0.0003,0.5693069100379944,4.485474109649658
14,0.9627416729927063,0.09709964692592621,0.0003,0.5264026522636414,5.218712329864502
15,0.95782071352005,0.11351793259382248,0.0003,0.4867986738681793,6.764725685119629
16,0.9585237503051758,0.09936732798814774,0.0003,0.5462046265602112,5.1303935050964355
17,0.9648506045341492,0.10240791738033295,0.0003,0.6402640342712402,4.7857255935668945
18,0.9683655500411987,0.07847519218921661,0.0003,0.6254125237464905,5.719799518585205
19,0.9750439524650574,0.07830684632062912,0.0003,0.5825082659721375,6.1283650398254395
20,0.9785588979721069,0.07254557311534882,0.0003,0.6171616911888123,5.001717567443848
21,0.9771528840065002,0.06705047190189362,9e-05,0.603960394859314,5.644831657409668
22,0.9799648523330688,0.06062275543808937,9e-05,0.6072607040405273,6.218600273132324
23,0.9782074093818665,0.06146682798862457,9e-05,0.5841584205627441,6.965878486633301
24,0.9813708066940308,0.05890289321541786,9e-05,0.6617161631584167,6.473918437957764
25,0.9841827750205994,0.051527589559555054,9e-05,0.5973597168922424,5.7338457107543945
26,0.9803163409233093,0.05644678696990013,9e-05,0.5643564462661743,6.792410373687744
27,0.9792618751525879,0.06111978366971016,9e-05,0.5924092531204224,6.508841037750244
28,0.9806678295135498,0.05452634021639824,9e-05,0.5759075880050659,7.156393527984619
29,0.9817222952842712,0.05243728309869766,9e-05,0.632013201713562,6.499317646026611
30,0.9827768206596375,0.05136197432875633,9e-05,0.5132012963294983,6.75385856628418
31,0.9789103865623474,0.06263517588376999,2.7e-05,0.5825082659721375,6.391104221343994
32,0.9827768206596375,0.04881193861365318,2.7e-05,0.6122112274169922,6.500035285949707
33,0.9845342636108398,0.04574035108089447,2.7e-05,0.5891088843345642,6.0764875411987305
34,0.9841827750205994,0.04822850599884987,2.7e-05,0.5973597168922424,6.187928676605225
35,0.9852372407913208,0.04418708384037018,2.7e-05,0.6237623691558838,6.587502479553223
36,0.9817222952842712,0.04491117596626282,2.7e-05,0.5891088843345642,6.381515026092529
37,0.9887521862983704,0.03989419341087341,2.7e-05,0.5907590985298157,6.563248634338379
38,0.986291766166687,0.04448629543185234,2.7e-05,0.6270626783370972,6.892353534698486
39,0.9880492091178894,0.041079357266426086,2.7e-05,0.6369637250900269,6.952092170715332
40,0.9855887293815613,0.043666772544384,2.7e-05,0.594059407711029,6.348276615142822
41,0.9831283092498779,0.0473213717341423,8.1e-06,0.603960394859314,6.496748447418213
42,0.986291766166687,0.04423866048455238,8.1e-06,0.6221122145652771,6.642045021057129
43,0.9855887293815613,0.04319731891155243,8.1e-06,0.6089109182357788,6.666671276092529
44,0.9855887293815613,0.046867337077856064,8.1e-06,0.6204620599746704,6.6620612144470215
45,0.986994743347168,0.04245791956782341,8.1e-06,0.6188119053840637,6.777100563049316
46,0.986994743347168,0.044320154935121536,8.1e-06,0.6023102402687073,6.763291358947754
47,0.9845342636108398,0.04850464314222336,8.1e-06,0.5957095623016357,6.706212997436523
48,0.9813708066940308,0.057342007756233215,8.1e-06,0.6138613820075989,6.855306148529053
49,0.982425332069397,0.04787549003958702,8.1e-06,0.6072607040405273,6.86371374130249
50,0.9880492091178894,0.03876332566142082,8.1e-06,0.603960394859314,6.68857479095459
51,0.9855887293815613,0.04027818143367767,2.43e-06,0.6006600856781006,6.7488179206848145
52,0.9848857522010803,0.04144620522856712,2.43e-06,0.5990098714828491,6.834108352661133
53,0.9831283092498779,0.04819491505622864,2.43e-06,0.6006600856781006,6.883307933807373
54,0.9820738434791565,0.04999890178442001,2.43e-06,0.6006600856781006,6.86759614944458
55,0.9834797978401184,0.045622922480106354,2.43e-06,0.6006600856781006,6.894466876983643
56,0.9873462319374084,0.04137738049030304,2.43e-06,0.6006600856781006,6.867927074432373
57,0.9873462319374084,0.04212621971964836,2.43e-06,0.6006600856781006,6.930440902709961
58,0.986291766166687,0.03996239975094795,2.43e-06,0.6006600856781006,6.897151470184326
59,0.9876977205276489,0.03725527971982956,2.43e-06,0.6006600856781006,6.8740692138671875
60,0.9848857522010803,0.04935972020030022,2.43e-06,0.6006600856781006,6.887889385223389
61,0.9880492091178894,0.038528889417648315,1e-06,0.6006600856781006,6.917453765869141
62,0.9859402179718018,0.042957887053489685,1e-06,0.6006600856781006,6.917542457580566
63,0.9873462319374084,0.04211797937750816,1e-06,0.6006600856781006,6.945697784423828
64,0.9880492091178894,0.04016301408410072,1e-06,0.6006600856781006,6.914238929748535
65,0.9799648523330688,0.05338813737034798,1e-06,0.603960394859314,6.9140143394470215
66,0.9873462319374084,0.04330823943018913,1e-06,0.6023102402687073,6.89366340637207
67,0.9831283092498779,0.04936090111732483,1e-06,0.6006600856781006,6.864607334136963
68,0.9880492091178894,0.037848152220249176,1e-06,0.6006600856781006,6.869426727294922
69,0.9866432547569275,0.03779930993914604,1e-06,0.6006600856781006,6.873297691345215
70,0.9866432547569275,0.0444372184574604,1e-06,0.6006600856781006,6.919467449188232
71,0.9852372407913208,0.04337000101804733,1e-06,0.6006600856781006,6.888730525970459
72,0.9866432547569275,0.039847202599048615,1e-06,0.6006600856781006,6.894697189331055
73,0.9876977205276489,0.04447858780622482,1e-06,0.6006600856781006,6.895963191986084
74,0.9866432547569275,0.042712122201919556,1e-06,0.5990098714828491,6.940645694732666
75,0.9834797978401184,0.04388616979122162,1e-06,0.6006600856781006,6.902285575866699
76,0.9873462319374084,0.04023601487278938,1e-06,0.6023102402687073,6.896636009216309
77,0.9845342636108398,0.04604629427194595,1e-06,0.603960394859314,6.888267517089844
78,0.9887521862983704,0.04135654866695404,1e-06,0.603960394859314,6.909815311431885
79,0.9841827750205994,0.04439355432987213,1e-06,0.6006600856781006,6.889857292175293
80,0.986291766166687,0.039679720997810364,1e-06,0.6006600856781006,6.877185344696045
81,0.9813708066940308,0.05271247774362564,1e-06,0.6056105494499207,6.8930816650390625
82,0.986994743347168,0.03861016780138016,1e-06,0.6023102402687073,6.8869547843933105
83,0.9848857522010803,0.0443626306951046,1e-06,0.6006600856781006,6.928952693939209
84,0.986994743347168,0.043931350111961365,1e-06,0.603960394859314,6.869214057922363
85,0.9852372407913208,0.041204847395420074,1e-06,0.603960394859314,6.869171142578125
86,0.9866432547569275,0.036125268787145615,1e-06,0.603960394859314,6.8899617195129395
87,0.9873462319374084,0.04477827250957489,1e-06,0.6089109182357788,6.884407043457031
88,0.9880492091178894,0.03934776410460472,1e-06,0.6056105494499207,6.89094877243042
89,0.9852372407913208,0.042125411331653595,1e-06,0.603960394859314,6.870063304901123
90,0.9841827750205994,0.05075559765100479,1e-06,0.6023102402687073,6.868696689605713
91,0.986291766166687,0.043212343007326126,1e-06,0.603960394859314,6.8606061935424805
92,0.9841827750205994,0.04073324799537659,1e-06,0.6006600856781006,6.877406597137451
93,0.9859402179718018,0.042159005999565125,1e-06,0.6006600856781006,6.942235946655273
94,0.9834797978401184,0.05319973826408386,1e-06,0.603960394859314,6.881569862365723
95,0.9841827750205994,0.04614905267953873,1e-06,0.6023102402687073,6.880522727966309
96,0.9884006977081299,0.03745722025632858,1e-06,0.6023102402687073,6.86121129989624
97,0.9841827750205994,0.04099465534090996,1e-06,0.6006600856781006,6.8579511642456055
98,0.9848857522010803,0.044454216957092285,1e-06,0.603960394859314,6.88171911239624
99,0.9852372407913208,0.043340086936950684,1e-06,0.603960394859314,6.836694240570068
100,0.9876977205276489,0.03742501884698868,1e-06,0.6006600856781006,6.85901403427124
