epoch,accuracy,loss,lr,val_accuracy,val_loss
0,0.7258347868919373,0.5849596261978149,0.001,0.6138613820075989,6.418092727661133
1,0.8007029891014099,0.45400670170783997,0.001,0.6138613820075989,10.362272262573242
2,0.8404217958450317,0.3507325351238251,0.001,0.6138613820075989,20.823335647583008
3,0.8548330664634705,0.324939101934433,0.001,0.6138613820075989,21.034618377685547
4,0.8899824023246765,0.26466789841651917,0.001,0.6138613820075989,12.47486686706543
5,0.9015817046165466,0.22053954005241394,0.001,0.5544554591178894,15.780784606933594
6,0.9079086184501648,0.22195559740066528,0.001,0.6633663177490234,7.004953861236572
7,0.9166959524154663,0.2031162679195404,0.001,0.5198019742965698,7.759809970855713
8,0.9300526976585388,0.16597610712051392,0.001,0.5808581113815308,9.406930923461914
9,0.9395430684089661,0.15371108055114746,0.001,0.40594059228897095,12.334745407104492
10,0.9297012090682983,0.1857990324497223,0.001,0.35148516297340393,8.580700874328613
11,0.9528998136520386,0.11570179462432861,0.0003,0.5891088843345642,4.530945777893066
12,0.9581722617149353,0.10110903531312943,0.0003,0.5957095623016357,5.755982875823975
13,0.9662566184997559,0.09879050403833389,0.0003,0.38118812441825867,8.913201332092285
14,0.9662566184997559,0.09094984829425812,0.0003,0.5363036394119263,5.755857944488525
15,0.9659050703048706,0.09215191006660461,0.0003,0.594059407711029,6.384225845336914
16,0.9760984182357788,0.06468751281499863,0.0003,0.5990098714828491,8.848625183105469
17,0.9753954410552979,0.07294907420873642,0.0003,0.5973597168922424,6.661441326141357
18,0.9799648523330688,0.05687890201807022,0.0003,0.5511550903320312,9.046720504760742
19,0.9753954410552979,0.06426592916250229,0.0003,0.48184818029403687,10.421731948852539
20,0.9796133637428284,0.05321682617068291,0.0003,0.5082508325576782,7.917380332946777
21,0.9820738434791565,0.05003349855542183,0.0003,0.6204620599746704,8.247209548950195
22,0.982425332069397,0.04337335005402565,9e-05,0.6155115365982056,8.143546104431152
23,0.9887521862983704,0.03139585629105568,9e-05,0.6369637250900269,7.0291428565979
24,0.9852372407913208,0.03855252265930176,9e-05,0.6600660085678101,6.275223255157471
25,0.9841827750205994,0.03989200294017792,9e-05,0.6666666865348816,4.742899417877197
26,0.9876977205276489,0.036212727427482605,9e-05,0.5627062916755676,8.021292686462402
27,0.9866432547569275,0.03979422524571419,9e-05,0.6105610728263855,7.191082954406738
28,0.9873462319374084,0.032437242567539215,9e-05,0.5676567554473877,7.920298099517822
29,0.990861177444458,0.029976999387145042,9e-05,0.603960394859314,8.115585327148438
30,0.990861177444458,0.027787210419774055,9e-05,0.5330032706260681,6.798427581787109
31,0.9866432547569275,0.03635615482926369,9e-05,0.5247524976730347,8.208805084228516
32,0.9905096888542175,0.026674145832657814,2.7e-05,0.6138613820075989,7.672024250030518
33,0.9933215975761414,0.022575410082936287,2.7e-05,0.6452144980430603,7.543499946594238
34,0.99613356590271,0.017503825947642326,2.7e-05,0.6089109182357788,8.189311981201172
35,0.990158200263977,0.02541498839855194,2.7e-05,0.6485148668289185,7.739058971405029
36,0.990158200263977,0.026357464492321014,2.7e-05,0.6006600856781006,8.388470649719238
37,0.9957820773124695,0.017432259395718575,2.7e-05,0.5990098714828491,7.995051860809326
38,0.9919156432151794,0.02572380006313324,2.7e-05,0.5676567554473877,8.36150074005127
39,0.9940246343612671,0.019221525639295578,2.7e-05,0.6221122145652771,7.84445333480835
40,0.9919156432151794,0.0241413377225399,2.7e-05,0.6254125237464905,8.367497444152832
41,0.9936730861663818,0.0186223816126585,2.7e-05,0.6270626783370972,7.758788108825684
42,0.9929701089859009,0.022492945194244385,8.1e-06,0.6270626783370972,7.697051525115967
43,0.9940246343612671,0.022787563502788544,8.1e-06,0.6122112274169922,7.674587249755859
44,0.990861177444458,0.02156933769583702,8.1e-06,0.6353135108947754,7.518706798553467
45,0.991564154624939,0.0214706901460886,8.1e-06,0.6171616911888123,7.621589183807373
46,0.994727611541748,0.015717333182692528,8.1e-06,0.6237623691558838,7.631349086761475
47,0.9912126660346985,0.023896416649222374,8.1e-06,0.6237623691558838,7.290079116821289
48,0.995430588722229,0.01745244488120079,8.1e-06,0.6105610728263855,7.5341925621032715
49,0.9936730861663818,0.01924571581184864,8.1e-06,0.6138613820075989,7.5468597412109375
50,0.990861177444458,0.020568611100316048,8.1e-06,0.632013201713562,7.650360584259033
51,0.9898066520690918,0.02683820202946663,8.1e-06,0.6122112274169922,8.186935424804688
52,0.9943761229515076,0.017898358404636383,2.43e-06,0.6155115365982056,8.084207534790039
53,0.9933215975761414,0.020017173141241074,2.43e-06,0.6122112274169922,7.884507656097412
54,0.9943761229515076,0.020359113812446594,2.43e-06,0.6122112274169922,7.906101703643799
55,0.994727611541748,0.01625424064695835,2.43e-06,0.6122112274169922,7.896358489990234
56,0.9940246343612671,0.019944092258810997,2.43e-06,0.6072607040405273,7.855191707611084
57,0.9929701089859009,0.02198776789009571,2.43e-06,0.6188119053840637,7.780876159667969
58,0.9957820773124695,0.017022643238306046,2.43e-06,0.6188119053840637,7.883289337158203
59,0.9957820773124695,0.014666813425719738,2.43e-06,0.6122112274169922,7.957738876342773
60,0.991564154624939,0.020512878894805908,2.43e-06,0.6221122145652771,7.864123821258545
61,0.991564154624939,0.02136506699025631,2.43e-06,0.6270626783370972,7.792618274688721
62,0.9975395202636719,0.014455586671829224,1e-06,0.6254125237464905,7.834460735321045
63,0.9912126660346985,0.024721140041947365,1e-06,0.6254125237464905,7.8703789710998535
64,0.9936730861663818,0.020250437781214714,1e-06,0.6237623691558838,7.851190090179443
65,0.9912126660346985,0.022765308618545532,1e-06,0.6254125237464905,7.733631134033203
66,0.9922671318054199,0.020254533737897873,1e-06,0.6221122145652771,7.75240421295166
67,0.9943761229515076,0.016572415828704834,1e-06,0.6237623691558838,7.71967887878418
68,0.990861177444458,0.022056424990296364,1e-06,0.6221122145652771,7.696725845336914
69,0.994727611541748,0.018918123096227646,1e-06,0.6221122145652771,7.755117416381836
70,0.9943761229515076,0.01725655049085617,1e-06,0.6204620599746704,7.759437084197998
71,0.9950791001319885,0.018972529098391533,1e-06,0.6237623691558838,7.748249053955078
72,0.9936730861663818,0.017380662262439728,1e-06,0.6221122145652771,7.798304557800293
73,0.9919156432151794,0.020834017544984818,1e-06,0.6221122145652771,7.788410663604736
74,0.9940246343612671,0.019823791459202766,1e-06,0.6237623691558838,7.719017505645752
75,0.994727611541748,0.017148561775684357,1e-06,0.6221122145652771,7.730116844177246
76,0.9922671318054199,0.022106818854808807,1e-06,0.6237623691558838,7.759108066558838
77,0.9957820773124695,0.015590140596032143,1e-06,0.6237623691558838,7.743006229400635
78,0.9922671318054199,0.020135611295700073,1e-06,0.6237623691558838,7.7368292808532715
79,0.995430588722229,0.015195000916719437,1e-06,0.6237623691558838,7.724053382873535
80,0.9933215975761414,0.02149025723338127,1e-06,0.6254125237464905,7.668473243713379
81,0.9929701089859009,0.01804947666823864,1e-06,0.6254125237464905,7.684053897857666
82,0.9957820773124695,0.013366062194108963,1e-06,0.6237623691558838,7.727191925048828
83,0.9922671318054199,0.02305193617939949,1e-06,0.6221122145652771,7.731500148773193
84,0.9950791001319885,0.016440538689494133,1e-06,0.6188119053840637,7.764885425567627
85,0.990861177444458,0.022771280258893967,1e-06,0.6204620599746704,7.767009258270264
86,0.9943761229515076,0.01807665079832077,1e-06,0.6221122145652771,7.742524147033691
87,0.9926186203956604,0.020344743505120277,1e-06,0.6237623691558838,7.690580368041992
88,0.99613356590271,0.013322722166776657,1e-06,0.6237623691558838,7.6974968910217285
89,0.9933215975761414,0.01791531965136528,1e-06,0.6237623691558838,7.713563442230225
90,0.995430588722229,0.01525071356445551,1e-06,0.6237623691558838,7.80621337890625
91,0.9926186203956604,0.01984512060880661,1e-06,0.6221122145652771,7.750155448913574
92,0.9968365430831909,0.01434885710477829,1e-06,0.6221122145652771,7.779224395751953
93,0.994727611541748,0.01734238490462303,1e-06,0.6221122145652771,7.744189739227295
94,0.9933215975761414,0.02291441522538662,1e-06,0.6221122145652771,7.8066253662109375
95,0.994727611541748,0.017082203179597855,1e-06,0.6237623691558838,7.7533721923828125
96,0.9940246343612671,0.016396338120102882,1e-06,0.6221122145652771,7.764218330383301
97,0.9940246343612671,0.01784239150583744,1e-06,0.6204620599746704,7.853786945343018
98,0.9929701089859009,0.020462943241000175,1e-06,0.6237623691558838,7.755650043487549
99,0.9926186203956604,0.017764071002602577,1e-06,0.6221122145652771,7.74562406539917
100,0.995430588722229,0.01597839966416359,1e-06,0.6237623691558838,7.774641513824463
101,0.995430588722229,0.01592087373137474,1e-06,0.6237623691558838,7.7761921882629395
102,0.9940246343612671,0.01799478568136692,1e-06,0.6254125237464905,7.705565452575684
103,0.994727611541748,0.01729428581893444,1e-06,0.6254125237464905,7.74506950378418
104,0.9929701089859009,0.01904693804681301,1e-06,0.6237623691558838,7.840125560760498
105,0.9919156432151794,0.022082112729549408,1e-06,0.6237623691558838,7.800922393798828
106,0.9929701089859009,0.02023867331445217,1e-06,0.6221122145652771,7.771002769470215
107,0.9940246343612671,0.01727410778403282,1e-06,0.6237623691558838,7.650139331817627
108,0.994727611541748,0.01603437215089798,1e-06,0.6254125237464905,7.701635360717773
109,0.9929701089859009,0.0193516556173563,1e-06,0.6237623691558838,7.728577613830566
110,0.9933215975761414,0.020512372255325317,1e-06,0.6237623691558838,7.763108730316162
111,0.9936730861663818,0.020639782771468163,1e-06,0.6221122145652771,7.785900115966797
