epoch,accuracy,loss,lr,val_accuracy,val_loss
0,0.7191564440727234,0.5805169939994812,0.001,0.6138613820075989,5.957684516906738
1,0.8147627711296082,0.4070728123188019,0.001,0.6138613820075989,14.91137409210205
2,0.8376098275184631,0.36192619800567627,0.001,0.6138613820075989,16.900474548339844
3,0.8615114092826843,0.31223294138908386,0.001,0.6138613820075989,17.718795776367188
4,0.875922679901123,0.3133392930030823,0.001,0.6138613820075989,12.13012981414795
5,0.8815465569496155,0.276105672121048,0.001,0.5297029614448547,8.424999237060547
6,0.8931458592414856,0.25104039907455444,0.001,0.5445544719696045,4.557101726531982
7,0.8977152705192566,0.24086503684520721,0.001,0.6963696479797363,2.560255289077759
8,0.9173989295959473,0.19833911955356598,0.001,0.5033003091812134,10.796794891357422
9,0.9223198890686035,0.18848949670791626,0.001,0.5924092531204224,6.733826160430908
10,0.9395430684089661,0.15603426098823547,0.001,0.5313531160354614,11.918664932250977
11,0.9209138751029968,0.19782596826553345,0.001,0.5115511417388916,13.578052520751953
12,0.9413005113601685,0.15064634382724762,0.001,0.5346534848213196,4.609504699707031
13,0.9388400912284851,0.1561705321073532,0.001,0.6138613820075989,2.9230196475982666
14,0.935676634311676,0.15932245552539825,0.001,0.5990098714828491,7.915780544281006
15,0.9476274251937866,0.14019884169101715,0.001,0.4867986738681793,8.23662281036377
16,0.9511423707008362,0.1284070909023285,0.001,0.6105610728263855,6.2325921058654785
17,0.9592267274856567,0.11184936761856079,0.001,0.6254125237464905,5.300411224365234
18,0.9690685272216797,0.08123414218425751,0.0003,0.6468647122383118,6.725186824798584
19,0.9722319841384888,0.07444439083337784,0.0003,0.6633663177490234,6.2914347648620605
20,0.9694200158119202,0.07664322108030319,0.0003,0.6270626783370972,8.05740737915039
21,0.9799648523330688,0.05434549227356911,0.0003,0.5693069100379944,7.534975051879883
22,0.9746924638748169,0.0601203478872776,0.0003,0.6353135108947754,7.82887601852417
23,0.9722319841384888,0.06602329760789871,0.0003,0.6204620599746704,7.735461711883545
24,0.9764499068260193,0.06640704721212387,0.0003,0.6254125237464905,9.937138557434082
25,0.9806678295135498,0.053092289716005325,0.0003,0.6122112274169922,10.372191429138184
26,0.9775043725967407,0.06394234299659729,0.0003,0.5808581113815308,11.894668579101562
27,0.9789103865623474,0.04873349517583847,0.0003,0.6188119053840637,8.504081726074219
28,0.9841827750205994,0.04513326659798622,9e-05,0.594059407711029,9.663384437561035
29,0.990158200263977,0.03128829970955849,9e-05,0.6270626783370972,10.147583961486816
30,0.9884006977081299,0.03537322208285332,9e-05,0.6402640342712402,10.59521198272705
31,0.986994743347168,0.03450590372085571,9e-05,0.6138613820075989,10.122962951660156
32,0.9898066520690918,0.031473804265260696,9e-05,0.6567656993865967,9.301158905029297
33,0.9933215975761414,0.021892625838518143,9e-05,0.6089109182357788,8.202056884765625
34,0.986994743347168,0.03457103297114372,9e-05,0.6386138796806335,8.031143188476562
35,0.9894551634788513,0.029329173266887665,9e-05,0.6072607040405273,8.83720588684082
36,0.994727611541748,0.01890927366912365,9e-05,0.6138613820075989,8.05823040008545
37,0.9912126660346985,0.030672011896967888,9e-05,0.6006600856781006,8.831635475158691
38,0.9905096888542175,0.03110492043197155,2.7e-05,0.632013201713562,8.496179580688477
39,0.991564154624939,0.02538997121155262,2.7e-05,0.5924092531204224,9.338505744934082
40,0.9922671318054199,0.026843739673495293,2.7e-05,0.5874587297439575,9.422318458557129
41,0.9957820773124695,0.020220953971147537,2.7e-05,0.6617161631584167,9.216780662536621
42,0.9912126660346985,0.026378950104117393,2.7e-05,0.6452144980430603,9.399446487426758
43,0.9887521862983704,0.028649693354964256,2.7e-05,0.6501650214195251,9.646441459655762
44,0.9940246343612671,0.018386714160442352,2.7e-05,0.6501650214195251,10.108930587768555
45,0.991564154624939,0.025340348482131958,2.7e-05,0.6534653306007385,9.785676002502441
46,0.9940246343612671,0.020020315423607826,2.7e-05,0.632013201713562,9.653602600097656
47,0.9926186203956604,0.020403532311320305,2.7e-05,0.6369637250900269,9.846826553344727
48,0.9936730861663818,0.018800606951117516,8.1e-06,0.6435643434524536,9.62957763671875
49,0.9936730861663818,0.021923162043094635,8.1e-06,0.6237623691558838,9.704903602600098
50,0.9929701089859009,0.023970479145646095,8.1e-06,0.6204620599746704,9.843172073364258
51,0.9922671318054199,0.02214042842388153,8.1e-06,0.632013201713562,10.024238586425781
52,0.9922671318054199,0.02106195129454136,8.1e-06,0.6518151760101318,9.980142593383789
53,0.9898066520690918,0.026113197207450867,8.1e-06,0.6270626783370972,9.69685173034668
54,0.990861177444458,0.024758771061897278,8.1e-06,0.6237623691558838,9.780506134033203
55,0.9887521862983704,0.030503710731863976,8.1e-06,0.6254125237464905,9.879525184631348
56,0.994727611541748,0.01958346553146839,8.1e-06,0.6402640342712402,9.624733924865723
57,0.9933215975761414,0.020746009424328804,8.1e-06,0.6468647122383118,9.570959091186523
58,0.9936730861663818,0.019199378788471222,2.43e-06,0.6369637250900269,9.561400413513184
59,0.9933215975761414,0.019646557047963142,2.43e-06,0.6353135108947754,9.581188201904297
60,0.995430588722229,0.01849175989627838,2.43e-06,0.6303630471229553,9.592843055725098
61,0.9940246343612671,0.0207644235342741,2.43e-06,0.6369637250900269,9.692632675170898
62,0.9940246343612671,0.018953215330839157,2.43e-06,0.6369637250900269,9.730938911437988
63,0.995430588722229,0.019312633201479912,2.43e-06,0.6353135108947754,9.744712829589844
64,0.9929701089859009,0.02181987464427948,2.43e-06,0.6287128925323486,9.774747848510742
65,0.9922671318054199,0.02222602255642414,2.43e-06,0.6303630471229553,9.76142692565918
66,0.9919156432151794,0.020861448720097542,2.43e-06,0.632013201713562,9.69815731048584
67,0.995430588722229,0.017810776829719543,2.43e-06,0.6386138796806335,9.532286643981934
68,0.9940246343612671,0.019217563793063164,1e-06,0.6353135108947754,9.581681251525879
69,0.9940246343612671,0.020637791603803635,1e-06,0.6336633563041687,9.71442985534668
70,0.9929701089859009,0.021599501371383667,1e-06,0.6336633563041687,9.768585205078125
71,0.9936730861663818,0.019259436056017876,1e-06,0.6336633563041687,9.735262870788574
72,0.9943761229515076,0.02047591842710972,1e-06,0.6336633563041687,9.765240669250488
73,0.9929701089859009,0.021936938166618347,1e-06,0.6353135108947754,9.702826499938965
74,0.9940246343612671,0.02264542318880558,1e-06,0.6353135108947754,9.617213249206543
75,0.9940246343612671,0.02003747783601284,1e-06,0.6336633563041687,9.625571250915527
76,0.9936730861663818,0.02146676369011402,1e-06,0.6303630471229553,9.705876350402832
77,0.9936730861663818,0.022573010995984077,1e-06,0.6336633563041687,9.680068969726562
78,0.9926186203956604,0.01898166537284851,1e-06,0.6336633563041687,9.673324584960938
79,0.9936730861663818,0.017352880910038948,1e-06,0.6303630471229553,9.71905517578125
80,0.9922671318054199,0.020113209262490273,1e-06,0.6287128925323486,9.654200553894043
81,0.9936730861663818,0.017889438197016716,1e-06,0.6303630471229553,9.56015396118164
82,0.9922671318054199,0.025772947818040848,1e-06,0.6336633563041687,9.576683044433594
83,0.9943761229515076,0.018940171226859093,1e-06,0.6303630471229553,9.624589920043945
84,0.9926186203956604,0.020017089322209358,1e-06,0.6303630471229553,9.627670288085938
85,0.9929701089859009,0.020645663142204285,1e-06,0.632013201713562,9.619057655334473
86,0.9929701089859009,0.020774010568857193,1e-06,0.6303630471229553,9.5640869140625
87,0.9894551634788513,0.02350359596312046,1e-06,0.6303630471229553,9.561287879943848
88,0.9919156432151794,0.023102715611457825,1e-06,0.6303630471229553,9.610401153564453
89,0.9940246343612671,0.017970174551010132,1e-06,0.6303630471229553,9.566705703735352
90,0.9919156432151794,0.0242946557700634,1e-06,0.6303630471229553,9.59276294708252
91,0.9943761229515076,0.01725628972053528,1e-06,0.6303630471229553,9.585596084594727
92,0.9957820773124695,0.01607150211930275,1e-06,0.6303630471229553,9.558611869812012
93,0.9936730861663818,0.020858125761151314,1e-06,0.6336633563041687,9.589388847351074
94,0.9943761229515076,0.018179234117269516,1e-06,0.6336633563041687,9.528219223022461
95,0.9940246343612671,0.0238270852714777,1e-06,0.6353135108947754,9.532742500305176
96,0.9943761229515076,0.017010100185871124,1e-06,0.6369637250900269,9.522566795349121
97,0.9919156432151794,0.02358919009566307,1e-06,0.6336633563041687,9.52393627166748
98,0.995430588722229,0.01710694283246994,1e-06,0.632013201713562,9.561012268066406
99,0.9919156432151794,0.022863086313009262,1e-06,0.6336633563041687,9.574905395507812
100,0.9940246343612671,0.01905965618789196,1e-06,0.6336633563041687,9.584321975708008
101,0.9933215975761414,0.026053139939904213,1e-06,0.6336633563041687,9.573710441589355
102,0.9926186203956604,0.02123619243502617,1e-06,0.632013201713562,9.538524627685547
103,0.995430588722229,0.015600914135575294,1e-06,0.6303630471229553,9.555326461791992
104,0.9926186203956604,0.020166300237178802,1e-06,0.6303630471229553,9.583826065063477
105,0.9919156432151794,0.02229391783475876,1e-06,0.6303630471229553,9.636263847351074
106,0.9936730861663818,0.01879633590579033,1e-06,0.6336633563041687,9.580227851867676
107,0.990861177444458,0.027546634897589684,1e-06,0.6336633563041687,9.648537635803223
