epoch,accuracy,loss,lr,val_accuracy,val_loss
0,0.7381370663642883,0.5559927225112915,0.001,0.6138613820075989,8.19107437133789
1,0.8052724003791809,0.4160192608833313,0.001,0.6138613820075989,19.436542510986328
2,0.8414762616157532,0.35921812057495117,0.001,0.6138613820075989,21.394397735595703
3,0.875922679901123,0.2863738536834717,0.001,0.6138613820075989,29.06315803527832
4,0.8745167255401611,0.2946487069129944,0.001,0.6138613820075989,17.908889770507812
5,0.8945518732070923,0.26626595854759216,0.001,0.6138613820075989,7.891469478607178
6,0.885764479637146,0.2606605589389801,0.001,0.5528053045272827,3.3635261058807373
7,0.9163444638252258,0.20540975034236908,0.001,0.6683168411254883,3.151904344558716
8,0.9398945569992065,0.16031514108181,0.001,0.6402640342712402,3.435424327850342
9,0.9254832863807678,0.20356880128383636,0.001,0.6402640342712402,7.042883396148682
10,0.9405975341796875,0.15513975918293,0.001,0.5214521288871765,9.4265718460083
11,0.9465729594230652,0.13474369049072266,0.001,0.5429043173789978,5.159724712371826
12,0.945518434047699,0.1423814594745636,0.001,0.4108910858631134,6.6895599365234375
13,0.9553602933883667,0.11118749529123306,0.001,0.4323432445526123,7.507266044616699
14,0.9497363567352295,0.12484146654605865,0.001,0.5957095623016357,7.500335216522217
15,0.9564147591590881,0.1272294968366623,0.001,0.6254125237464905,3.0253233909606934
16,0.9627416729927063,0.09512318670749664,0.001,0.40594059228897095,10.380309104919434
17,0.9627416729927063,0.09481319040060043,0.001,0.5891088843345642,9.392170906066895
18,0.9648506045341492,0.08417358994483948,0.001,0.6138613820075989,9.597135543823242
19,0.9609841704368591,0.10771124809980392,0.001,0.5429043173789978,8.962264060974121
20,0.9662566184997559,0.08890577405691147,0.001,0.6138613820075989,7.342670440673828
21,0.9806678295135498,0.056422941386699677,0.001,0.4554455578327179,10.319555282592773
22,0.9746924638748169,0.07530497014522552,0.001,0.6072607040405273,4.931456565856934
23,0.9725834727287292,0.0718475952744484,0.001,0.6138613820075989,7.470989227294922
24,0.9768013954162598,0.06333606690168381,0.001,0.6848185062408447,4.335341453552246
25,0.9831283092498779,0.046875953674316406,0.001,0.6864686608314514,6.423619270324707
26,0.9866432547569275,0.038766827434301376,0.0003,0.6221122145652771,6.452949523925781
27,0.991564154624939,0.02403741516172886,0.0003,0.6303630471229553,8.03309440612793
28,0.9912126660346985,0.024016547948122025,0.0003,0.6237623691558838,6.528834342956543
29,0.9876977205276489,0.029966717585921288,0.0003,0.6237623691558838,6.881215572357178
30,0.9929701089859009,0.020046094432473183,0.0003,0.5099009871482849,7.372260570526123
31,0.9929701089859009,0.02236863411962986,0.0003,0.49339935183525085,7.154537677764893
32,0.9929701089859009,0.020933741703629494,0.0003,0.5049505233764648,6.808067798614502
33,0.9950791001319885,0.014303541742265224,0.0003,0.6188119053840637,6.392068386077881
34,0.9912126660346985,0.02053089439868927,0.0003,0.5528053045272827,6.945918560028076
35,0.9964850544929504,0.014674368314445019,0.0003,0.6501650214195251,6.901087760925293
36,0.9964850544929504,0.011362958699464798,9e-05,0.6534653306007385,6.145025253295898
37,0.9978910088539124,0.009154967963695526,9e-05,0.6122112274169922,6.669890403747559
38,0.9964850544929504,0.009099829010665417,9e-05,0.6369637250900269,6.852633476257324
39,0.9971880316734314,0.015178374946117401,9e-05,0.6567656993865967,4.625372886657715
40,0.9964850544929504,0.009700117632746696,9e-05,0.6584158539772034,4.271394729614258
41,0.9943761229515076,0.013704545795917511,9e-05,0.632013201713562,6.107891082763672
42,0.9943761229515076,0.013365635648369789,9e-05,0.6584158539772034,5.979140758514404
43,0.994727611541748,0.012352444231510162,9e-05,0.6237623691558838,6.207523345947266
44,0.9982425570487976,0.008068282157182693,9e-05,0.6353135108947754,6.5635271072387695
45,0.9975395202636719,0.00955708883702755,9e-05,0.6138613820075989,6.237028121948242
46,0.9978910088539124,0.009490313939750195,2.7e-05,0.6237623691558838,6.560319423675537
47,0.9964850544929504,0.009206305257976055,2.7e-05,0.6287128925323486,6.475348472595215
48,0.9975395202636719,0.011309954337775707,2.7e-05,0.6485148668289185,5.998441219329834
49,0.9971880316734314,0.011100191622972488,2.7e-05,0.669966995716095,5.381621837615967
50,0.99613356590271,0.011239255778491497,2.7e-05,0.6452144980430603,6.369572639465332
51,0.9989455342292786,0.005835420917719603,2.7e-05,0.6270626783370972,6.3235015869140625
52,0.9982425570487976,0.00828945729881525,2.7e-05,0.6072607040405273,6.309931755065918
53,0.9989455342292786,0.008933697827160358,2.7e-05,0.6336633563041687,6.870826244354248
54,0.9971880316734314,0.010458877310156822,2.7e-05,0.6270626783370972,6.654415130615234
55,0.9982425570487976,0.007736603729426861,2.7e-05,0.6254125237464905,6.493045806884766
56,0.9978910088539124,0.005595389287918806,8.1e-06,0.6419141888618469,6.345650672912598
57,0.9968365430831909,0.007365046534687281,8.1e-06,0.6551154851913452,6.292866230010986
58,0.9982425570487976,0.007375864777714014,8.1e-06,0.6551154851913452,6.399453639984131
59,0.9989455342292786,0.006946742068976164,8.1e-06,0.6501650214195251,6.484542369842529
60,0.9978910088539124,0.008539708331227303,8.1e-06,0.6386138796806335,6.487527370452881
61,0.9989455342292786,0.005848217289894819,8.1e-06,0.6435643434524536,6.566742420196533
62,0.9968365430831909,0.011023551225662231,8.1e-06,0.6419141888618469,6.706326007843018
63,0.9971880316734314,0.006915662437677383,8.1e-06,0.6518151760101318,6.600543022155762
64,0.9985940456390381,0.0055671920999884605,8.1e-06,0.6551154851913452,6.559822082519531
65,0.9971880316734314,0.009667258709669113,8.1e-06,0.6551154851913452,6.623978137969971
66,0.9985940456390381,0.005591168068349361,2.43e-06,0.6551154851913452,6.6060590744018555
67,0.9971880316734314,0.011475494131445885,2.43e-06,0.6534653306007385,6.641042232513428
68,0.9985940456390381,0.007343722507357597,2.43e-06,0.6534653306007385,6.635189056396484
69,0.9957820773124695,0.011548229493200779,2.43e-06,0.6534653306007385,6.604368686676025
70,0.9978910088539124,0.007916784845292568,2.43e-06,0.6534653306007385,6.615319728851318
71,0.9985940456390381,0.004179921001195908,2.43e-06,0.6600660085678101,6.609915733337402
72,0.9975395202636719,0.006033383309841156,2.43e-06,0.6551154851913452,6.633377552032471
73,0.9978910088539124,0.009184546768665314,2.43e-06,0.6534653306007385,6.6932878494262695
74,0.9964850544929504,0.008222446776926517,2.43e-06,0.6567656993865967,6.661541938781738
75,0.9989455342292786,0.004895554855465889,2.43e-06,0.6567656993865967,6.686665058135986
76,0.9978910088539124,0.007539461366832256,1e-06,0.6567656993865967,6.627884387969971
77,0.9989455342292786,0.004545675124973059,1e-06,0.6551154851913452,6.589320659637451
78,0.9971880316734314,0.007847716100513935,1e-06,0.6567656993865967,6.578300476074219
79,0.9985940456390381,0.006098518148064613,1e-06,0.6584158539772034,6.592647552490234
80,0.9982425570487976,0.0057701547630131245,1e-06,0.6584158539772034,6.603280067443848
81,0.9978910088539124,0.005960673093795776,1e-06,0.6567656993865967,6.6151628494262695
82,0.9982425570487976,0.006540031172335148,1e-06,0.6551154851913452,6.657984256744385
83,0.9971880316734314,0.008102810941636562,1e-06,0.6567656993865967,6.614347457885742
84,0.9996485114097595,0.004489616956561804,1e-06,0.6584158539772034,6.629278182983398
85,0.9985940456390381,0.005551754031330347,1e-06,0.6534653306007385,6.642098426818848
86,0.9968365430831909,0.008977887220680714,1e-06,0.6600660085678101,6.605005741119385
87,0.9964850544929504,0.010029911994934082,1e-06,0.6567656993865967,6.6025190353393555
88,0.9978910088539124,0.006706257816404104,1e-06,0.6551154851913452,6.660432815551758
89,0.9982425570487976,0.006422732025384903,1e-06,0.6567656993865967,6.629946231842041
90,0.9968365430831909,0.008100845851004124,1e-06,0.6551154851913452,6.6556901931762695
91,0.9975395202636719,0.006451520137488842,1e-06,0.6567656993865967,6.660736560821533
92,0.9971880316734314,0.006779223680496216,1e-06,0.6567656993865967,6.636877059936523
93,0.9982425570487976,0.0060281590558588505,1e-06,0.6600660085678101,6.667389869689941
94,0.999297022819519,0.00488008838146925,1e-06,0.6567656993865967,6.639331817626953
95,0.9985940456390381,0.007162977010011673,1e-06,0.6567656993865967,6.648741722106934
96,0.9978910088539124,0.006949012167751789,1e-06,0.6551154851913452,6.681778907775879
97,0.9968365430831909,0.007219887338578701,1e-06,0.6567656993865967,6.708243370056152
98,0.9957820773124695,0.010684721171855927,1e-06,0.6534653306007385,6.67144250869751
99,0.9964850544929504,0.009981753304600716,1e-06,0.6518151760101318,6.741382122039795
100,0.9996485114097595,0.002998711308464408,1e-06,0.6518151760101318,6.714756011962891
101,0.9989455342292786,0.00487503269687295,1e-06,0.6584158539772034,6.678442478179932
102,0.9975395202636719,0.005549558438360691,1e-06,0.6584158539772034,6.744185447692871
103,0.9982425570487976,0.006751852575689554,1e-06,0.6600660085678101,6.75819206237793
104,0.9985940456390381,0.005819643381983042,1e-06,0.6534653306007385,6.746787071228027
105,0.9975395202636719,0.006757740862667561,1e-06,0.6584158539772034,6.729951858520508
106,0.9964850544929504,0.01000688225030899,1e-06,0.6584158539772034,6.722009181976318
107,0.9985940456390381,0.006142505910247564,1e-06,0.6584158539772034,6.735412120819092
108,0.9968365430831909,0.008103878237307072,1e-06,0.6551154851913452,6.7724175453186035
109,0.9989455342292786,0.00428703473880887,1e-06,0.6551154851913452,6.75958776473999
110,0.9975395202636719,0.008802797645330429,1e-06,0.6600660085678101,6.702492713928223
111,0.9978910088539124,0.00633735116571188,1e-06,0.6600660085678101,6.716528415679932
112,0.9975395202636719,0.00864218920469284,1e-06,0.6584158539772034,6.765397548675537
113,0.9985940456390381,0.005171708296984434,1e-06,0.6584158539772034,6.695250034332275
114,0.9975395202636719,0.005762028507888317,1e-06,0.6584158539772034,6.747287273406982
115,0.9971880316734314,0.008335897698998451,1e-06,0.6584158539772034,6.739574432373047
