epoch,accuracy,loss,lr,val_accuracy,val_loss
0,0.7100175619125366,0.6431050896644592,0.001,0.6138613820075989,9.951576232910156
1,0.8137082457542419,0.4317454993724823,0.001,0.6138613820075989,18.03723907470703
2,0.8312829732894897,0.38460659980773926,0.001,0.6138613820075989,17.488359451293945
3,0.8478031754493713,0.36083298921585083,0.001,0.6138613820075989,12.18874740600586
4,0.863620400428772,0.3127013146877289,0.001,0.6138613820075989,13.706974983215332
5,0.8998242616653442,0.23965857923030853,0.001,0.5544554591178894,13.75363540649414
6,0.9057996273040771,0.24323569238185883,0.001,0.5775577425956726,8.784162521362305
7,0.9100175499916077,0.24671313166618347,0.001,0.7277227640151978,1.3636584281921387
8,0.9050966501235962,0.2434713989496231,0.001,0.5198019742965698,2.8791778087615967
9,0.9268893003463745,0.1891329139471054,0.001,0.5528053045272827,2.850471019744873
10,0.9219683408737183,0.1949690729379654,0.001,0.5445544719696045,6.992485046386719
11,0.9388400912284851,0.16024552285671234,0.001,0.5148515105247498,3.695237636566162
12,0.9381370544433594,0.168916255235672,0.001,0.47359734773635864,7.60736083984375
13,0.9416519999504089,0.13810031116008759,0.001,0.5346534848213196,6.887775897979736
14,0.9381370544433594,0.17447905242443085,0.001,0.3877887725830078,13.621480941772461
15,0.9637961387634277,0.09910281747579575,0.001,0.4455445408821106,8.116342544555664
16,0.9620386362075806,0.10562948882579803,0.001,0.3762376308441162,13.349321365356445
17,0.95782071352005,0.10661090165376663,0.001,0.47194719314575195,4.666631698608398
18,0.9722319841384888,0.07808557897806168,0.0003,0.6386138796806335,5.0343241691589355
19,0.9792618751525879,0.054890405386686325,0.0003,0.6237623691558838,6.444960594177246
20,0.9838312864303589,0.04191526770591736,0.0003,0.6452144980430603,8.489113807678223
21,0.9852372407913208,0.04054516926407814,0.0003,0.5726072788238525,8.764413833618164
22,0.9852372407913208,0.0422593355178833,0.0003,0.49339935183525085,7.332980632781982
23,0.982425332069397,0.042682256549596786,0.0003,0.6006600856781006,14.645759582519531
24,0.9855887293815613,0.041849907487630844,0.0003,0.5363036394119263,13.785796165466309
25,0.9841827750205994,0.04544537141919136,0.0003,0.6155115365982056,10.50584602355957
26,0.9845342636108398,0.04795072600245476,0.0003,0.6072607040405273,6.312175273895264
27,0.991564154624939,0.030117904767394066,0.0003,0.5693069100379944,9.847643852233887
28,0.9884006977081299,0.03256223350763321,9e-05,0.5478547811508179,11.034271240234375
29,0.9887521862983704,0.03760892525315285,9e-05,0.5709571242332458,10.604133605957031
30,0.990861177444458,0.026549043133854866,9e-05,0.6716171503067017,9.555668830871582
31,0.9905096888542175,0.026452893391251564,9e-05,0.6386138796806335,11.25631332397461
32,0.991564154624939,0.0290524922311306,9e-05,0.6336633563041687,11.47241497039795
33,0.991564154624939,0.025503631681203842,9e-05,0.6221122145652771,10.590965270996094
34,0.9936730861663818,0.018259398639202118,9e-05,0.5907590985298157,9.674581527709961
35,0.9929701089859009,0.020538898184895515,9e-05,0.6452144980430603,10.176412582397461
36,0.9929701089859009,0.01764657162129879,9e-05,0.6122112274169922,9.19295883178711
37,0.9950791001319885,0.015277248807251453,9e-05,0.6171616911888123,10.977089881896973
38,0.9964850544929504,0.0135492580011487,2.7e-05,0.6518151760101318,10.577021598815918
39,0.99613356590271,0.013156253844499588,2.7e-05,0.6419141888618469,10.378704071044922
40,0.9964850544929504,0.011322073638439178,2.7e-05,0.6468647122383118,10.447420120239258
41,0.9950791001319885,0.012516530230641365,2.7e-05,0.6122112274169922,10.97255802154541
42,0.9936730861663818,0.016741931438446045,2.7e-05,0.6600660085678101,9.680855751037598
43,0.9926186203956604,0.01881510205566883,2.7e-05,0.6353135108947754,10.540057182312012
44,0.9964850544929504,0.013042484410107136,2.7e-05,0.6534653306007385,10.695662498474121
45,0.9968365430831909,0.010777863673865795,2.7e-05,0.6534653306007385,10.597565650939941
46,0.9964850544929504,0.014061101712286472,2.7e-05,0.6468647122383118,10.743261337280273
47,0.9975395202636719,0.011846047826111317,2.7e-05,0.6419141888618469,10.749093055725098
48,0.9975395202636719,0.010701023042201996,8.1e-06,0.6254125237464905,10.826299667358398
49,0.9978910088539124,0.008949591778218746,8.1e-06,0.6369637250900269,10.760422706604004
50,0.9968365430831909,0.012524465098977089,8.1e-06,0.632013201713562,10.619779586791992
51,0.9943761229515076,0.021091679111123085,8.1e-06,0.6485148668289185,10.84228229522705
52,0.995430588722229,0.013672534376382828,8.1e-06,0.6419141888618469,10.677352905273438
53,0.995430588722229,0.013606559485197067,8.1e-06,0.6369637250900269,10.631516456604004
54,0.994727611541748,0.012998453341424465,8.1e-06,0.632013201713562,10.757506370544434
55,0.9950791001319885,0.015473528765141964,8.1e-06,0.6353135108947754,10.610562324523926
56,0.9971880316734314,0.009361881762742996,8.1e-06,0.6369637250900269,10.755752563476562
57,0.99613356590271,0.011863796040415764,8.1e-06,0.6551154851913452,10.783878326416016
58,0.99613356590271,0.01139996200799942,2.43e-06,0.6452144980430603,10.883817672729492
59,0.99613356590271,0.01158097479492426,2.43e-06,0.6485148668289185,10.892029762268066
60,0.9968365430831909,0.013338926248252392,2.43e-06,0.6452144980430603,10.886804580688477
61,0.9957820773124695,0.011577935889363289,2.43e-06,0.6353135108947754,10.845080375671387
62,0.9985940456390381,0.006522364914417267,2.43e-06,0.6386138796806335,10.934540748596191
63,0.995430588722229,0.013851897791028023,2.43e-06,0.6485148668289185,10.87971305847168
64,0.9964850544929504,0.012844006530940533,2.43e-06,0.6402640342712402,10.783194541931152
65,0.9964850544929504,0.009639108553528786,2.43e-06,0.6501650214195251,10.820572853088379
66,0.9978910088539124,0.01001022383570671,2.43e-06,0.6518151760101318,10.82122802734375
67,0.9968365430831909,0.010648371651768684,2.43e-06,0.6518151760101318,10.769087791442871
68,0.9957820773124695,0.013580766506493092,1e-06,0.6468647122383118,10.783777236938477
69,0.9971880316734314,0.009756872430443764,1e-06,0.6435643434524536,10.778609275817871
70,0.9968365430831909,0.010446635074913502,1e-06,0.6435643434524536,10.800666809082031
71,0.9950791001319885,0.01467648521065712,1e-06,0.6419141888618469,10.749226570129395
72,0.9957820773124695,0.013450684025883675,1e-06,0.6452144980430603,10.851435661315918
73,0.9975395202636719,0.012532804161310196,1e-06,0.6468647122383118,10.875
74,0.9964850544929504,0.011151929385960102,1e-06,0.6435643434524536,10.7156982421875
75,0.9968365430831909,0.01023995503783226,1e-06,0.6419141888618469,10.756186485290527
76,0.9968365430831909,0.010923576541244984,1e-06,0.6452144980430603,10.781678199768066
77,0.9964850544929504,0.010550734587013721,1e-06,0.6485148668289185,10.77145767211914
78,0.9978910088539124,0.01074137818068266,1e-06,0.6419141888618469,10.700395584106445
79,0.9982425570487976,0.009962165728211403,1e-06,0.6435643434524536,10.686054229736328
80,0.9964850544929504,0.010034126229584217,1e-06,0.6501650214195251,10.720743179321289
81,0.9971880316734314,0.00957649014890194,1e-06,0.6452144980430603,10.758329391479492
82,0.9943761229515076,0.018044767901301384,1e-06,0.6452144980430603,10.7448148727417
83,0.99613356590271,0.014798173680901527,1e-06,0.6501650214195251,10.755892753601074
84,0.9971880316734314,0.010371292009949684,1e-06,0.6518151760101318,10.699731826782227
85,0.9968365430831909,0.012655472382903099,1e-06,0.6501650214195251,10.692312240600586
86,0.9975395202636719,0.014845247380435467,1e-06,0.6419141888618469,10.895136833190918
87,0.9964850544929504,0.01102788932621479,1e-06,0.6485148668289185,10.787824630737305
88,0.9968365430831909,0.009254449047148228,1e-06,0.6485148668289185,10.724601745605469
89,0.9943761229515076,0.015706216916441917,1e-06,0.6485148668289185,10.76010799407959
90,0.9982425570487976,0.008395589888095856,1e-06,0.6485148668289185,10.720666885375977
91,0.9968365430831909,0.013734910637140274,1e-06,0.6485148668289185,10.713016510009766
92,0.994727611541748,0.013763085938990116,1e-06,0.6452144980430603,10.619630813598633
93,0.99613356590271,0.013203922659158707,1e-06,0.6485148668289185,10.607215881347656
94,0.9985940456390381,0.009886124171316624,1e-06,0.6468647122383118,10.714472770690918
95,0.9964850544929504,0.011983456090092659,1e-06,0.6468647122383118,10.718124389648438
96,0.9971880316734314,0.008388375863432884,1e-06,0.6435643434524536,10.791646003723145
97,0.9943761229515076,0.01478047389537096,1e-06,0.6468647122383118,10.74340534210205
98,0.99613356590271,0.01568429544568062,1e-06,0.6485148668289185,10.787627220153809
99,0.99613356590271,0.010806693695485592,1e-06,0.6452144980430603,10.77365779876709
100,0.9964850544929504,0.01663081906735897,1e-06,0.6501650214195251,10.798100471496582
101,0.9968365430831909,0.012191744521260262,1e-06,0.6419141888618469,10.835033416748047
102,0.9950791001319885,0.014947383664548397,1e-06,0.6485148668289185,10.796067237854004
103,0.9950791001319885,0.02015862986445427,1e-06,0.6452144980430603,10.765389442443848
104,0.9964850544929504,0.012097570113837719,1e-06,0.6468647122383118,10.780725479125977
105,0.9982425570487976,0.00887992326170206,1e-06,0.6534653306007385,10.770739555358887
106,0.994727611541748,0.013616696931421757,1e-06,0.6518151760101318,10.786666870117188
107,0.995430588722229,0.01361802127212286,1e-06,0.6485148668289185,10.828505516052246
