epoch,accuracy,loss,lr,val_accuracy,val_loss
0,0.6945518255233765,0.6807989478111267,0.001,0.6138613820075989,8.742600440979004
1,0.8035149574279785,0.45607301592826843,0.001,0.6138613820075989,12.31229305267334
2,0.8323374390602112,0.3912814259529114,0.001,0.6138613820075989,28.73862648010254
3,0.8428822755813599,0.3498925268650055,0.001,0.6138613820075989,17.945444107055664
4,0.8608084321022034,0.31318399310112,0.001,0.6138613820075989,11.994236946105957
5,0.8731107115745544,0.29999467730522156,0.001,0.5363036394119263,5.583373546600342
6,0.876625657081604,0.28692302107810974,0.001,0.3564356565475464,8.166747093200684
7,0.8977152705192566,0.2641591727733612,0.001,0.5676567554473877,6.349207401275635
8,0.9138839840888977,0.21554210782051086,0.001,0.37293729186058044,5.7363080978393555
9,0.9349736571311951,0.18438614904880524,0.001,0.6072607040405273,7.796266078948975
10,0.9384886026382446,0.19007357954978943,0.001,0.5082508325576782,5.174820899963379
11,0.9497363567352295,0.13724267482757568,0.001,0.6138613820075989,16.723752975463867
12,0.9384886026382446,0.16395974159240723,0.001,0.4455445408821106,8.022786140441895
13,0.9497363567352295,0.1374460607767105,0.001,0.4306930601596832,8.031105995178223
14,0.9405975341796875,0.1489565670490265,0.001,0.6138613820075989,6.009263038635254
15,0.9592267274856567,0.1216411367058754,0.001,0.5874587297439575,3.6860785484313965
16,0.9683655500411987,0.0831206813454628,0.001,0.5825082659721375,14.908170700073242
17,0.9644991159439087,0.10041120648384094,0.001,0.6006600856781006,8.86952018737793
18,0.9676625728607178,0.09179801493883133,0.001,0.6386138796806335,4.743899345397949
19,0.9687170386314392,0.08533093333244324,0.001,0.5825082659721375,8.717718124389648
20,0.9789103865623474,0.06612725555896759,0.001,0.6864686608314514,4.009490489959717
21,0.9753954410552979,0.07398119568824768,0.001,0.5808581113815308,12.97137451171875
22,0.9574692249298096,0.11749103665351868,0.001,0.6138613820075989,28.30760383605957
23,0.9760984182357788,0.0684405118227005,0.001,0.2541254162788391,8.064828872680664
24,0.9803163409233093,0.06245461478829384,0.001,0.4323432445526123,7.1838178634643555
25,0.986994743347168,0.04316607490181923,0.001,0.4785478413105011,8.372061729431152
26,0.9838312864303589,0.040552906692028046,0.0003,0.6518151760101318,5.350200653076172
27,0.9922671318054199,0.022901112213730812,0.0003,0.6089109182357788,8.083006858825684
28,0.9922671318054199,0.018417570739984512,0.0003,0.5313531160354614,6.5176496505737305
29,0.9922671318054199,0.02001235820353031,0.0003,0.4570957124233246,7.239467144012451
30,0.9922671318054199,0.022863702848553658,0.0003,0.5907590985298157,7.239622116088867
31,0.9919156432151794,0.01989288441836834,0.0003,0.5874587297439575,7.4926371574401855
32,0.9922671318054199,0.021160870790481567,0.0003,0.6551154851913452,5.5621843338012695
33,0.9936730861663818,0.016273893415927887,0.0003,0.5264026522636414,6.927236557006836
34,0.9929701089859009,0.020807964727282524,0.0003,0.6303630471229553,6.383324146270752
35,0.9933215975761414,0.013944311067461967,0.0003,0.5247524976730347,9.000495910644531
36,0.9971880316734314,0.008968079462647438,9e-05,0.5973597168922424,9.500856399536133
37,0.9971880316734314,0.009966869838535786,9e-05,0.5858085751533508,9.507410049438477
38,0.9950791001319885,0.010193847119808197,9e-05,0.566006600856781,7.664209842681885
39,0.99613356590271,0.012007361277937889,9e-05,0.5528053045272827,7.022056579589844
40,0.9950791001319885,0.011223549023270607,9e-05,0.6056105494499207,8.277205467224121
41,0.9975395202636719,0.008115905337035656,9e-05,0.6270626783370972,6.951839923858643
42,0.9989455342292786,0.005926125682890415,9e-05,0.6336633563041687,8.052825927734375
43,0.9982425570487976,0.006989740766584873,9e-05,0.6237623691558838,9.116859436035156
44,0.9985940456390381,0.005319744348526001,9e-05,0.6023102402687073,8.702620506286621
45,0.9940246343612671,0.011363937519490719,9e-05,0.6732673048973083,8.01600456237793
46,0.9982425570487976,0.005401850212365389,2.7e-05,0.6617161631584167,8.617162704467773
47,0.9978910088539124,0.007258301135152578,2.7e-05,0.6353135108947754,8.913291931152344
48,0.9968365430831909,0.005952177569270134,2.7e-05,0.6303630471229553,8.914443016052246
49,0.9978910088539124,0.007681879680603743,2.7e-05,0.6155115365982056,8.466415405273438
50,0.9968365430831909,0.008534024469554424,2.7e-05,0.6171616911888123,8.398394584655762
51,0.9975395202636719,0.0053594703786075115,2.7e-05,0.6336633563041687,8.223255157470703
52,0.9975395202636719,0.007467042654752731,2.7e-05,0.6270626783370972,8.22511100769043
53,0.9975395202636719,0.0065368907526135445,2.7e-05,0.6254125237464905,7.516456604003906
54,0.9957820773124695,0.007700884714722633,2.7e-05,0.6188119053840637,8.195735931396484
55,0.9978910088539124,0.007936235517263412,2.7e-05,0.6221122145652771,8.318675994873047
56,0.9968365430831909,0.008984723128378391,8.1e-06,0.6287128925323486,8.379158020019531
57,0.9975395202636719,0.006076951511204243,8.1e-06,0.6270626783370972,8.449134826660156
58,0.9968365430831909,0.008130904287099838,8.1e-06,0.6221122145652771,8.722798347473145
59,0.9996485114097595,0.0020384141243994236,8.1e-06,0.6254125237464905,8.627511978149414
60,0.9978910088539124,0.010043459944427013,8.1e-06,0.6336633563041687,8.4890775680542
61,0.9996485114097595,0.003026649123057723,8.1e-06,0.6336633563041687,8.504058837890625
62,0.9989455342292786,0.0038153626956045628,8.1e-06,0.6270626783370972,8.49345874786377
63,0.9982425570487976,0.004241812042891979,8.1e-06,0.6254125237464905,8.614091873168945
64,0.9985940456390381,0.0041502658277750015,8.1e-06,0.6270626783370972,8.547534942626953
65,0.999297022819519,0.005964478477835655,8.1e-06,0.6254125237464905,8.157161712646484
66,0.999297022819519,0.003072981955483556,2.43e-06,0.6254125237464905,8.130794525146484
67,0.9996485114097595,0.0024510440416634083,2.43e-06,0.6254125237464905,8.185805320739746
68,0.9996485114097595,0.002628724556416273,2.43e-06,0.6237623691558838,8.178133010864258
69,0.9989455342292786,0.007114758249372244,2.43e-06,0.6237623691558838,8.180359840393066
70,0.9982425570487976,0.006308864802122116,2.43e-06,0.6237623691558838,8.219528198242188
71,0.999297022819519,0.0021860275883227587,2.43e-06,0.6221122145652771,8.205608367919922
72,0.9989455342292786,0.005046858452260494,2.43e-06,0.6204620599746704,8.261699676513672
73,0.9968365430831909,0.007128938566893339,2.43e-06,0.6221122145652771,8.200677871704102
74,0.9982425570487976,0.00604180246591568,2.43e-06,0.6237623691558838,8.105817794799805
75,0.9985940456390381,0.005898529663681984,2.43e-06,0.6237623691558838,8.118741035461426
76,0.9989455342292786,0.005966404918581247,1e-06,0.6237623691558838,8.21033000946045
77,0.9978910088539124,0.006828625686466694,1e-06,0.6237623691558838,8.166067123413086
78,1.0,0.0019501684000715613,1e-06,0.6254125237464905,8.138237953186035
79,0.9971880316734314,0.006124223116785288,1e-06,0.6254125237464905,8.14317798614502
80,0.9996485114097595,0.0032017601188272238,1e-06,0.6254125237464905,8.11463737487793
81,0.9978910088539124,0.004345728084445,1e-06,0.6237623691558838,8.10486125946045
82,0.9996485114097595,0.002449742518365383,1e-06,0.6237623691558838,8.123096466064453
83,0.9964850544929504,0.009894419461488724,1e-06,0.6237623691558838,8.128458023071289
84,0.9978910088539124,0.006617435719817877,1e-06,0.6254125237464905,8.148062705993652
85,0.9985940456390381,0.005096470471471548,1e-06,0.6254125237464905,8.066436767578125
86,0.9985940456390381,0.006183871068060398,1e-06,0.6237623691558838,8.082255363464355
87,0.9982425570487976,0.00449370127171278,1e-06,0.6221122145652771,8.08154010772705
88,0.9978910088539124,0.00418178690597415,1e-06,0.6221122145652771,8.1214017868042
89,0.9971880316734314,0.006730382796376944,1e-06,0.6221122145652771,8.133350372314453
90,0.9996485114097595,0.0024752551689743996,1e-06,0.6237623691558838,8.117341041564941
91,0.9985940456390381,0.00332168722525239,1e-06,0.6237623691558838,8.121102333068848
92,0.9989455342292786,0.0033192455302923918,1e-06,0.6221122145652771,8.130619049072266
93,0.9989455342292786,0.006415777839720249,1e-06,0.6237623691558838,8.070806503295898
94,0.9996485114097595,0.002612294629216194,1e-06,0.6237623691558838,8.118579864501953
95,0.9996485114097595,0.00225952104665339,1e-06,0.6237623691558838,8.158801078796387
96,0.9971880316734314,0.009427318349480629,1e-06,0.6237623691558838,8.18751335144043
97,0.9996485114097595,0.003185942303389311,1e-06,0.6237623691558838,8.112305641174316
98,0.9978910088539124,0.005856103263795376,1e-06,0.6254125237464905,8.094339370727539
99,0.999297022819519,0.005873058456927538,1e-06,0.6237623691558838,8.09155559539795
100,0.9996485114097595,0.0025234525091946125,1e-06,0.6237623691558838,8.10037612915039
101,0.9985940456390381,0.0043688141740858555,1e-06,0.6237623691558838,8.125504493713379
102,0.9989455342292786,0.00432055676355958,1e-06,0.6237623691558838,8.1141996383667
103,0.9985940456390381,0.006037712562829256,1e-06,0.6237623691558838,8.08322811126709
104,0.9978910088539124,0.004044682253152132,1e-06,0.6237623691558838,8.140908241271973
105,0.999297022819519,0.003481753636151552,1e-06,0.6254125237464905,8.122637748718262
106,0.9989455342292786,0.004616127349436283,1e-06,0.6237623691558838,8.141515731811523
107,0.999297022819519,0.0028776563704013824,1e-06,0.6237623691558838,8.189908981323242
108,0.9978910088539124,0.00482937041670084,1e-06,0.6237623691558838,8.159361839294434
109,0.9996485114097595,0.0033268658444285393,1e-06,0.6237623691558838,8.148497581481934
110,0.9978910088539124,0.004353323020040989,1e-06,0.6237623691558838,8.155546188354492
111,0.9964850544929504,0.009083883836865425,1e-06,0.6237623691558838,8.15684986114502
112,0.9975395202636719,0.007046720013022423,1e-06,0.6237623691558838,8.22589111328125
113,0.9989455342292786,0.005991700571030378,1e-06,0.6237623691558838,8.23189926147461
114,0.9978910088539124,0.0052384319715201855,1e-06,0.6237623691558838,8.303452491760254
115,0.9975395202636719,0.007088269107043743,1e-06,0.6237623691558838,8.279278755187988
