epoch,accuracy,loss,lr,val_accuracy,val_loss
0,0.7072056531906128,0.6869223713874817,0.001,0.6138613820075989,7.194725036621094
1,0.803163468837738,0.4430302679538727,0.001,0.6138613820075989,8.921867370605469
2,0.8379613161087036,0.37746062874794006,0.001,0.6138613820075989,14.643835067749023
3,0.8534270524978638,0.34191110730171204,0.001,0.6138613820075989,14.902941703796387
4,0.8618628978729248,0.30385318398475647,0.001,0.6138613820075989,17.807050704956055
5,0.8868190050125122,0.28222236037254333,0.001,0.6138613820075989,12.024956703186035
6,0.8808435797691345,0.289755642414093,0.001,0.5808581113815308,5.237122535705566
7,0.880492091178894,0.2713189423084259,0.001,0.48184818029403687,7.245177745819092
8,0.8959578275680542,0.25669044256210327,0.001,0.3877887725830078,7.9785051345825195
9,0.9240773320198059,0.17881490290164948,0.001,0.5181518197059631,3.6316678524017334
10,0.9209138751029968,0.20472465455532074,0.001,0.3861386179924011,6.597318649291992
11,0.9289982318878174,0.18301911652088165,0.001,0.4686468541622162,12.322898864746094
12,0.9441124796867371,0.15692369639873505,0.001,0.5214521288871765,3.923844575881958
13,0.9381370544433594,0.1670275330543518,0.001,0.6138613820075989,11.477291107177734
14,0.9430580139160156,0.16061173379421234,0.001,0.4785478413105011,8.89357852935791
15,0.9595782160758972,0.11893241107463837,0.001,0.4471947252750397,7.441506862640381
16,0.9690685272216797,0.08119797706604004,0.001,0.5462046265602112,9.426697731018066
17,0.9184534549713135,0.235601007938385,0.001,0.5808581113815308,12.102068901062012
18,0.9627416729927063,0.09361226856708527,0.001,0.3465346395969391,14.246044158935547
19,0.9644991159439087,0.10088667273521423,0.001,0.6138613820075989,13.838605880737305
20,0.9768013954162598,0.06482098996639252,0.0003,0.5693069100379944,8.587882995605469
21,0.9876977205276489,0.04133535549044609,0.0003,0.6468647122383118,8.532736778259277
22,0.9841827750205994,0.042937442660331726,0.0003,0.5841584205627441,6.184587001800537
23,0.9873462319374084,0.031589873135089874,0.0003,0.5214521288871765,10.327291488647461
24,0.9852372407913208,0.03229851648211479,0.0003,0.5610560774803162,9.62265396118164
25,0.9887521862983704,0.0344514325261116,0.0003,0.5313531160354614,12.639424324035645
26,0.9778558611869812,0.0563277006149292,0.0003,0.5759075880050659,8.35876750946045
27,0.9873462319374084,0.035683028399944305,0.0003,0.5693069100379944,9.312237739562988
28,0.9873462319374084,0.03387853130698204,0.0003,0.6023102402687073,9.857436180114746
29,0.990861177444458,0.02576339803636074,0.0003,0.6171616911888123,10.106650352478027
30,0.9912126660346985,0.02030826546251774,9e-05,0.594059407711029,8.6282958984375
31,0.990861177444458,0.02614297904074192,9e-05,0.5627062916755676,9.640827178955078
32,0.9922671318054199,0.02032100409269333,9e-05,0.6204620599746704,9.153542518615723
33,0.994727611541748,0.015395603142678738,9e-05,0.5742574334144592,9.81471061706543
34,0.9929701089859009,0.020808469504117966,9e-05,0.5924092531204224,8.98677921295166
35,0.995430588722229,0.015136686153709888,9e-05,0.5676567554473877,9.843114852905273
36,0.9933215975761414,0.01741654798388481,9e-05,0.594059407711029,9.70069694519043
37,0.9919156432151794,0.025043075904250145,9e-05,0.6155115365982056,9.417987823486328
38,0.9926186203956604,0.017675774171948433,9e-05,0.5511550903320312,9.212533950805664
39,0.9912126660346985,0.021282587200403214,9e-05,0.6435643434524536,7.512216567993164
40,0.9926186203956604,0.01950768381357193,2.7e-05,0.6023102402687073,9.500646591186523
41,0.995430588722229,0.013590519316494465,2.7e-05,0.5957095623016357,9.504167556762695
42,0.9964850544929504,0.010800213553011417,2.7e-05,0.6138613820075989,9.278364181518555
43,0.9943761229515076,0.012632926926016808,2.7e-05,0.6303630471229553,8.78124713897705
44,0.995430588722229,0.011202068068087101,2.7e-05,0.6254125237464905,9.014484405517578
45,0.9957820773124695,0.013650810346007347,2.7e-05,0.6204620599746704,9.261116027832031
46,0.9975395202636719,0.008788260631263256,2.7e-05,0.6138613820075989,9.343804359436035
47,0.9950791001319885,0.012798778712749481,2.7e-05,0.6105610728263855,9.74901294708252
48,0.9971880316734314,0.009333223104476929,2.7e-05,0.6270626783370972,9.31778621673584
49,0.9978910088539124,0.008965743705630302,2.7e-05,0.6221122145652771,9.262486457824707
50,0.995430588722229,0.010095695964992046,8.1e-06,0.6221122145652771,9.427814483642578
51,0.995430588722229,0.011106171645224094,8.1e-06,0.6237623691558838,9.522748947143555
52,0.995430588722229,0.010772095993161201,8.1e-06,0.6204620599746704,9.372143745422363
53,0.9964850544929504,0.013414132408797741,8.1e-06,0.6056105494499207,9.62520694732666
54,0.9971880316734314,0.008520705625414848,8.1e-06,0.6089109182357788,9.506263732910156
55,0.9975395202636719,0.009577714838087559,8.1e-06,0.6105610728263855,9.57655143737793
56,0.994727611541748,0.012107168324291706,8.1e-06,0.6138613820075989,9.50047492980957
57,0.9950791001319885,0.014189472422003746,8.1e-06,0.6089109182357788,9.60704517364502
58,0.999297022819519,0.006232925690710545,8.1e-06,0.6138613820075989,9.700000762939453
59,0.9964850544929504,0.012564822100102901,8.1e-06,0.6122112274169922,9.484347343444824
60,0.9989455342292786,0.006332810968160629,2.43e-06,0.6155115365982056,9.506425857543945
61,0.9943761229515076,0.020996790379285812,2.43e-06,0.6155115365982056,9.568842887878418
62,0.9989455342292786,0.0058829099871218204,2.43e-06,0.6171616911888123,9.53338623046875
63,0.9975395202636719,0.00789369735866785,2.43e-06,0.6171616911888123,9.473947525024414
64,0.995430588722229,0.012299995869398117,2.43e-06,0.6171616911888123,9.476228713989258
65,0.9964850544929504,0.008068662136793137,2.43e-06,0.6171616911888123,9.535663604736328
66,0.99613356590271,0.010638228617608547,2.43e-06,0.6188119053840637,9.471442222595215
67,0.9957820773124695,0.012773986905813217,2.43e-06,0.6171616911888123,9.540570259094238
68,0.99613356590271,0.0126733910292387,2.43e-06,0.6171616911888123,9.560323715209961
69,0.9968365430831909,0.008758661337196827,2.43e-06,0.6188119053840637,9.564083099365234
70,0.9978910088539124,0.007683451287448406,1e-06,0.6188119053840637,9.571945190429688
71,0.9978910088539124,0.007476910017430782,1e-06,0.6171616911888123,9.599995613098145
72,0.9943761229515076,0.014155716635286808,1e-06,0.6171616911888123,9.589655876159668
73,0.9989455342292786,0.00607345113530755,1e-06,0.6171616911888123,9.53891658782959
74,0.9971880316734314,0.009557205252349377,1e-06,0.6188119053840637,9.5693998336792
75,0.9957820773124695,0.014992507174611092,1e-06,0.6188119053840637,9.552424430847168
76,0.9964850544929504,0.012446656823158264,1e-06,0.6171616911888123,9.554703712463379
77,0.9975395202636719,0.011193295009434223,1e-06,0.6171616911888123,9.580042839050293
78,0.9964850544929504,0.012564343400299549,1e-06,0.6171616911888123,9.558953285217285
79,0.9964850544929504,0.009460153989493847,1e-06,0.6188119053840637,9.55075740814209
80,0.9957820773124695,0.011872085742652416,1e-06,0.6171616911888123,9.565030097961426
81,0.9975395202636719,0.008049650117754936,1e-06,0.6171616911888123,9.559516906738281
82,0.9982425570487976,0.0069833663292229176,1e-06,0.6171616911888123,9.593975067138672
83,0.9982425570487976,0.008196056820452213,1e-06,0.6188119053840637,9.587869644165039
84,0.9964850544929504,0.008311252109706402,1e-06,0.6155115365982056,9.649412155151367
85,0.9964850544929504,0.010559841059148312,1e-06,0.6171616911888123,9.63280963897705
86,0.9964850544929504,0.009227084927260876,1e-06,0.6171616911888123,9.613709449768066
87,0.9971880316734314,0.008381670340895653,1e-06,0.6171616911888123,9.59925365447998
88,0.9964850544929504,0.008807987906038761,1e-06,0.6171616911888123,9.59891128540039
89,0.9982425570487976,0.010735942050814629,1e-06,0.6171616911888123,9.698638916015625
90,0.9982425570487976,0.006717958953231573,1e-06,0.6171616911888123,9.667691230773926
91,0.99613356590271,0.010583022609353065,1e-06,0.6188119053840637,9.57003402709961
92,0.9978910088539124,0.009390076622366905,1e-06,0.6171616911888123,9.54142951965332
93,0.9971880316734314,0.010017815046012402,1e-06,0.6171616911888123,9.641677856445312
94,0.9975395202636719,0.008621997199952602,1e-06,0.6155115365982056,9.626944541931152
95,0.9971880316734314,0.010791643522679806,1e-06,0.6171616911888123,9.60962200164795
96,0.9964850544929504,0.00957107450813055,1e-06,0.6188119053840637,9.547386169433594
97,0.9978910088539124,0.008437294512987137,1e-06,0.6188119053840637,9.577459335327148
98,0.9964850544929504,0.009825069457292557,1e-06,0.6188119053840637,9.510249137878418
99,0.995430588722229,0.01204933226108551,1e-06,0.6188119053840637,9.596125602722168
100,0.9978910088539124,0.006875104736536741,1e-06,0.6171616911888123,9.60412883758545
101,0.9989455342292786,0.004866602830588818,1e-06,0.6171616911888123,9.594375610351562
102,0.9982425570487976,0.005458969157189131,1e-06,0.6188119053840637,9.542228698730469
103,0.99613356590271,0.011314526200294495,1e-06,0.6171616911888123,9.505064010620117
104,0.9968365430831909,0.008029100485146046,1e-06,0.6188119053840637,9.549638748168945
105,0.9940246343612671,0.014748964458703995,1e-06,0.6155115365982056,9.577686309814453
106,0.9978910088539124,0.008449573069810867,1e-06,0.6155115365982056,9.568270683288574
107,0.9971880316734314,0.010916497558355331,1e-06,0.6171616911888123,9.571017265319824
108,0.9978910088539124,0.006981906946748495,1e-06,0.6171616911888123,9.584330558776855
109,0.9975395202636719,0.006738792639225721,1e-06,0.6155115365982056,9.564737319946289
