epoch,accuracy,loss,lr,val_accuracy,val_loss
0,0.7008787393569946,0.786165177822113,0.001,0.6138613820075989,8.480754852294922
1,0.7753954529762268,0.5139885544776917,0.001,0.6138613820075989,13.838205337524414
2,0.8070299029350281,0.4275844991207123,0.001,0.6138613820075989,19.27745246887207
3,0.8316344618797302,0.3940293788909912,0.001,0.6138613820075989,16.500516891479492
4,0.8291739821434021,0.39691609144210815,0.001,0.6138613820075989,17.646953582763672
5,0.8478031754493713,0.3602113723754883,0.001,0.6138613820075989,4.980780124664307
6,0.8688927888870239,0.30846714973449707,0.001,0.6188119053840637,5.836687088012695
7,0.8731107115745544,0.28819769620895386,0.001,0.6567656993865967,5.716517448425293
8,0.8797891139984131,0.2781941294670105,0.001,0.3432343304157257,10.123302459716797
9,0.8970122933387756,0.2495373785495758,0.001,0.2986798584461212,4.771472454071045
10,0.8998242616653442,0.22728003561496735,0.001,0.48514851927757263,11.580423355102539
11,0.9237258434295654,0.1863396018743515,0.001,0.6287128925323486,12.964122772216797
12,0.9131810069084167,0.2431081384420395,0.001,0.6336633563041687,2.5736615657806396
13,0.9384886026382446,0.17028450965881348,0.001,0.6138613820075989,11.729618072509766
14,0.9072056412696838,0.22985893487930298,0.001,0.6534653306007385,3.1907312870025635
15,0.9427065253257751,0.1458839327096939,0.001,0.5511550903320312,5.556692123413086
16,0.9462214708328247,0.1433793604373932,0.001,0.5412541031837463,4.411261081695557
17,0.9511423707008362,0.13721156120300293,0.001,0.4917491674423218,7.9804816246032715
18,0.9560632705688477,0.130927175283432,0.001,0.49339935183525085,7.553574562072754
19,0.9525483250617981,0.125362366437912,0.001,0.6452144980430603,2.922297716140747
20,0.9479789137840271,0.16686956584453583,0.001,0.4356435537338257,12.282519340515137
21,0.9701230525970459,0.08838973194360733,0.001,0.6567656993865967,11.309078216552734
22,0.9644991159439087,0.09211303293704987,0.001,0.6138613820075989,5.422988414764404
23,0.9799648523330688,0.05375928431749344,0.0003,0.5313531160354614,10.722611427307129
24,0.9796133637428284,0.047434572130441666,0.0003,0.5825082659721375,10.29845142364502
25,0.9876977205276489,0.03286297991871834,0.0003,0.6287128925323486,5.594578742980957
26,0.986291766166687,0.034449175000190735,0.0003,0.6254125237464905,23.51991081237793
27,0.9831283092498779,0.04361354932188988,0.0003,0.6089109182357788,7.680585861206055
28,0.9852372407913208,0.043107371777296066,0.0003,0.5165016651153564,11.808442115783691
29,0.9838312864303589,0.03903070092201233,0.0003,0.5990098714828491,8.580179214477539
30,0.9912126660346985,0.02247920259833336,0.0003,0.5907590985298157,8.35955810546875
31,0.9813708066940308,0.04835475981235504,0.0003,0.6633663177490234,20.7099552154541
32,0.9845342636108398,0.0435517281293869,0.0003,0.594059407711029,24.528186798095703
33,0.986994743347168,0.03585336357355118,9e-05,0.6270626783370972,9.160942077636719
34,0.9936730861663818,0.021888447925448418,9e-05,0.5973597168922424,8.531148910522461
35,0.9933215975761414,0.01570829004049301,9e-05,0.6270626783370972,9.586808204650879
36,0.9943761229515076,0.027168214321136475,9e-05,0.6683168411254883,10.587202072143555
37,0.9936730861663818,0.020308736711740494,9e-05,0.5346534848213196,9.229124069213867
38,0.9919156432151794,0.02451208606362343,9e-05,0.5907590985298157,9.208212852478027
39,0.9943761229515076,0.017518749460577965,9e-05,0.6122112274169922,8.326811790466309
40,0.9933215975761414,0.01878330297768116,9e-05,0.5742574334144592,12.229333877563477
41,0.9964850544929504,0.012196376919746399,9e-05,0.5825082659721375,8.564714431762695
42,0.994727611541748,0.02435876429080963,9e-05,0.8267326951026917,1.4100699424743652
43,0.99613356590271,0.013017792254686356,9e-05,0.6518151760101318,4.742459774017334
44,0.9971880316734314,0.009517927654087543,9e-05,0.5346534848213196,7.206538200378418
45,0.9950791001319885,0.01534380204975605,9e-05,0.6171616911888123,6.804159164428711
46,0.9950791001319885,0.013042532838881016,9e-05,0.5990098714828491,8.22325611114502
47,0.9957820773124695,0.0131767513230443,9e-05,0.5445544719696045,13.79979133605957
48,0.9957820773124695,0.012701026163995266,9e-05,0.5808581113815308,9.381522178649902
49,0.995430588722229,0.011198056861758232,9e-05,0.6386138796806335,8.323115348815918
50,0.9968365430831909,0.007636932656168938,9e-05,0.5396039485931396,9.429327964782715
51,0.9975395202636719,0.008203979581594467,9e-05,0.48514851927757263,10.0853853225708
52,0.9971880316734314,0.009389682672917843,9e-05,0.5462046265602112,9.456954956054688
53,0.9971880316734314,0.008153421804308891,2.7e-05,0.5841584205627441,10.086470603942871
54,0.9989455342292786,0.0032122984994202852,2.7e-05,0.5924092531204224,9.891700744628906
55,0.9985940456390381,0.004193524364382029,2.7e-05,0.6204620599746704,9.910431861877441
56,0.99613356590271,0.013076230883598328,2.7e-05,0.6122112274169922,9.789466857910156
57,0.9985940456390381,0.005247391760349274,2.7e-05,0.6155115365982056,9.003584861755371
58,0.9982425570487976,0.005107976496219635,2.7e-05,0.5990098714828491,8.927647590637207
59,0.9985940456390381,0.0054953028447926044,2.7e-05,0.6072607040405273,8.449307441711426
60,0.9968365430831909,0.008529869839549065,2.7e-05,0.6023102402687073,8.73483943939209
61,0.995430588722229,0.017998309805989265,2.7e-05,0.632013201713562,7.995467662811279
62,0.9996485114097595,0.004847138188779354,2.7e-05,0.5907590985298157,8.750082015991211
63,0.9985940456390381,0.003767795627936721,8.1e-06,0.5990098714828491,8.379976272583008
64,0.9989455342292786,0.004392395261675119,8.1e-06,0.6006600856781006,8.53271198272705
65,0.9982425570487976,0.0045584021136164665,8.1e-06,0.6089109182357788,8.201211929321289
66,0.9982425570487976,0.004173874855041504,8.1e-06,0.6006600856781006,8.491095542907715
67,0.9975395202636719,0.0062465728260576725,8.1e-06,0.5924092531204224,8.414090156555176
68,0.9989455342292786,0.002946296473965049,8.1e-06,0.603960394859314,8.664008140563965
69,0.9978910088539124,0.005785202141851187,8.1e-06,0.6254125237464905,8.496277809143066
70,0.9982425570487976,0.008746592327952385,8.1e-06,0.6072607040405273,8.124935150146484
71,0.9978910088539124,0.0065683661960065365,8.1e-06,0.6056105494499207,8.207797050476074
72,0.9985940456390381,0.005023128353059292,8.1e-06,0.6072607040405273,8.525672912597656
73,0.9985940456390381,0.00565356994047761,2.43e-06,0.6072607040405273,8.668756484985352
74,1.0,0.0025173313915729523,2.43e-06,0.6023102402687073,8.717031478881836
75,0.9996485114097595,0.0024915901012718678,2.43e-06,0.6006600856781006,8.607882499694824
76,0.9996485114097595,0.0026061469689011574,2.43e-06,0.603960394859314,8.510724067687988
77,0.999297022819519,0.004029253032058477,2.43e-06,0.6072607040405273,8.567790031433105
78,0.9989455342292786,0.0031385719776153564,2.43e-06,0.603960394859314,8.538498878479004
79,0.9989455342292786,0.0046293907798826694,2.43e-06,0.6105610728263855,8.542323112487793
80,0.9989455342292786,0.0036877314560115337,2.43e-06,0.603960394859314,8.517441749572754
81,0.9989455342292786,0.0030817370861768723,2.43e-06,0.6056105494499207,8.505387306213379
82,0.9968365430831909,0.010768217965960503,2.43e-06,0.6006600856781006,8.49191665649414
83,0.9978910088539124,0.008675851859152317,1e-06,0.603960394859314,8.379118919372559
84,0.999297022819519,0.003389640711247921,1e-06,0.6006600856781006,8.504711151123047
85,0.9978910088539124,0.009181809611618519,1e-06,0.6006600856781006,8.486448287963867
86,0.9971880316734314,0.005247362423688173,1e-06,0.6056105494499207,8.493189811706543
87,0.9975395202636719,0.008808637969195843,1e-06,0.6023102402687073,8.475266456604004
88,0.9996485114097595,0.002352226059883833,1e-06,0.6056105494499207,8.46189022064209
89,0.9978910088539124,0.00585231464356184,1e-06,0.6072607040405273,8.51280403137207
90,0.999297022819519,0.003581901080906391,1e-06,0.6056105494499207,8.496877670288086
91,0.9975395202636719,0.007960906252264977,1e-06,0.6056105494499207,8.483469009399414
92,0.9985940456390381,0.0034002887550741434,1e-06,0.6122112274169922,8.536629676818848
93,0.999297022819519,0.002804124029353261,1e-06,0.6072607040405273,8.402432441711426
94,0.9985940456390381,0.0031757857650518417,1e-06,0.6105610728263855,8.452462196350098
95,0.9989455342292786,0.002716348972171545,1e-06,0.6105610728263855,8.448954582214355
96,0.9985940456390381,0.003434850601479411,1e-06,0.6122112274169922,8.407536506652832
97,0.9978910088539124,0.005961028393357992,1e-06,0.6056105494499207,8.358488082885742
98,0.9989455342292786,0.003907414618879557,1e-06,0.6072607040405273,8.348126411437988
99,0.999297022819519,0.003376019885763526,1e-06,0.6072607040405273,8.35981273651123
100,0.9971880316734314,0.005598471965640783,1e-06,0.6072607040405273,8.401153564453125
101,0.9982425570487976,0.005988649092614651,1e-06,0.6056105494499207,8.453262329101562
102,0.9989455342292786,0.0033333562314510345,1e-06,0.6072607040405273,8.385322570800781
103,0.9989455342292786,0.004246624652296305,1e-06,0.6122112274169922,8.427407264709473
104,0.9989455342292786,0.0031031181570142508,1e-06,0.6072607040405273,8.457826614379883
105,0.9989455342292786,0.002696273848414421,1e-06,0.6072607040405273,8.54722785949707
106,0.9978910088539124,0.0088882464915514,1e-06,0.6089109182357788,8.368552207946777
107,0.9996485114097595,0.0024248554836958647,1e-06,0.6089109182357788,8.340827941894531
108,0.9989455342292786,0.004458365961909294,1e-06,0.6105610728263855,8.393780708312988
109,0.9982425570487976,0.0038944780826568604,1e-06,0.6089109182357788,8.37462329864502
110,0.9982425570487976,0.0050865220837295055,1e-06,0.6105610728263855,8.311796188354492
111,0.9985940456390381,0.004777621477842331,1e-06,0.6089109182357788,8.277754783630371
112,0.9989455342292786,0.0038771943654865026,1e-06,0.6089109182357788,8.334884643554688
113,0.999297022819519,0.004975608084350824,1e-06,0.6089109182357788,8.286727905273438
114,0.9989455342292786,0.002771317958831787,1e-06,0.6089109182357788,8.279903411865234
115,0.999297022819519,0.003206684486940503,1e-06,0.6089109182357788,8.381382942199707
116,0.9978910088539124,0.005667647812515497,1e-06,0.6089109182357788,8.346221923828125
117,0.9985940456390381,0.004330687690526247,1e-06,0.6072607040405273,8.456767082214355
118,0.9985940456390381,0.004557330626994371,1e-06,0.6089109182357788,8.45721435546875
119,0.9996485114097595,0.0021359079983085394,1e-06,0.6089109182357788,8.52437973022461
120,0.9989455342292786,0.004001847933977842,1e-06,0.6089109182357788,8.46859359741211
121,0.999297022819519,0.004788917955011129,1e-06,0.6105610728263855,8.434865951538086
122,0.9985940456390381,0.004540423396974802,1e-06,0.6072607040405273,8.37974739074707
123,0.9985940456390381,0.004028185736387968,1e-06,0.6089109182357788,8.446551322937012
124,0.9982425570487976,0.007674945052713156,1e-06,0.6072607040405273,8.444682121276855
125,0.9982425570487976,0.0052467635832726955,1e-06,0.6089109182357788,8.45507526397705
126,0.9975395202636719,0.005639244802296162,1e-06,0.6072607040405273,8.501051902770996
127,0.999297022819519,0.0033989727962762117,1e-06,0.6072607040405273,8.491394996643066
128,0.9985940456390381,0.0036237018648535013,1e-06,0.6089109182357788,8.539594650268555
129,0.999297022819519,0.004863270558416843,1e-06,0.6089109182357788,8.435730934143066
130,0.999297022819519,0.003990185912698507,1e-06,0.6072607040405273,8.397217750549316
131,0.9982425570487976,0.004887273069471121,1e-06,0.6072607040405273,8.403578758239746
132,0.9982425570487976,0.004615921061486006,1e-06,0.6105610728263855,8.435789108276367
133,0.9996485114097595,0.0018672366859391332,1e-06,0.6056105494499207,8.528626441955566
134,0.999297022819519,0.0032427054829895496,1e-06,0.6056105494499207,8.540290832519531
135,0.999297022819519,0.0022738585248589516,1e-06,0.6089109182357788,8.481866836547852
136,0.9982425570487976,0.005115905310958624,1e-06,0.6089109182357788,8.409333229064941
137,0.9982425570487976,0.006268620956689119,1e-06,0.6089109182357788,8.441631317138672
138,0.9989455342292786,0.004818612709641457,1e-06,0.6089109182357788,8.395723342895508
139,0.9989455342292786,0.004487806465476751,1e-06,0.6072607040405273,8.532036781311035
140,0.9985940456390381,0.005418280605226755,1e-06,0.6089109182357788,8.66174030303955
141,0.9996485114097595,0.0017928765155375004,1e-06,0.6056105494499207,8.630537986755371
142,0.999297022819519,0.0027558631263673306,1e-06,0.6056105494499207,8.525848388671875
