epoch,accuracy,loss,lr,val_accuracy,val_loss
0,0.6818980574607849,0.8377655744552612,0.001,0.6138613820075989,17.83818817138672
1,0.76239013671875,0.5437926650047302,0.001,0.6138613820075989,18.696069717407227
2,0.8242530822753906,0.4128553867340088,0.001,0.6138613820075989,29.51799964904785
3,0.830579936504364,0.4189930260181427,0.001,0.6138613820075989,16.372220993041992
4,0.8506151437759399,0.3422197103500366,0.001,0.6138613820075989,11.593810081481934
5,0.8414762616157532,0.35468101501464844,0.001,0.5544554591178894,3.5243475437164307
6,0.8657293319702148,0.31328144669532776,0.001,0.6122112274169922,7.525746822357178
7,0.8734622001647949,0.2885958254337311,0.001,0.41584157943725586,3.7862749099731445
8,0.8931458592414856,0.25830844044685364,0.001,0.4653465449810028,8.924554824829102
9,0.8917399048805237,0.27469977736473083,0.001,0.7986798882484436,1.3635808229446411
10,0.8829525709152222,0.2662808895111084,0.001,0.7458745837211609,2.7720510959625244
11,0.8984183073043823,0.24174931645393372,0.001,0.5610560774803162,3.914462089538574
12,0.9145870208740234,0.2123883068561554,0.001,0.5676567554473877,3.8471426963806152
13,0.9075571298599243,0.22055178880691528,0.001,0.5033003091812134,7.707618713378906
14,0.9163444638252258,0.20151665806770325,0.001,0.3696369528770447,12.302945137023926
15,0.9128295183181763,0.2234170287847519,0.001,0.3547854721546173,8.962851524353027
16,0.9152899980545044,0.20593173801898956,0.001,0.6155115365982056,5.246994495391846
17,0.931107223033905,0.15070217847824097,0.001,0.5841584205627441,2.4229583740234375
18,0.9381370544433594,0.15657462179660797,0.001,0.5957095623016357,5.482655048370361
19,0.9251317977905273,0.1967373490333557,0.001,0.5594059228897095,5.410304546356201
20,0.9620386362075806,0.10244516283273697,0.0003,0.5907590985298157,5.436863899230957
21,0.9687170386314392,0.07309659570455551,0.0003,0.5313531160354614,7.032469749450684
22,0.9652020931243896,0.08058520406484604,0.0003,0.4917491674423218,6.377143859863281
23,0.9725834727287292,0.07879026979207993,0.0003,0.5627062916755676,5.827672004699707
24,0.9680140614509583,0.08907302469015121,0.0003,0.7524752616882324,3.529775381088257
25,0.9718804955482483,0.0775529071688652,0.0003,0.3580858111381531,10.179482460021973
26,0.9831283092498779,0.05488230288028717,0.0003,0.632013201713562,6.099034309387207
27,0.9803163409233093,0.048755943775177,0.0003,0.5792078971862793,7.899256229400635
28,0.9739894270896912,0.07244214415550232,0.0003,0.5346534848213196,5.507179260253906
29,0.9725834727287292,0.08029308170080185,0.0003,0.6221122145652771,10.271331787109375
30,0.9841827750205994,0.04524533823132515,9e-05,0.5214521288871765,9.121063232421875
31,0.9827768206596375,0.05233342945575714,9e-05,0.528052806854248,8.245572090148926
32,0.9876977205276489,0.038277700543403625,9e-05,0.6287128925323486,7.339222431182861
33,0.9884006977081299,0.0364602729678154,9e-05,0.6171616911888123,6.8241801261901855
34,0.990158200263977,0.027231110259890556,9e-05,0.566006600856781,7.9997172355651855
35,0.9891036748886108,0.029292769730091095,9e-05,0.5858085751533508,7.862104892730713
36,0.9905096888542175,0.026328453794121742,9e-05,0.5990098714828491,7.910686492919922
37,0.986994743347168,0.04303600266575813,9e-05,0.5841584205627441,7.416857719421387
38,0.9912126660346985,0.024753646925091743,9e-05,0.6221122145652771,7.7228899002075195
39,0.9926186203956604,0.022272393107414246,9e-05,0.5990098714828491,8.741907119750977
40,0.9929701089859009,0.021729158237576485,2.7e-05,0.5775577425956726,9.085247993469238
41,0.9929701089859009,0.021842114627361298,2.7e-05,0.5858085751533508,9.027608871459961
42,0.9912126660346985,0.02352200448513031,2.7e-05,0.5973597168922424,8.923893928527832
43,0.9922671318054199,0.021224068477749825,2.7e-05,0.5445544719696045,8.945951461791992
44,0.9933215975761414,0.017872385680675507,2.7e-05,0.6105610728263855,8.631814002990723
45,0.994727611541748,0.019212938845157623,2.7e-05,0.6072607040405273,8.596879005432129
46,0.991564154624939,0.02385810576379299,2.7e-05,0.6221122145652771,7.223992347717285
47,0.9922671318054199,0.02026648446917534,2.7e-05,0.6138613820075989,7.2395710945129395
48,0.9933215975761414,0.01827465184032917,2.7e-05,0.6171616911888123,7.635177135467529
49,0.9936730861663818,0.021471336483955383,2.7e-05,0.603960394859314,7.62510871887207
50,0.994727611541748,0.018133513629436493,8.1e-06,0.6006600856781006,7.9843621253967285
51,0.994727611541748,0.017266614362597466,8.1e-06,0.5973597168922424,7.764954566955566
52,0.9919156432151794,0.022454379126429558,8.1e-06,0.5792078971862793,7.90212869644165
53,0.994727611541748,0.017529672011733055,8.1e-06,0.6023102402687073,7.96429967880249
54,0.9964850544929504,0.011758611537516117,8.1e-06,0.6056105494499207,8.024126052856445
55,0.9943761229515076,0.017966024577617645,8.1e-06,0.5973597168922424,8.037934303283691
56,0.9940246343612671,0.015538861975073814,8.1e-06,0.603960394859314,8.022568702697754
57,0.9968365430831909,0.013037512078881264,8.1e-06,0.5990098714828491,8.134540557861328
58,0.9943761229515076,0.016486473381519318,8.1e-06,0.5874587297439575,8.454460144042969
59,0.99613356590271,0.012976032681763172,8.1e-06,0.5825082659721375,8.313036918640137
60,0.9968365430831909,0.013363324105739594,2.43e-06,0.5990098714828491,8.1574068069458
61,0.995430588722229,0.01274984423071146,2.43e-06,0.6023102402687073,8.18146800994873
62,0.9964850544929504,0.018091019243001938,2.43e-06,0.603960394859314,8.155484199523926
63,0.9975395202636719,0.010813724249601364,2.43e-06,0.6006600856781006,8.163067817687988
64,0.9943761229515076,0.015013412572443485,2.43e-06,0.603960394859314,8.097940444946289
65,0.99613356590271,0.011533998884260654,2.43e-06,0.6056105494499207,8.106319427490234
66,0.9950791001319885,0.014300992712378502,2.43e-06,0.5990098714828491,8.129953384399414
67,0.9964850544929504,0.014405360445380211,2.43e-06,0.5990098714828491,8.206551551818848
68,0.99613356590271,0.014110528863966465,2.43e-06,0.603960394859314,8.2215576171875
69,0.994727611541748,0.012950864620506763,2.43e-06,0.6056105494499207,8.175259590148926
70,0.994727611541748,0.016190065070986748,1e-06,0.6056105494499207,8.189672470092773
71,0.9933215975761414,0.02150084264576435,1e-06,0.603960394859314,8.250760078430176
72,0.9978910088539124,0.012105458416044712,1e-06,0.6006600856781006,8.231205940246582
73,0.9968365430831909,0.009474697522819042,1e-06,0.6023102402687073,8.200875282287598
74,0.9964850544929504,0.013105615973472595,1e-06,0.603960394859314,8.205904960632324
75,0.9978910088539124,0.00793117843568325,1e-06,0.6023102402687073,8.22104549407959
76,0.9933215975761414,0.021228201687335968,1e-06,0.6056105494499207,8.129533767700195
77,0.9957820773124695,0.01232030801475048,1e-06,0.603960394859314,8.152153015136719
78,0.9982425570487976,0.010981443338096142,1e-06,0.6056105494499207,8.077727317810059
79,0.9968365430831909,0.01053772121667862,1e-06,0.6072607040405273,8.089117050170898
80,0.9933215975761414,0.01893629878759384,1e-06,0.6056105494499207,8.078140258789062
81,0.99613356590271,0.011976867914199829,1e-06,0.603960394859314,8.07871150970459
82,0.9971880316734314,0.009513741359114647,1e-06,0.6056105494499207,8.124977111816406
83,0.9940246343612671,0.015640195459127426,1e-06,0.6056105494499207,8.164219856262207
84,0.9978910088539124,0.010003801435232162,1e-06,0.6056105494499207,8.202615737915039
85,0.9936730861663818,0.019202280789613724,1e-06,0.6056105494499207,8.164702415466309
86,0.9929701089859009,0.018442749977111816,1e-06,0.6056105494499207,8.225454330444336
87,0.9975395202636719,0.010660085827112198,1e-06,0.6056105494499207,8.26274299621582
88,0.9957820773124695,0.014501191675662994,1e-06,0.6023102402687073,8.247305870056152
89,0.995430588722229,0.013036292977631092,1e-06,0.6023102402687073,8.209118843078613
90,0.9957820773124695,0.015726516023278236,1e-06,0.603960394859314,8.242231369018555
91,0.9957820773124695,0.013931340537965298,1e-06,0.6023102402687073,8.273796081542969
92,0.9968365430831909,0.0125869270414114,1e-06,0.6023102402687073,8.270445823669434
93,0.9964850544929504,0.012358216568827629,1e-06,0.6006600856781006,8.368170738220215
94,0.9926186203956604,0.01709161512553692,1e-06,0.5990098714828491,8.351563453674316
95,0.9943761229515076,0.018888862803578377,1e-06,0.603960394859314,8.228178977966309
96,0.9957820773124695,0.015142600052058697,1e-06,0.6023102402687073,8.31033992767334
97,0.9968365430831909,0.011269244365394115,1e-06,0.6023102402687073,8.309598922729492
98,0.9971880316734314,0.00975864939391613,1e-06,0.6056105494499207,8.403249740600586
99,0.9940246343612671,0.016465021297335625,1e-06,0.603960394859314,8.421704292297363
100,0.9957820773124695,0.012335136532783508,1e-06,0.6006600856781006,8.377700805664062
101,0.995430588722229,0.01724414713680744,1e-06,0.6006600856781006,8.360990524291992
102,0.99613356590271,0.014685180969536304,1e-06,0.603960394859314,8.28762435913086
