epoch,accuracy,loss,lr,val_accuracy,val_loss
0,0.698066771030426,0.8548775911331177,0.001,0.6138613820075989,12.638517379760742
1,0.7820737957954407,0.4934862554073334,0.001,0.6138613820075989,21.521499633789062
2,0.8351494073867798,0.38528114557266235,0.001,0.6138613820075989,19.775976181030273
3,0.8449912071228027,0.35292285680770874,0.001,0.6138613820075989,21.398283004760742
4,0.8418277502059937,0.3731697201728821,0.001,0.6534653306007385,12.426783561706543
5,0.868189811706543,0.32192903757095337,0.001,0.6006600856781006,9.11793327331543
6,0.8787346482276917,0.28904828429222107,0.001,0.5544554591178894,9.152743339538574
7,0.889630913734436,0.2570774257183075,0.001,0.6006600856781006,8.934332847595215
8,0.8762741684913635,0.28697669506073,0.001,0.41749176383018494,8.243277549743652
9,0.8945518732070923,0.23391476273536682,0.001,0.5610560774803162,9.639132499694824
10,0.8970122933387756,0.2570335865020752,0.001,0.4785478413105011,18.416536331176758
11,0.8875219821929932,0.2840322256088257,0.001,0.37458744645118713,3.8913493156433105
12,0.9304042458534241,0.17376519739627838,0.001,0.5511550903320312,6.038860321044922
13,0.9307557344436646,0.16434499621391296,0.001,0.6353135108947754,3.069462537765503
14,0.9254832863807678,0.18432144820690155,0.001,0.6468647122383118,16.927490234375
15,0.9483304023742676,0.1286480575799942,0.001,0.6237623691558838,7.644360542297363
16,0.9550088047981262,0.11405225843191147,0.001,0.5198019742965698,11.09959602355957
17,0.945518434047699,0.14726097881793976,0.001,0.6138613820075989,13.670310020446777
18,0.944815456867218,0.1480821818113327,0.001,0.40759074687957764,7.359916687011719
19,0.9599297046661377,0.10678285360336304,0.001,0.6518151760101318,2.1906027793884277
20,0.9546573162078857,0.12850786745548248,0.001,0.37458744645118713,11.012765884399414
21,0.9620386362075806,0.1026008352637291,0.001,0.47029703855514526,7.293871879577637
22,0.9680140614509583,0.078562892973423,0.001,0.6584158539772034,17.323604583740234
23,0.9462214708328247,0.15584057569503784,0.001,0.7326732873916626,9.149979591369629
24,0.9673110842704773,0.09245562553405762,0.001,0.6419141888618469,14.49050235748291
25,0.9683655500411987,0.08445336669683456,0.001,0.603960394859314,13.2076416015625
26,0.9803163409233093,0.06725278496742249,0.001,0.6138613820075989,15.615804672241211
27,0.9701230525970459,0.07798963040113449,0.001,0.5676567554473877,10.742613792419434
28,0.9697715044021606,0.08903245627880096,0.001,0.48349836468696594,14.549946784973145
29,0.9827768206596375,0.0526132695376873,0.001,0.5891088843345642,8.36608600616455
30,0.9891036748886108,0.03185637295246124,0.0003,0.6435643434524536,10.225323677062988
31,0.9905096888542175,0.0334019735455513,0.0003,0.5907590985298157,10.89964485168457
32,0.9943761229515076,0.018443971872329712,0.0003,0.6303630471229553,11.92823600769043
33,0.995430588722229,0.01504960935562849,0.0003,0.5643564462661743,10.855928421020508
34,0.9919156432151794,0.02135227620601654,0.0003,0.5858085751533508,12.216181755065918
35,0.9929701089859009,0.021610938012599945,0.0003,0.5610560774803162,12.884140968322754
36,0.990861177444458,0.03587263450026512,0.0003,0.6204620599746704,12.863554000854492
37,0.9957820773124695,0.013669328764081001,0.0003,0.6204620599746704,12.291158676147461
38,0.9933215975761414,0.01802879013121128,0.0003,0.5181518197059631,9.640755653381348
39,0.99613356590271,0.015248158946633339,0.0003,0.6155115365982056,11.549657821655273
40,0.9978910088539124,0.0072102174162864685,9e-05,0.6237623691558838,12.002119064331055
41,0.9985940456390381,0.006008930038660765,9e-05,0.6386138796806335,12.107439041137695
42,0.9982425570487976,0.007468781899660826,9e-05,0.6567656993865967,11.279314994812012
43,0.9975395202636719,0.006402668543159962,9e-05,0.6419141888618469,11.285219192504883
44,0.9957820773124695,0.010088996961712837,9e-05,0.6237623691558838,12.425705909729004
45,0.9968365430831909,0.012157890945672989,9e-05,0.5396039485931396,14.047022819519043
46,0.9989455342292786,0.006888954900205135,9e-05,0.6452144980430603,13.70824146270752
47,0.9985940456390381,0.00541403703391552,9e-05,0.6600660085678101,12.3983154296875
48,0.9975395202636719,0.007371119223535061,9e-05,0.6254125237464905,9.19504451751709
49,0.9982425570487976,0.009803667664527893,9e-05,0.603960394859314,11.601191520690918
50,0.999297022819519,0.005365891382098198,2.7e-05,0.6386138796806335,11.305391311645508
51,0.9968365430831909,0.007685699034482241,2.7e-05,0.6435643434524536,10.978939056396484
52,0.999297022819519,0.00344359059818089,2.7e-05,0.6518151760101318,11.150714874267578
53,0.9996485114097595,0.003416368504986167,2.7e-05,0.6567656993865967,11.020938873291016
54,0.9996485114097595,0.0024277684278786182,2.7e-05,0.6567656993865967,11.14842700958252
55,0.999297022819519,0.003716506063938141,2.7e-05,0.6419141888618469,11.184072494506836
56,0.999297022819519,0.003085227683186531,2.7e-05,0.6452144980430603,11.720674514770508
57,0.9975395202636719,0.0057488298043608665,2.7e-05,0.6386138796806335,12.286087036132812
58,1.0,0.002255643717944622,2.7e-05,0.6402640342712402,11.782224655151367
59,0.9996485114097595,0.0032895649783313274,2.7e-05,0.6468647122383118,11.358327865600586
60,0.9985940456390381,0.00498230941593647,8.1e-06,0.6468647122383118,11.459124565124512
61,0.9996485114097595,0.0013279661070555449,8.1e-06,0.6435643434524536,11.722591400146484
62,0.999297022819519,0.003261840669438243,8.1e-06,0.6402640342712402,11.56829833984375
63,0.9996485114097595,0.0021294390317052603,8.1e-06,0.6402640342712402,11.681173324584961
64,1.0,0.0018749396549537778,8.1e-06,0.6402640342712402,11.764447212219238
65,1.0,0.0016128439456224442,8.1e-06,0.6402640342712402,11.693283081054688
66,0.9985940456390381,0.003334724111482501,8.1e-06,0.6468647122383118,11.181929588317871
67,0.9996485114097595,0.0017277667066082358,8.1e-06,0.6435643434524536,11.237592697143555
68,0.999297022819519,0.0016911424463614821,8.1e-06,0.6452144980430603,11.246448516845703
69,0.9989455342292786,0.010079331696033478,8.1e-06,0.6534653306007385,11.16246509552002
70,0.999297022819519,0.0028722072020173073,2.43e-06,0.6501650214195251,11.332422256469727
71,0.9989455342292786,0.006264245603233576,2.43e-06,0.6468647122383118,11.52563190460205
72,1.0,0.002083153696730733,2.43e-06,0.6501650214195251,11.565814971923828
73,0.9985940456390381,0.004109354689717293,2.43e-06,0.6419141888618469,11.573909759521484
74,0.999297022819519,0.002060804981738329,2.43e-06,0.6419141888618469,11.622841835021973
75,0.9996485114097595,0.002619174076244235,2.43e-06,0.6419141888618469,11.592398643493652
76,0.9996485114097595,0.0013907690299674869,2.43e-06,0.6435643434524536,11.538436889648438
77,0.999297022819519,0.0024365601129829884,2.43e-06,0.6419141888618469,11.484757423400879
78,1.0,0.0013746472541242838,2.43e-06,0.6435643434524536,11.492581367492676
79,1.0,0.0015007018810138106,2.43e-06,0.6435643434524536,11.5575532913208
80,0.9996485114097595,0.001983746886253357,1e-06,0.6435643434524536,11.560356140136719
81,0.9996485114097595,0.005096970591694117,1e-06,0.6419141888618469,11.563543319702148
82,0.9989455342292786,0.003068691585212946,1e-06,0.6419141888618469,11.6610107421875
83,0.9996485114097595,0.001957771135494113,1e-06,0.6419141888618469,11.511284828186035
84,0.9996485114097595,0.0010582387913018465,1e-06,0.6419141888618469,11.512624740600586
85,0.9996485114097595,0.001904415083117783,1e-06,0.6402640342712402,11.521187782287598
86,0.999297022819519,0.002395925112068653,1e-06,0.6402640342712402,11.463173866271973
87,0.9989455342292786,0.0028285193257033825,1e-06,0.6402640342712402,11.415159225463867
88,0.9996485114097595,0.0018055022228509188,1e-06,0.6402640342712402,11.551172256469727
89,0.9989455342292786,0.0036172233521938324,1e-06,0.6402640342712402,11.456127166748047
90,0.9982425570487976,0.003580370917916298,1e-06,0.6402640342712402,11.590433120727539
91,0.999297022819519,0.0025013042613863945,1e-06,0.6402640342712402,11.558507919311523
92,0.9996485114097595,0.0020849104039371014,1e-06,0.6402640342712402,11.539278030395508
93,0.999297022819519,0.0023711167741566896,1e-06,0.6402640342712402,11.587916374206543
94,0.9996485114097595,0.0012973758857697248,1e-06,0.6402640342712402,11.590023040771484
95,1.0,0.0019502282375469804,1e-06,0.6402640342712402,11.593664169311523
96,0.9996485114097595,0.0017018544021993876,1e-06,0.6402640342712402,11.732916831970215
97,0.9996485114097595,0.002298269886523485,1e-06,0.6402640342712402,11.604926109313965
98,0.9996485114097595,0.002150966553017497,1e-06,0.6402640342712402,11.593103408813477
99,1.0,0.0013725855387747288,1e-06,0.6402640342712402,11.630819320678711
100,1.0,0.001152162323705852,1e-06,0.6402640342712402,11.657894134521484
101,0.999297022819519,0.0021641948260366917,1e-06,0.6402640342712402,11.677084922790527
102,1.0,0.0010387375950813293,1e-06,0.6402640342712402,11.586252212524414
103,1.0,0.001002311590127647,1e-06,0.6402640342712402,11.65463638305664
104,1.0,0.001957452157512307,1e-06,0.6402640342712402,11.690329551696777
105,0.9996485114097595,0.002788168378174305,1e-06,0.6402640342712402,11.654918670654297
106,0.9982425570487976,0.009202034212648869,1e-06,0.6402640342712402,11.853734970092773
107,0.9989455342292786,0.003317516064271331,1e-06,0.6402640342712402,11.871031761169434
108,0.9985940456390381,0.004573597572743893,1e-06,0.6402640342712402,11.735921859741211
109,0.9975395202636719,0.007993323728442192,1e-06,0.6402640342712402,11.665303230285645
110,0.9989455342292786,0.003388405777513981,1e-06,0.6402640342712402,11.726311683654785
111,0.999297022819519,0.002080257050693035,1e-06,0.6402640342712402,11.630145072937012
112,1.0,0.0010998663492500782,1e-06,0.6402640342712402,11.551563262939453
113,0.9989455342292786,0.0023944624699652195,1e-06,0.6402640342712402,11.486054420471191
114,0.999297022819519,0.002041632542386651,1e-06,0.6402640342712402,11.5519380569458
115,0.9989455342292786,0.003675790037959814,1e-06,0.6402640342712402,11.575774192810059
116,0.9996485114097595,0.0011299413163214922,1e-06,0.6402640342712402,11.581949234008789
117,0.9996485114097595,0.0019589578732848167,1e-06,0.6402640342712402,11.59886360168457
118,0.9996485114097595,0.0017145966412499547,1e-06,0.6402640342712402,11.601003646850586
119,0.9989455342292786,0.0036503365263342857,1e-06,0.6402640342712402,11.674822807312012
