epoch,accuracy,loss,val_accuracy,val_loss
0,0.5903919339179993,0.8681904077529907,0.45355191826820374,1.8772820234298706
1,0.6925832033157349,0.6975431442260742,0.4681238532066345,1.1957918405532837
2,0.735988199710846,0.6108693480491638,0.7204007506370544,0.8602889180183411
3,0.762958288192749,0.560723602771759,0.7285974621772766,0.7461331486701965
4,0.77054363489151,0.535550057888031,0.744990885257721,0.732587993144989
5,0.7876105904579163,0.5078319311141968,0.7877960205078125,0.6878541707992554
6,0.8008849620819092,0.47039616107940674,0.744080126285553,0.7911942005157471
7,0.8211125135421753,0.44547897577285767,0.7431694269180298,0.7817867994308472
8,0.8286978602409363,0.4184594452381134,0.7741348147392273,0.6554145812988281
9,0.8398651480674744,0.40110263228416443,0.7978141903877258,0.7277825474739075
10,0.8510324358940125,0.37748634815216064,0.8032786846160889,0.6924949288368225
11,0.8590391874313354,0.3656592071056366,0.8333333134651184,0.7014433741569519
12,0.8541930317878723,0.3665953576564789,0.8251366019248962,0.6718065738677979
13,0.8676780462265015,0.3344871997833252,0.8014571666717529,0.6131906509399414
14,0.8710492849349976,0.3248518407344818,0.7085610032081604,0.8491547107696533
15,0.8841129541397095,0.30091774463653564,0.8369763493537903,0.6940781474113464
16,0.8864306807518005,0.29079580307006836,0.744990885257721,0.7544741034507751
17,0.8946481347084045,0.28916051983833313,0.8014571666717529,0.6520570516586304
18,0.9022334814071655,0.254926472902298,0.7887067198753357,0.6529337167739868
19,0.9028655886650085,0.25195053219795227,0.817850649356842,0.5968153476715088
20,0.9083438515663147,0.25118979811668396,0.7194899916648865,0.9577582478523254
21,0.9091866612434387,0.23904648423194885,0.6958105564117432,0.9955580234527588
22,0.9165613055229187,0.216518372297287,0.7850637435913086,0.5305086374282837
23,0.9125579595565796,0.22572115063667297,0.6211293339729309,1.378348469734192
24,0.9224610328674316,0.20407280325889587,0.688524603843689,0.9492331147193909
25,0.9243573546409607,0.19519144296646118,0.6994535326957703,0.7889916300773621
26,0.9315212965011597,0.1923341006040573,0.7704917788505554,0.6243523955345154
27,0.9325748085975647,0.1870902180671692,0.7185792326927185,1.0561375617980957
28,0.9298356771469116,0.18100394308567047,0.7468124032020569,1.029502511024475
29,0.9302570819854736,0.18151850998401642,0.7805100083351135,0.8361222743988037
