epoch,accuracy,loss,val_accuracy,val_loss
0,0.5950273871421814,0.8584520220756531,0.48724955320358276,1.823866605758667
1,0.6902654767036438,0.6971681714057922,0.49089252948760986,1.098503828048706
2,0.7332490682601929,0.6182554960250854,0.7313296794891357,0.7570729851722717
3,0.7595870494842529,0.5575705766677856,0.7030965685844421,0.7920878529548645
4,0.7840286493301392,0.515578031539917,0.755009114742279,0.7998231649398804
5,0.7914032936096191,0.49745842814445496,0.7923497557640076,0.7030926942825317
6,0.8069953918457031,0.46658530831336975,0.7249544858932495,0.778329610824585
7,0.8194268941879272,0.43474850058555603,0.7668488025665283,0.6552997827529907
8,0.8419721722602844,0.4102174639701843,0.7459016442298889,0.8239469528198242
9,0.8398651480674744,0.4016433358192444,0.7477231621742249,0.7366247177124023
10,0.8423935770988464,0.3906806409358978,0.8005464673042297,0.7049590945243835
11,0.8470290899276733,0.374406099319458,0.7823315262794495,0.6788424849510193
12,0.8659924268722534,0.3518369495868683,0.7677595615386963,0.7435382008552551
13,0.8662031292915344,0.34252843260765076,0.8051002025604248,0.5605291128158569
14,0.8775811195373535,0.31535661220550537,0.8169398903846741,0.7973672747612
15,0.8824273347854614,0.3059591054916382,0.7959927320480347,0.6403254866600037
16,0.8912768363952637,0.2932048738002777,0.7140254974365234,0.7094843983650208
17,0.8929625153541565,0.2783099114894867,0.7331511974334717,0.7130395174026489
18,0.8961230516433716,0.25804340839385986,0.7103825211524963,0.7838593125343323
19,0.9032869935035706,0.25881847739219666,0.7677595615386963,0.9701336622238159
20,0.9064475297927856,0.25212982296943665,0.7650273442268372,0.6322702169418335
21,0.9167720079421997,0.22689728438854218,0.8014571666717529,0.7686924934387207
22,0.9140328764915466,0.2357165664434433,0.7622950673103333,0.668071448802948
23,0.9193004369735718,0.22644606232643127,0.6639344096183777,0.850300133228302
24,0.9180362224578857,0.21658694744110107,0.7067395448684692,1.0008240938186646
25,0.9220396280288696,0.19858619570732117,0.6375227570533752,0.9750720858573914
26,0.9256215691566467,0.19124898314476013,0.6948997974395752,0.7871760725975037
27,0.9279392957687378,0.18992747366428375,0.8233151435852051,0.6883038878440857
28,0.9323641061782837,0.18502840399742126,0.7122039794921875,0.9110495448112488
29,0.9395280480384827,0.17000244557857513,0.8051002025604248,0.7924948334693909
