epoch,accuracy,loss,val_accuracy,val_loss
0,0.5861778259277344,0.8428757786750793,0.438069224357605,1.9450352191925049
1,0.6938474774360657,0.7012218236923218,0.5136612057685852,1.0555182695388794
2,0.739359438419342,0.6102845072746277,0.7613843083381653,0.6860520243644714
3,0.755162239074707,0.568554699420929,0.7795992493629456,0.6796960830688477
4,0.7804467082023621,0.5224682092666626,0.7732240557670593,0.725765585899353
5,0.7989886403083801,0.4793170392513275,0.7950819730758667,0.6891354322433472
6,0.8164770603179932,0.4475281834602356,0.7249544858932495,0.793135404586792
7,0.8122629523277283,0.4331090748310089,0.7950819730758667,0.7612295150756836
8,0.8303834795951843,0.4080450236797333,0.744080126285553,0.7014861106872559
9,0.8423935770988464,0.38644182682037354,0.8169398903846741,0.8188210129737854
10,0.8520859479904175,0.37495189905166626,0.7832422852516174,0.7086731195449829
11,0.8653603196144104,0.3434164226055145,0.7905282378196716,0.7890205979347229
12,0.8672566413879395,0.33084145188331604,0.7650273442268372,0.5761263370513916
13,0.8689422607421875,0.3294685482978821,0.8324226140975952,0.545302152633667
14,0.8807416558265686,0.31304389238357544,0.7959927320480347,0.6023576855659485
15,0.8900126218795776,0.2880606949329376,0.8169398903846741,0.6231548190116882
16,0.8822166323661804,0.2942293882369995,0.7668488025665283,0.7046970129013062
17,0.8900126218795776,0.2808765470981598,0.7841529846191406,0.572400689125061
18,0.8935946226119995,0.2688564956188202,0.7622950673103333,0.6563171148300171
19,0.8952802419662476,0.261893630027771,0.7322404384613037,0.6462926268577576
20,0.9032869935035706,0.24702851474285126,0.7723132967948914,0.6688385009765625
21,0.9167720079421997,0.22249868512153625,0.7677595615386963,0.6253954768180847
22,0.9121365547180176,0.22380751371383667,0.8032786846160889,0.7299857139587402
23,0.9157184958457947,0.22151142358779907,0.8469945192337036,0.5496212840080261
24,0.9249894618988037,0.20246393978595734,0.749544620513916,0.8382781744003296
25,0.9199326038360596,0.20468226075172424,0.7768670320510864,0.5817657709121704
26,0.9273071885108948,0.19200538098812103,0.6739526391029358,0.8314920663833618
27,0.9266750812530518,0.18463394045829773,0.8014571666717529,0.9531657099723816
28,0.9332069158554077,0.1820337325334549,0.744990885257721,0.8009747862815857
29,0.9313105940818787,0.18483088910579681,0.6921675801277161,1.020304799079895
