epoch,accuracy,loss,val_accuracy,val_loss
0,0.5908133387565613,0.8773114681243896,0.4581056535243988,1.606919288635254
1,0.6822587251663208,0.7107111215591431,0.4817850589752197,1.0651286840438843
2,0.7195532917976379,0.6326771378517151,0.7213114500045776,0.7307860255241394
3,0.7351453900337219,0.6010014414787292,0.7003642916679382,0.7819737792015076
4,0.762958288192749,0.5500310659408569,0.7832422852516174,0.7653098106384277
5,0.7867677807807922,0.511588990688324,0.7167577147483826,0.782375693321228
6,0.7975137233734131,0.48367807269096375,0.7932604551315308,0.7131038308143616
7,0.8114201426506042,0.4548320770263672,0.7932604551315308,0.6751748919487
8,0.8164770603179932,0.442250519990921,0.7823315262794495,0.6382706761360168
9,0.8345975279808044,0.4112049639225006,0.7568305730819702,0.6767059564590454
10,0.8352296948432922,0.3981495201587677,0.7386156916618347,0.8378700017929077
11,0.8409186601638794,0.3951738178730011,0.7914389967918396,0.6565569043159485
12,0.8569321632385254,0.36781954765319824,0.7814207673072815,0.6679320931434631
13,0.8554572463035583,0.36918091773986816,0.8014571666717529,0.6559336185455322
14,0.8666245341300964,0.3392625153064728,0.8397085666656494,0.548437237739563
15,0.8710492849349976,0.329667329788208,0.817850649356842,0.5995790958404541
16,0.8860092759132385,0.30320098996162415,0.7732240557670593,0.5655112266540527
17,0.8836915493011475,0.2988261282444,0.7422586679458618,0.7216541767120361
18,0.8876948952674866,0.29781824350357056,0.7896174788475037,0.7369486093521118
19,0.8938053250312805,0.2798606753349304,0.7923497557640076,0.5922520160675049
20,0.8967551589012146,0.27672073245048523,0.8023679256439209,0.5645166635513306
21,0.9079224467277527,0.25202175974845886,0.7832422852516174,0.6735646724700928
22,0.9005478024482727,0.25217339396476746,0.8169398903846741,0.6852415204048157
23,0.9083438515663147,0.24035567045211792,0.7668488025665283,0.6459187269210815
24,0.9146649837493896,0.22644826769828796,0.6320582628250122,0.8683999180793762
25,0.9121365547180176,0.23012244701385498,0.6375227570533752,0.8921486139297485
26,0.9190897345542908,0.21707119047641754,0.7987249493598938,0.5574440360069275
27,0.9203540086746216,0.2041275054216385,0.7814207673072815,0.6610144376754761
28,0.9216182231903076,0.20070499181747437,0.8005464673042297,0.8168391585350037
29,0.9264643788337708,0.19841094315052032,0.7395263910293579,0.6551945805549622
