epoch,accuracy,loss,val_accuracy,val_loss
0,0.5977665185928345,0.844972550868988,0.438069224357605,2.3223893642425537
1,0.6976401209831238,0.6941093802452087,0.49453550577163696,1.0920462608337402
2,0.736620306968689,0.614348292350769,0.7377049326896667,0.7409939765930176
3,0.7501053810119629,0.5762728452682495,0.7723132967948914,0.7543779611587524
4,0.7724399566650391,0.5329362750053406,0.7622950673103333,0.7265613675117493
5,0.7947745323181152,0.49727576971054077,0.7850637435913086,0.6565361022949219
6,0.8048883080482483,0.46923333406448364,0.7814207673072815,0.7560216188430786
7,0.8164770603179932,0.4441191256046295,0.7841529846191406,0.7317714691162109
8,0.8299620747566223,0.42901137471199036,0.806921660900116,0.6708978414535522
9,0.8369153141975403,0.39725446701049805,0.7786885499954224,0.8114099502563477
10,0.8426042795181274,0.3938711881637573,0.8351548314094543,0.5498766303062439
11,0.8626211285591125,0.35031387209892273,0.7805100083351135,0.667963981628418
12,0.8615676164627075,0.35242629051208496,0.7996357083320618,0.6292438507080078
13,0.8708385825157166,0.3392731547355652,0.7750455141067505,0.639817476272583
14,0.8731563687324524,0.318355530500412,0.7413479089736938,0.7024573087692261
15,0.8754740953445435,0.30336371064186096,0.7659380435943604,0.693906307220459
16,0.8895912170410156,0.2889724373817444,0.7805100083351135,0.8280648589134216
17,0.9003371000289917,0.265470951795578,0.7695810794830322,0.7312194108963013
18,0.8916983008384705,0.2787981629371643,0.6730418801307678,0.8634404540061951
19,0.9022334814071655,0.25345394015312195,0.7704917788505554,0.6371957659721375
20,0.9089759588241577,0.23751281201839447,0.7923497557640076,0.5870313048362732
21,0.9165613055229187,0.2264939546585083,0.6502732038497925,1.0480015277862549
22,0.9134007692337036,0.23412635922431946,0.7814207673072815,0.6586315035820007
23,0.9155077934265137,0.21572379767894745,0.7276867032051086,0.7166100740432739
24,0.9167720079421997,0.22314442694187164,0.7568305730819702,0.8692731857299805
25,0.9195111393928528,0.20196716487407684,0.7404371500015259,0.5845464468002319
26,0.9262536764144897,0.19295361638069153,0.6976320743560791,0.7691189646720886
27,0.9336283206939697,0.1813562512397766,0.6848816275596619,0.8969252705574036
28,0.9351032376289368,0.1670505404472351,0.7732240557670593,0.8585271835327148
29,0.9329962134361267,0.1696953922510147,0.8224043846130371,0.523716926574707
