epoch,accuracy,loss,val_accuracy,val_loss
0,0.5933417677879333,0.8599066734313965,0.4508196711540222,1.8724827766418457
1,0.6871049404144287,0.6931414008140564,0.4836065471172333,1.1293197870254517
2,0.7351453900337219,0.6175355911254883,0.7167577147483826,0.7226829528808594
3,0.74420565366745,0.5774739384651184,0.7677595615386963,0.6917425990104675
4,0.7758111953735352,0.5283242464065552,0.7367941737174988,0.7391303777694702
5,0.7968815565109253,0.4920363128185272,0.7850637435913086,0.7099940776824951
6,0.8120522499084473,0.45552724599838257,0.7795992493629456,0.6966014504432678
7,0.8133164644241333,0.4556429088115692,0.7622950673103333,0.7289996147155762
8,0.8217446208000183,0.42329317331314087,0.7877960205078125,0.7205621600151062
9,0.8320690989494324,0.4154164791107178,0.7950819730758667,0.7049367427825928
10,0.8419721722602844,0.3897372782230377,0.7386156916618347,0.8094203472137451
11,0.8512431383132935,0.3707723319530487,0.806921660900116,0.6578538417816162
12,0.8573535680770874,0.3539796769618988,0.7431694269180298,0.7803839445114136
13,0.8632532954216003,0.35152196884155273,0.751366138458252,0.6977208852767944
14,0.8670459389686584,0.33737698197364807,0.8078324198722839,0.6550284624099731
15,0.8739991784095764,0.3228709399700165,0.7941712141036987,0.5999449491500854
16,0.8868520855903625,0.2885262370109558,0.7103825211524963,0.7209895253181458
17,0.8883270025253296,0.28858497738838196,0.8014571666717529,0.6896447539329529
18,0.8898019194602966,0.2817797362804413,0.7868852615356445,0.6541476249694824
19,0.8946481347084045,0.2777141034603119,0.8032786846160889,0.5218326449394226
20,0.9030762910842896,0.25589728355407715,0.8214936256408691,0.6117403507232666
21,0.9037083983421326,0.25153183937072754,0.7604736089706421,0.6402415037155151
22,0.9056047201156616,0.2507033050060272,0.7677595615386963,0.6524407267570496
23,0.9051833152770996,0.2510976493358612,0.7732240557670593,0.6622580289840698
24,0.9190897345542908,0.21866126358509064,0.7805100083351135,0.6758227944374084
25,0.9152970910072327,0.21963556110858917,0.7777777910232544,0.6271868944168091
26,0.9205647110939026,0.2072312980890274,0.7896174788475037,0.5619840621948242
27,0.9233038425445557,0.19895964860916138,0.7996357083320618,0.5395949482917786
28,0.9230931401252747,0.1964937448501587,0.6402550339698792,1.1040425300598145
29,0.9207754135131836,0.20225512981414795,0.7714025378227234,0.717980682849884
