epoch,accuracy,loss,val_accuracy,val_loss
0,0.5992414951324463,0.8551774621009827,0.41530054807662964,1.8427478075027466
1,0.7064896821975708,0.6884368062019348,0.4508196711540222,1.1806191205978394
2,0.7338811755180359,0.6112775802612305,0.7258651852607727,0.8276244401931763
3,0.762958288192749,0.5564504265785217,0.7030965685844421,0.8241757750511169
4,0.788242757320404,0.5132720470428467,0.7295082211494446,0.7513052821159363
5,0.8010956645011902,0.49336960911750793,0.8251366019248962,0.6386902332305908
6,0.8109987378120422,0.4643325209617615,0.7859745025634766,0.7165350914001465
7,0.8196375966072083,0.44103267788887024,0.813296914100647,0.6435180306434631
8,0.8331226110458374,0.412438303232193,0.751366138458252,0.7463119029998779
9,0.8436577916145325,0.39667606353759766,0.7887067198753357,0.7246689200401306
10,0.8514538407325745,0.3690026104450226,0.7877960205078125,0.7100464105606079
11,0.8537715673446655,0.3620636761188507,0.81876140832901,0.6059203147888184
12,0.8725242018699646,0.3378612697124481,0.7896174788475037,0.7268449664115906
13,0.8714706897735596,0.32247647643089294,0.7322404384613037,0.6685669422149658
14,0.8872734904289246,0.3100491166114807,0.7805100083351135,0.7991539239883423
15,0.8847450613975525,0.3006618022918701,0.6903460621833801,0.8804421424865723
16,0.8914875388145447,0.28239038586616516,0.8333333134651184,0.7618396878242493
17,0.8944374322891235,0.2739150822162628,0.8324226140975952,0.6716443300247192
18,0.8959123492240906,0.2670550048351288,0.693078339099884,1.2434114217758179
19,0.9039191007614136,0.2527630031108856,0.8287795782089233,0.827303409576416
20,0.9068689346313477,0.24081306159496307,0.7650273442268372,0.9269089102745056
21,0.9159291982650757,0.22710266709327698,0.8278688788414001,0.6883552074432373
22,0.9182469248771667,0.21721990406513214,0.8142076730728149,0.48752641677856445
23,0.9180362224578857,0.2149471491575241,0.817850649356842,0.5368172526359558
24,0.9241466522216797,0.2056930810213089,0.7777777910232544,0.7204000949859619
25,0.9262536764144897,0.19364668428897858,0.7786885499954224,0.6415303349494934
26,0.9292035102844238,0.1836634874343872,0.7295082211494446,0.9159830808639526
27,0.9252001643180847,0.19011013209819794,0.7741348147392273,0.7150355577468872
28,0.9369995594024658,0.17559264600276947,0.7377049326896667,0.6706652641296387
29,0.9376316666603088,0.1582593321800232,0.7304189205169678,0.8298063278198242
