epoch,accuracy,loss,val_accuracy,val_loss
0,0.6038769483566284,0.8499569892883301,0.438069224357605,1.9706956148147583
1,0.7012220621109009,0.6810640096664429,0.506375253200531,1.2371344566345215
2,0.7511588931083679,0.5961207747459412,0.7340619564056396,0.6963835954666138
3,0.7642225027084351,0.5537283420562744,0.7568305730819702,0.8288611173629761
4,0.7812895178794861,0.5174581408500671,0.7340619564056396,0.8250218033790588
5,0.7985672354698181,0.4874785542488098,0.8014571666717529,0.6637728214263916
6,0.8019384741783142,0.47961246967315674,0.7613843083381653,0.6578242182731628
7,0.8192161917686462,0.43614864349365234,0.7832422852516174,0.7249588370323181
8,0.8352296948432922,0.41236287355422974,0.7832422852516174,0.6144671440124512
9,0.8390223383903503,0.40147024393081665,0.806921660900116,0.652325451374054
10,0.8510324358940125,0.381152480840683,0.7877960205078125,0.6715579032897949
11,0.8718920946121216,0.3422803282737732,0.7641165852546692,0.653153121471405
12,0.8609355092048645,0.34827250242233276,0.8096539378166199,0.6418159604072571
13,0.8752633929252625,0.33282962441444397,0.7240437269210815,0.6913458704948425
14,0.8828487396240234,0.31604814529418945,0.7258651852607727,0.8227446675300598
15,0.8860092759132385,0.2988749146461487,0.7950819730758667,0.5993227362632751
16,0.8847450613975525,0.2814334034919739,0.6602914333343506,0.9274085760116577
17,0.8990728855133057,0.2691352069377899,0.8023679256439209,0.852136492729187
18,0.9085545539855957,0.2537517249584198,0.806010901927948,0.5998695492744446
19,0.9064475297927856,0.2528075575828552,0.6894353628158569,0.7437653541564941
20,0.9058154225349426,0.24137596786022186,0.7012750506401062,0.6998636722564697
21,0.9115044474601746,0.24101628363132477,0.7896174788475037,0.6240137815475464
22,0.9079224467277527,0.2364472597837448,0.749544620513916,0.7740613222122192
23,0.9157184958457947,0.2242601066827774,0.6657559275627136,0.7357937097549438
24,0.9199326038360596,0.21106843650341034,0.817850649356842,0.5174532532691956
25,0.9243573546409607,0.19832752645015717,0.7422586679458618,0.6527528762817383
26,0.9254108667373657,0.19886863231658936,0.7285974621772766,0.8790438175201416
27,0.9281499981880188,0.186451256275177,0.7322404384613037,0.7274271845817566
28,0.9298356771469116,0.1784520149230957,0.6921675801277161,0.9220627546310425
29,0.9294142723083496,0.17915251851081848,0.7395263910293579,0.8571174144744873
