epoch,accuracy,loss,val_accuracy,val_loss
0,0.5986093282699585,0.8619203567504883,0.44626593589782715,1.6652623414993286
1,0.6892119646072388,0.6968157291412354,0.5,1.0816543102264404
2,0.735988199710846,0.6193955540657043,0.7622950673103333,0.7661551833152771
3,0.7686472535133362,0.555459201335907,0.751366138458252,0.7961564064025879
4,0.7764433026313782,0.5355391502380371,0.8142076730728149,0.7702690362930298
5,0.7975137233734131,0.49207058548927307,0.7932604551315308,0.6965689659118652
6,0.8050990104675293,0.46706515550613403,0.7823315262794495,0.6476326584815979
7,0.8173198699951172,0.44135433435440063,0.8306010961532593,0.662013590335846
8,0.8251158595085144,0.42988014221191406,0.8087431788444519,0.6781097054481506
9,0.8375474214553833,0.4012802541255951,0.7859745025634766,0.627587616443634
10,0.8476611971855164,0.39802610874176025,0.7786885499954224,0.5916191339492798
11,0.8423935770988464,0.3793615698814392,0.7677595615386963,0.6283766627311707
12,0.8683101534843445,0.3461569547653198,0.7477231621742249,0.8259578347206116
13,0.8678887486457825,0.3324342966079712,0.8160291314125061,0.6160762310028076
14,0.8710492849349976,0.33134758472442627,0.7969034314155579,0.6244431138038635
15,0.8809523582458496,0.3100064694881439,0.7632058262825012,0.6213679909706116
16,0.8872734904289246,0.29593366384506226,0.751366138458252,0.7898353934288025
17,0.8832701444625854,0.29693928360939026,0.7459016442298889,0.7128439545631409
18,0.8988621830940247,0.2687528133392334,0.7622950673103333,0.8287152051925659
19,0.8997049927711487,0.27120697498321533,0.749544620513916,0.717415452003479
20,0.9034976959228516,0.247361421585083,0.6903460621833801,0.9762482047080994
21,0.9121365547180176,0.23951581120491028,0.7823315262794495,0.6512107849121094
22,0.9144542813301086,0.23007844388484955,0.7823315262794495,0.7502661943435669
23,0.9167720079421997,0.2229231745004654,0.7741348147392273,0.6289999485015869
24,0.9178255200386047,0.21268050372600555,0.7386156916618347,0.6853362321853638
25,0.9243573546409607,0.20121638476848602,0.8360655903816223,0.45732152462005615
26,0.9262536764144897,0.20010413229465485,0.7395263910293579,0.7421330809593201
27,0.9224610328674316,0.19300268590450287,0.7468124032020569,0.7526465058326721
28,0.9292035102844238,0.18196649849414825,0.744990885257721,1.167312741279602
29,0.9325748085975647,0.17793290317058563,0.8032786846160889,0.5976364612579346
