epoch,accuracy,loss,val_accuracy,val_loss
0,0.6000843048095703,0.8545215725898743,0.46630236506462097,1.7823203802108765
1,0.6885798573493958,0.6963620185852051,0.4198542833328247,1.3623995780944824
2,0.739780843257904,0.6049405932426453,0.748633861541748,0.6834983825683594
3,0.763590395450592,0.5594469308853149,0.8078324198722839,0.6479254364967346
4,0.7865570783615112,0.5097492337226868,0.813296914100647,0.6860701441764832
5,0.8078382015228271,0.4772806167602539,0.7978141903877258,0.74037766456604
6,0.8168984651565552,0.4528406262397766,0.7695810794830322,0.6531127095222473
7,0.8183733820915222,0.4493711292743683,0.8160291314125061,0.5712841153144836
8,0.8244837522506714,0.4181089699268341,0.8105646371841431,0.6831198334693909
9,0.8518752455711365,0.38361090421676636,0.7877960205078125,0.6405586004257202
10,0.8508217334747314,0.3714968264102936,0.8205828666687012,0.5709478855133057
11,0.8662031292915344,0.352740079164505,0.7768670320510864,0.7787105441093445
12,0.8729456663131714,0.3436434268951416,0.8032786846160889,0.5672194957733154
13,0.8712599873542786,0.3231063187122345,0.7841529846191406,0.6591778993606567
14,0.8832701444625854,0.30929940938949585,0.7777777910232544,0.6263593435287476
15,0.8933839201927185,0.28395527601242065,0.7923497557640076,0.6126366853713989
16,0.8885377049446106,0.2837386727333069,0.7996357083320618,0.6178088188171387
17,0.8963337540626526,0.26988062262535095,0.7768670320510864,0.6369549632072449
18,0.9009692668914795,0.26484110951423645,0.748633861541748,0.7258148789405823
19,0.9066582322120667,0.2386765033006668,0.7759562730789185,0.617857813835144
20,0.9056047201156616,0.2469598352909088,0.755009114742279,0.7196792364120483
21,0.9165613055229187,0.22365623712539673,0.7987249493598938,0.6279810667037964
22,0.9075010418891907,0.23174506425857544,0.8087431788444519,0.648706316947937
23,0.9203540086746216,0.2125847041606903,0.7285974621772766,0.803920567035675
24,0.9296249747276306,0.19646857678890228,0.7632058262825012,0.6261194944381714
25,0.9304677844047546,0.1850224882364273,0.7349726557731628,0.8744112253189087
26,0.9325748085975647,0.17929251492023468,0.755919873714447,0.7422332763671875
27,0.9262536764144897,0.18623004853725433,0.7732240557670593,0.6954550743103027
28,0.9353139400482178,0.16845227777957916,0.7140254974365234,1.057081937789917
29,0.9346818327903748,0.17146527767181396,0.7349726557731628,0.8127349615097046
