epoch,accuracy,loss,val_accuracy,val_loss
0,0.744627058506012,0.8347207903862,0.7768670320510864,0.577549397945404
1,0.8145806789398193,0.5905542969703674,0.7950819730758667,0.6562696695327759
2,0.8295406699180603,0.5344099998474121,0.8415300250053406,0.5622719526290894
3,0.8398651480674744,0.4818047881126404,0.8342440724372864,0.6262632608413696
4,0.8613569140434265,0.43723416328430176,0.8260473608970642,0.614974856376648
5,0.8626211285591125,0.40165507793426514,0.8306010961532593,0.5762850046157837
6,0.8727349638938904,0.3655526638031006,0.7987249493598938,0.5114065408706665
7,0.8824273347854614,0.3625018000602722,0.8488160371780396,0.6110762357711792
8,0.9003371000289917,0.3103786110877991,0.8633880019187927,0.4971280097961426
9,0.9039191007614136,0.2968122363090515,0.8515482544898987,0.586613655090332
10,0.9127686619758606,0.2620355188846588,0.8588342666625977,0.5428414940834045
11,0.9197218418121338,0.2257675975561142,0.8606557250022888,0.5175968408584595
12,0.9258322715759277,0.20396818220615387,0.7923497557640076,0.7059112191200256
13,0.9334176182746887,0.18701913952827454,0.8369763493537903,0.7533854842185974
14,0.9342604279518127,0.20235082507133484,0.8278688788414001,0.5818547606468201
15,0.9428992867469788,0.17130036652088165,0.8442623019218445,0.8332003951072693
16,0.9351032376289368,0.17459160089492798,0.8169398903846741,0.7288220524787903
17,0.9500632286071777,0.143128901720047,0.8151183724403381,0.6176212430000305
18,0.9487990140914917,0.17026354372501373,0.8214936256408691,0.9847712516784668
19,0.9572271108627319,0.13107237219810486,0.8078324198722839,0.9601380228996277
20,0.9610198140144348,0.12073657661676407,0.8142076730728149,0.6804514527320862
21,0.9635482430458069,0.12215982377529144,0.817850649356842,0.6836320161819458
22,0.9671302437782288,0.10886769741773605,0.8387978076934814,0.5895258188247681
23,0.966919481754303,0.09746184945106506,0.8224043846130371,0.9672075510025024
24,0.9711335897445679,0.09606953710317612,0.8497267961502075,0.9721502661705017
25,0.976190447807312,0.07777044922113419,0.8469945192337036,0.6924970149993896
26,0.9730299115180969,0.07630715519189835,0.7531875967979431,0.8173919320106506
27,0.9768226146697998,0.07534876465797424,0.8479052782058716,1.1047457456588745
28,0.9717656970024109,0.08985056728124619,0.8606557250022888,0.6816715598106384
29,0.974926233291626,0.07385002821683884,0.8597449660301208,1.1223965883255005
30,0.9812473654747009,0.05256103351712227,0.7795992493629456,0.8798012137413025
31,0.9816687703132629,0.060671936720609665,0.8515482544898987,0.5964168906211853
32,0.984197199344635,0.05162709951400757,0.8160291314125061,1.0443477630615234
33,0.975558340549469,0.07206299155950546,0.8378870487213135,0.8128686547279358
