epoch,accuracy,loss,val_accuracy,val_loss
0,0.76106196641922,0.7625430226325989,0.7768670320510864,0.5676702260971069
1,0.8137378692626953,0.5891987085342407,0.8051002025604248,0.6728618144989014
2,0.8259587287902832,0.5719267725944519,0.8251366019248962,0.5270187258720398
3,0.8413400650024414,0.47963544726371765,0.8306010961532593,0.6888887286186218
4,0.8548251390457153,0.4227451980113983,0.8233151435852051,0.7147579193115234
5,0.8611462116241455,0.42446625232696533,0.8251366019248962,0.6449528336524963
6,0.8718920946121216,0.3990681767463684,0.8287795782089233,0.5698573589324951
7,0.8870627880096436,0.32818347215652466,0.8588342666625977,0.5075972080230713
8,0.8984407782554626,0.32032114267349243,0.8005464673042297,0.6705027222633362
9,0.9053940176963806,0.2850898504257202,0.8451730608940125,0.5630626678466797
10,0.9178255200386047,0.26186007261276245,0.8324226140975952,0.7642178535461426
11,0.9199326038360596,0.2365272492170334,0.8679417371749878,0.5023261308670044
12,0.9186683297157288,0.24484091997146606,0.8433515429496765,0.6265133023262024
13,0.9296249747276306,0.2128496915102005,0.8488160371780396,0.6313719153404236
14,0.9281499981880188,0.22234849631786346,0.8497267961502075,0.6930228471755981
15,0.9401601552963257,0.17504405975341797,0.8278688788414001,0.5954873561859131
16,0.9456384181976318,0.17623043060302734,0.8387978076934814,0.7871239185333252
17,0.9431099891662598,0.1732300966978073,0.7987249493598938,0.6814551949501038
18,0.9546986818313599,0.1298636943101883,0.813296914100647,0.6729520559310913
19,0.9487990140914917,0.15669342875480652,0.8515482544898987,0.7432644367218018
20,0.9570164084434509,0.13826264441013336,0.868852436542511,0.6891722679138184
21,0.9551200866699219,0.13009415566921234,0.8460837602615356,0.6098154187202454
22,0.9639696478843689,0.10837908089160919,0.8014571666717529,0.8403586745262146
23,0.9675516486167908,0.10887988656759262,0.8488160371780396,0.7796095609664917
24,0.9629161357879639,0.11040112376213074,0.8542805314064026,0.7366206049919128
25,0.9656552672386169,0.11041691899299622,0.874316930770874,0.6898980140686035
26,0.9717656970024109,0.08600972592830658,0.8515482544898987,1.171389102935791
27,0.9732406139373779,0.0751991719007492,0.8306010961532593,0.8513497710227966
28,0.9770333170890808,0.07627583295106888,0.7540983557701111,1.1432366371154785
29,0.9782975316047668,0.06505054235458374,0.8606557250022888,0.9445920586585999
30,0.9810366630554199,0.054535504430532455,0.8433515429496765,0.9202843904495239
31,0.983565092086792,0.054161857813596725,0.8551912307739258,0.9656195044517517
32,0.982300877571106,0.05741756781935692,0.8251366019248962,1.090623378753662
33,0.9780868291854858,0.06454981863498688,0.7896174788475037,0.9949744343757629
34,0.9797724485397339,0.06214672699570656,0.7932604551315308,1.030617356300354
35,0.981879472732544,0.05451453477144241,0.8041894435882568,0.9696080684661865
36,0.984829306602478,0.051531627774238586,0.8615664839744568,0.9172269105911255
