epoch,accuracy,loss,val_accuracy,val_loss
0,0.761272668838501,0.744827926158905,0.7768670320510864,0.5703165531158447
1,0.8099452257156372,0.6140576601028442,0.8014571666717529,0.5925290584564209
2,0.8299620747566223,0.5266951322555542,0.8296903371810913,0.6024497747421265
3,0.8367046117782593,0.5025708079338074,0.8205828666687012,0.6651065349578857
4,0.8537715673446655,0.4361015558242798,0.81876140832901,0.5426208972930908
5,0.8636747002601624,0.3925166726112366,0.8260473608970642,0.5708820223808289
6,0.8735777735710144,0.3747577965259552,0.8224043846130371,0.5553650856018066
7,0.8874841928482056,0.34962430596351624,0.8278688788414001,0.5349892377853394
8,0.8952802419662476,0.31678465008735657,0.7832422852516174,0.5993910431861877
9,0.9064475297927856,0.2770523130893707,0.8251366019248962,0.6706399917602539
10,0.9125579595565796,0.2574237883090973,0.8233151435852051,0.6488467454910278
11,0.9211968183517456,0.24820880591869354,0.8588342666625977,0.518968939781189
12,0.9260429739952087,0.21662773191928864,0.8588342666625977,0.6850154995918274
13,0.9321534037590027,0.20823387801647186,0.8324226140975952,0.5931510925292969
14,0.9376316666603088,0.18612292408943176,0.8479052782058716,0.7380647659301758
15,0.9452170133590698,0.17200319468975067,0.8642987012863159,0.6119567155838013
16,0.9420564770698547,0.17365379631519318,0.8460837602615356,0.9946087598800659
17,0.9441635012626648,0.1602552980184555,0.8378870487213135,0.8018619418144226
18,0.9479561448097229,0.1483931988477707,0.8233151435852051,0.7586982846260071
19,0.9534344673156738,0.13144248723983765,0.8424407839775085,0.8833085298538208
20,0.9603877067565918,0.11599791795015335,0.8224043846130371,0.8882788419723511
21,0.9570164084434509,0.13016247749328613,0.8506374955177307,0.9017584323883057
22,0.9654445648193359,0.09108904004096985,0.868852436542511,0.8303200602531433
23,0.9675516486167908,0.10241484642028809,0.8096539378166199,0.7657093405723572
24,0.9719763994216919,0.09739866107702255,0.7304189205169678,0.8297330737113953
25,0.9730299115180969,0.09551945328712463,0.7112932801246643,0.8727885484695435
26,0.974715530872345,0.07391763478517532,0.7978141903877258,1.4096959829330444
27,0.974715530872345,0.07388568669557571,0.8023679256439209,0.98305743932724
28,0.9804045557975769,0.05663854256272316,0.8570127487182617,1.2472807168960571
29,0.973872721195221,0.0803702175617218,0.8506374955177307,0.7130679488182068
30,0.9812473654747009,0.061724983155727386,0.8315118551254272,0.7865564823150635
31,0.9793510437011719,0.0689755231142044,0.8788706660270691,0.8496200442314148
32,0.98314368724823,0.05450946092605591,0.8424407839775085,1.0132603645324707
33,0.9812473654747009,0.05449455603957176,0.7340619564056396,1.0135325193405151
34,0.985461413860321,0.03938247635960579,0.8351548314094543,1.3111728429794312
35,0.98525071144104,0.04394885525107384,0.8652094602584839,1.510970115661621
36,0.984618604183197,0.05038311704993248,0.8588342666625977,0.6969528794288635
