epoch,accuracy,loss,val_accuracy,val_loss
0,0.7574799656867981,0.8021888732910156,0.7768670320510864,0.7434448003768921
1,0.8063632249832153,0.6023080348968506,0.7950819730758667,0.6323405504226685
2,0.8318583965301514,0.5193860530853271,0.8378870487213135,0.6224644184112549
3,0.8423935770988464,0.4680013656616211,0.806010901927948,0.5122114419937134
4,0.8558786511421204,0.4369526505470276,0.8369763493537903,0.6015493273735046
5,0.8704171776771545,0.3996769189834595,0.817850649356842,0.5117068290710449
6,0.8771597146987915,0.3739963173866272,0.8397085666656494,0.5180761814117432
7,0.8914875388145447,0.33867746591567993,0.7877960205078125,0.5308464169502258
8,0.8957016468048096,0.31471890211105347,0.8397085666656494,0.4170707166194916
9,0.9070796370506287,0.28673142194747925,0.8196721076965332,0.46933305263519287
10,0.9134007692337036,0.26786667108535767,0.8533697724342346,0.5579057931900024
11,0.9176148176193237,0.25671061873435974,0.8269581198692322,0.6262352466583252
12,0.9252001643180847,0.23569825291633606,0.8333333134651184,0.6701298952102661
13,0.9317319989204407,0.20619088411331177,0.8369763493537903,0.6243818402290344
14,0.9308891892433167,0.20486228168010712,0.8397085666656494,0.7693679332733154
15,0.9310998916625977,0.23402218520641327,0.8433515429496765,0.7067605257034302
16,0.9456384181976318,0.1724492311477661,0.8369763493537903,0.8116811513900757
17,0.9492204189300537,0.151161789894104,0.8615664839744568,0.45289158821105957
18,0.9546986818313599,0.13522522151470184,0.7140254974365234,0.9025683999061584
19,0.9485883116722107,0.1319066435098648,0.8570127487182617,0.6292155385017395
20,0.9570164084434509,0.14089083671569824,0.8479052782058716,0.6126847863197327
21,0.9686051607131958,0.09721086919307709,0.7723132967948914,0.9185879230499268
22,0.9616519212722778,0.11292534321546555,0.8497267961502075,1.1453123092651367
23,0.9650231599807739,0.09798011928796768,0.8588342666625977,0.8433136343955994
24,0.9707121849060059,0.09502274543046951,0.7887067198753357,0.7960206270217896
25,0.974715530872345,0.07996997237205505,0.8424407839775085,0.9178106188774109
26,0.974294126033783,0.08317035436630249,0.881602942943573,0.4837077260017395
27,0.9705014824867249,0.08718960732221603,0.748633861541748,1.2914830446243286
28,0.974504828453064,0.08254212141036987,0.8624772429466248,0.711472749710083
29,0.981879472732544,0.059981971979141235,0.81876140832901,0.8326018452644348
30,0.9806152582168579,0.05309382081031799,0.8378870487213135,0.7914068698883057
31,0.9785082340240479,0.07743316888809204,0.8579235076904297,1.3022104501724243
32,0.9810366630554199,0.06197509914636612,0.8369763493537903,1.2335187196731567
33,0.985040009021759,0.04436156526207924,0.8242258429527283,0.8085265159606934
