epoch,accuracy,loss,val_accuracy,val_loss
0,0.7583227753639221,0.7652015089988708,0.7768670320510864,0.6872750520706177
1,0.8166877627372742,0.5956143736839294,0.806921660900116,0.5552476644515991
2,0.8200590014457703,0.559772789478302,0.8324226140975952,0.5984755754470825
3,0.8360725045204163,0.49216264486312866,0.81876140832901,0.513398289680481
4,0.8491361141204834,0.44009825587272644,0.8333333134651184,0.5820221304893494
5,0.8617783188819885,0.4265928566455841,0.8151183724403381,0.49281880259513855
6,0.8691529631614685,0.37929174304008484,0.8296903371810913,0.5622567534446716
7,0.8902233242988586,0.33240580558776855,0.8324226140975952,0.5632371306419373
8,0.8952802419662476,0.2940736711025238,0.8369763493537903,0.538422703742981
9,0.8984407782554626,0.31248873472213745,0.8260473608970642,0.5957433581352234
10,0.9104509353637695,0.2846432328224182,0.8588342666625977,0.4934711158275604
11,0.9195111393928528,0.2523130178451538,0.8333333134651184,0.6081448197364807
12,0.9241466522216797,0.22785010933876038,0.8051002025604248,0.5505464673042297
13,0.9353139400482178,0.19667948782444,0.7795992493629456,0.6690967082977295
14,0.9344711303710938,0.17822673916816711,0.8397085666656494,0.7933033108711243
15,0.9393173456192017,0.1857975572347641,0.8633880019187927,0.6563799381256104
16,0.9412136673927307,0.17324817180633545,0.8406193256378174,0.7537453770637512
17,0.9445849061012268,0.15771602094173431,0.8387978076934814,0.6233222484588623
18,0.9439527988433838,0.17809724807739258,0.8151183724403381,0.7555805444717407
19,0.9515381455421448,0.14271388947963715,0.8506374955177307,0.9668354392051697
20,0.9587020874023438,0.12979565560817719,0.7686703205108643,0.6366855502128601
21,0.9546986818313599,0.1257096379995346,0.7431694269180298,1.133475661277771
22,0.9633375406265259,0.11232771724462509,0.8224043846130371,0.6267654299736023
23,0.9635482430458069,0.12369532138109207,0.811475396156311,0.9720412492752075
24,0.9629161357879639,0.1252988874912262,0.8342440724372864,1.16899573802948
25,0.975558340549469,0.0794055387377739,0.8196721076965332,1.0591903924942017
26,0.974504828453064,0.07175619155168533,0.8542805314064026,0.8335171341896057
27,0.9719763994216919,0.08589048683643341,0.8469945192337036,0.9524369239807129
28,0.9791403412818909,0.06659220159053802,0.8706739544868469,0.7253315448760986
29,0.981879472732544,0.05655497685074806,0.8160291314125061,0.8429276943206787
30,0.975136935710907,0.09663006663322449,0.8378870487213135,0.8689655661582947
