epoch,accuracy,loss,val_accuracy,val_loss
0,0.7513695955276489,0.7916509509086609,0.7768670320510864,0.6266332864761353
1,0.8116308450698853,0.5918979048728943,0.8096539378166199,0.5808511972427368
2,0.8303834795951843,0.5386139154434204,0.8224043846130371,0.501803994178772
3,0.8291192650794983,0.5134957432746887,0.8306010961532593,0.6279430985450745
4,0.8535608649253845,0.44398877024650574,0.8041894435882568,0.5948371887207031
5,0.8624104261398315,0.41040027141571045,0.8196721076965332,0.5838398933410645
6,0.8780025243759155,0.3831009566783905,0.8205828666687012,0.6178483366966248
7,0.8876948952674866,0.3561757504940033,0.7741348147392273,0.6377243399620056
8,0.9032869935035706,0.296212375164032,0.8415300250053406,0.5791258811950684
9,0.9104509353637695,0.26612627506256104,0.806921660900116,0.7407227754592896
10,0.9098187685012817,0.2805482745170593,0.8506374955177307,0.521793007850647
11,0.9207754135131836,0.23959964513778687,0.8679417371749878,0.42867183685302734
12,0.9285714030265808,0.22000999748706818,0.8524590134620667,0.5230187177658081
13,0.9289928078651428,0.20636071264743805,0.8460837602615356,0.7460920810699463
14,0.9359460473060608,0.18984222412109375,0.8051002025604248,0.7382219433784485
15,0.9351032376289368,0.1883445680141449,0.8242258429527283,0.7971476912498474
16,0.9380530714988708,0.1870250254869461,0.8260473608970642,0.6759146451950073
17,0.9473240375518799,0.15287481248378754,0.8551912307739258,0.9573630094528198
18,0.9517488479614258,0.1436852067708969,0.8570127487182617,0.7233442664146423
19,0.9528023600578308,0.13473178446292877,0.8415300250053406,0.6146114468574524
20,0.9540665745735168,0.13664256036281586,0.8551912307739258,0.7838129997253418
21,0.9616519212722778,0.11985866725444794,0.87613844871521,0.5953502655029297
22,0.9589127898216248,0.12532860040664673,0.8151183724403381,0.7801095247268677
23,0.966708779335022,0.09687386453151703,0.8661202192306519,0.6747433543205261
24,0.9713442921638489,0.09000115096569061,0.8369763493537903,0.6180632710456848
25,0.9734513163566589,0.08595376461744308,0.8087431788444519,0.7851529717445374
26,0.9702907800674438,0.08938701450824738,0.8642987012863159,1.0461441278457642
27,0.974083423614502,0.07792846113443375,0.8724954724311829,0.8486930131912231
28,0.9806152582168579,0.056569602340459824,0.8779599070549011,0.9866605401039124
29,0.97576904296875,0.07670234143733978,0.8287795782089233,1.0958247184753418
30,0.975347638130188,0.06983396410942078,0.8670309782028198,1.0887316465377808
31,0.9717656970024109,0.08646246790885925,0.8506374955177307,0.567776620388031
32,0.9810366630554199,0.0579228512942791,0.8533697724342346,0.6500206589698792
33,0.9867256879806519,0.042613737285137177,0.8533697724342346,0.8364081978797913
34,0.9799831509590149,0.05660615116357803,0.813296914100647,1.0379505157470703
35,0.982511579990387,0.048937126994132996,0.8788706660270691,0.9893233776092529
36,0.98525071144104,0.047590889036655426,0.8169398903846741,0.8504971265792847
