epoch,accuracy,loss,val_accuracy,val_loss
0,0.753898024559021,0.8167359232902527,0.7768670320510864,0.5858612060546875
1,0.8116308450698853,0.6062734127044678,0.8242258429527283,0.5420046448707581
2,0.8280657529830933,0.5468050837516785,0.8205828666687012,0.7182573080062866
3,0.8358618021011353,0.5061512589454651,0.81876140832901,0.6239603161811829
4,0.8497682213783264,0.463319331407547,0.8251366019248962,0.597331702709198
5,0.8577749729156494,0.44024911522865295,0.8333333134651184,0.6527166962623596
6,0.8742098808288574,0.37092649936676025,0.817850649356842,0.6007181406021118
7,0.8807416558265686,0.3472275733947754,0.8315118551254272,0.5760297179222107
8,0.8959123492240906,0.33474376797676086,0.7950819730758667,0.6039153933525085
9,0.9011799693107605,0.2925904393196106,0.8351548314094543,0.6542263031005859
10,0.9077117443084717,0.2823820114135742,0.8570127487182617,0.5224485993385315
11,0.9138221740722656,0.26448193192481995,0.8588342666625977,0.4901559352874756
12,0.9235145449638367,0.23159907758235931,0.8506374955177307,0.4852486252784729
13,0.9222503304481506,0.22182482481002808,0.8551912307739258,0.6164125800132751
14,0.9304677844047546,0.22790466248989105,0.8415300250053406,0.5290795564651489
15,0.9399494528770447,0.18012812733650208,0.8633880019187927,0.5656835436820984
16,0.9433206915855408,0.16209451854228973,0.8506374955177307,0.6872403621673584
17,0.9410029649734497,0.18180781602859497,0.8378870487213135,0.5751076340675354
18,0.9460598230361938,0.1589232087135315,0.8524590134620667,0.6690406203269958
19,0.9513274431228638,0.14168356359004974,0.7814207673072815,0.8046485781669617
20,0.9538558721542358,0.14111360907554626,0.8633880019187927,0.5812148451805115
21,0.9551200866699219,0.12658549845218658,0.8570127487182617,0.6737582683563232
22,0.9656552672386169,0.12122543901205063,0.8041894435882568,0.8133582472801208
23,0.966708779335022,0.10390294343233109,0.8378870487213135,0.87713223695755
24,0.9686051607131958,0.09481380134820938,0.8351548314094543,1.0027450323104858
25,0.9681837558746338,0.09688489884138107,0.8424407839775085,0.9338264465332031
26,0.9646017551422119,0.10289925336837769,0.7650273442268372,1.1092612743377686
27,0.9675516486167908,0.09624277800321579,0.8324226140975952,1.393356442451477
28,0.976401150226593,0.07971503585577011,0.8606557250022888,0.8983792066574097
29,0.9768226146697998,0.06804374605417252,0.8488160371780396,0.7228803038597107
30,0.976401150226593,0.07306638360023499,0.8624772429466248,1.0944616794586182
31,0.9791403412818909,0.06155113875865936,0.8260473608970642,1.054052710533142
32,0.9797724485397339,0.05830750614404678,0.869763195514679,0.8672900795936584
33,0.9766119122505188,0.0672973021864891,0.8278688788414001,1.2419319152832031
34,0.9884113073348999,0.03800543397665024,0.873406171798706,1.033683180809021
35,0.982932984828949,0.05613585561513901,0.806010901927948,1.1692694425582886
36,0.985461413860321,0.04760411009192467,0.6766848564147949,1.1179388761520386
37,0.983986496925354,0.06364433467388153,0.7768670320510864,1.011574387550354
