epoch,accuracy,loss,val_accuracy,val_loss
0,0.7593762874603271,0.7851729393005371,0.7750455141067505,0.5585801601409912
1,0.8139485716819763,0.5896981954574585,0.7959927320480347,0.5894070267677307
2,0.8312262892723083,0.5145046710968018,0.8415300250053406,0.5755227208137512
3,0.8445006608963013,0.47319746017456055,0.8342440724372864,0.640755832195282
4,0.8531394600868225,0.4415132403373718,0.8351548314094543,0.5833866596221924
5,0.8592498898506165,0.44126227498054504,0.8287795782089233,0.6041048765182495
6,0.8765276074409485,0.3709304630756378,0.8014571666717529,0.5880621075630188
7,0.8872734904289246,0.33969607949256897,0.8296903371810913,0.48485293984413147
8,0.8992835879325867,0.3223143219947815,0.806010901927948,0.5027260780334473
9,0.9026548862457275,0.28901323676109314,0.8296903371810913,0.45794478058815
10,0.9108723402023315,0.2691720426082611,0.8260473608970642,0.5195341110229492
11,0.9220396280288696,0.23965902626514435,0.8397085666656494,0.6385670304298401
12,0.9279392957687378,0.2145610898733139,0.8397085666656494,0.6174031496047974
13,0.9313105940818787,0.2007775753736496,0.8324226140975952,0.5566649436950684
14,0.9348925352096558,0.19073428213596344,0.7577413320541382,0.7850767374038696
15,0.9412136673927307,0.18740305304527283,0.8579235076904297,0.6627712845802307
16,0.9403708577156067,0.18356984853744507,0.7468124032020569,0.826056718826294
17,0.9452170133590698,0.16306626796722412,0.7896174788475037,0.8553686738014221
18,0.9460598230361938,0.15825745463371277,0.8360655903816223,0.8445959687232971
19,0.9593341946601868,0.11809349805116653,0.8479052782058716,0.9754800796508789
20,0.9544879794120789,0.14258700609207153,0.8151183724403381,0.7911686897277832
21,0.9570164084434509,0.12110667675733566,0.8296903371810913,0.7936325073242188
22,0.9677623510360718,0.09840157628059387,0.8497267961502075,1.0645678043365479
23,0.966076672077179,0.10387247055768967,0.8242258429527283,1.1038514375686646
24,0.9723978042602539,0.08063673228025436,0.8142076730728149,0.8182435035705566
25,0.9675516486167908,0.09090173989534378,0.7941712141036987,0.6407245993614197
26,0.9719763994216919,0.08403744548559189,0.8479052782058716,0.6773163676261902
27,0.9730299115180969,0.07376442104578018,0.8196721076965332,0.6312155723571777
28,0.9780868291854858,0.07362300157546997,0.8378870487213135,0.7458784580230713
29,0.9801938533782959,0.061418015509843826,0.8533697724342346,0.6404692530632019
30,0.9782975316047668,0.07437023520469666,0.7887067198753357,1.5682878494262695
31,0.982511579990387,0.05321385711431503,0.7741348147392273,0.9790446162223816
32,0.9804045557975769,0.059368837624788284,0.8715847134590149,0.8473424911499023
33,0.983775794506073,0.053314149379730225,0.806921660900116,0.6430429220199585
34,0.9877792000770569,0.03872135654091835,0.8306010961532593,0.7355474233627319
