epoch,accuracy,loss,val_accuracy,val_loss
0,0.753898024559021,0.8121387362480164,0.7768670320510864,0.5643386244773865
1,0.8109987378120422,0.5935215353965759,0.812386155128479,0.5787052512168884
2,0.8331226110458374,0.519547700881958,0.8306010961532593,0.6228978037834167
3,0.8436577916145325,0.4892967939376831,0.8287795782089233,0.49715909361839294
4,0.8575642704963684,0.4410806894302368,0.8333333134651184,0.5375415086746216
5,0.8702064752578735,0.3817465901374817,0.8296903371810913,0.5996861457824707
6,0.8803202509880066,0.3557846248149872,0.8397085666656494,0.5586544275283813
7,0.8931732177734375,0.3266775906085968,0.8278688788414001,0.7017504572868347
8,0.9087652564048767,0.2785318195819855,0.8415300250053406,0.6484959721565247
9,0.9102401733398438,0.28917086124420166,0.806921660900116,0.6639678478240967
10,0.9102401733398438,0.27691376209259033,0.8415300250053406,0.6473715901374817
11,0.9209861159324646,0.2417697161436081,0.8032786846160889,0.5632748007774353
12,0.9266750812530518,0.2333919256925583,0.8533697724342346,0.7136077284812927
13,0.9289928078651428,0.20486962795257568,0.8023679256439209,0.6874257326126099
14,0.9405815601348877,0.17740508913993835,0.81876140832901,0.6608095765113831
15,0.9397387504577637,0.18120212852954865,0.8442623019218445,0.723957896232605
16,0.9466919302940369,0.16292646527290344,0.7795992493629456,0.7189229130744934
17,0.9544879794120789,0.1472567766904831,0.8570127487182617,0.9120765328407288
18,0.9544879794120789,0.13718688488006592,0.8497267961502075,0.8353676795959473
19,0.9553307890892029,0.1371084749698639,0.8524590134620667,0.890861988067627
20,0.9578592777252197,0.12268979847431183,0.8561019897460938,1.0371789932250977
21,0.9603877067565918,0.11663665622472763,0.8551912307739258,0.931826114654541
22,0.96628737449646,0.09854790568351746,0.813296914100647,0.8046277165412903
23,0.9696586728096008,0.10143784433603287,0.8615664839744568,0.5743820071220398
24,0.9717656970024109,0.09177661687135696,0.7832422852516174,0.7865842580795288
25,0.9732406139373779,0.07700009644031525,0.8633880019187927,0.6230046153068542
26,0.975979745388031,0.07340338826179504,0.8160291314125061,0.9465751051902771
27,0.9778761267662048,0.07528030127286911,0.8324226140975952,1.7912040948867798
28,0.975558340549469,0.07630909979343414,0.8661202192306519,0.8229307532310486
