epoch,accuracy,loss,val_accuracy,val_loss
0,0.7581120729446411,0.8087303042411804,0.7768670320510864,0.5996209383010864
1,0.8048883080482483,0.6227205395698547,0.8087431788444519,0.591707706451416
2,0.8276443481445312,0.5459806323051453,0.8333333134651184,0.6856472492218018
3,0.8377581238746643,0.48272430896759033,0.8333333134651184,0.7542837858200073
4,0.8529287576675415,0.45629799365997314,0.8242258429527283,0.6055700778961182
5,0.8626211285591125,0.4309597313404083,0.8287795782089233,0.5531328916549683
6,0.8649389147758484,0.38969340920448303,0.8251366019248962,0.5609496831893921
7,0.8870627880096436,0.34919658303260803,0.8023679256439209,0.5905589461326599
8,0.8940160274505615,0.31541019678115845,0.8406193256378174,0.6205233931541443
9,0.9013906717300415,0.3243900537490845,0.8497267961502075,0.5166458487510681
10,0.9146649837493896,0.27663514018058777,0.8151183724403381,0.4932362735271454
11,0.9182469248771667,0.2489815652370453,0.8479052782058716,0.5896623134613037
12,0.9207754135131836,0.2412126362323761,0.8515482544898987,0.5308027863502502
13,0.9230931401252747,0.22127100825309753,0.8087431788444519,0.682083249092102
14,0.9298356771469116,0.20659831166267395,0.8105646371841431,0.6722358465194702
15,0.9306784868240356,0.23187726736068726,0.8533697724342346,0.5774847269058228
16,0.9346818327903748,0.20321516692638397,0.7932604551315308,0.8258537650108337
17,0.9439527988433838,0.16037821769714355,0.8251366019248962,0.8686493039131165
18,0.9469026327133179,0.14845651388168335,0.8488160371780396,0.7687699198722839
19,0.9597555994987488,0.12256179749965668,0.8296903371810913,0.9574946165084839
20,0.9546986818313599,0.1474674940109253,0.7613843083381653,0.7630261778831482
21,0.9587020874023438,0.12429910898208618,0.8442623019218445,1.426525354385376
22,0.9694479703903198,0.10553696751594543,0.806010901927948,0.8169218897819519
23,0.966498076915741,0.09646007418632507,0.8397085666656494,1.1093558073043823
24,0.966498076915741,0.1066480502486229,0.8460837602615356,0.7228262424468994
25,0.9631268382072449,0.10974914580583572,0.7969034314155579,1.0453855991363525
26,0.975136935710907,0.08455705642700195,0.7468124032020569,0.9999855756759644
27,0.975979745388031,0.07990718632936478,0.8251366019248962,0.8324589133262634
28,0.9778761267662048,0.06805019080638885,0.8724954724311829,0.9374163746833801
29,0.9778761267662048,0.07138630747795105,0.8570127487182617,0.6266331672668457
30,0.9810366630554199,0.05174439772963524,0.7349726557731628,0.9700396060943604
31,0.9795617461204529,0.05743657797574997,0.8442623019218445,0.9982599020004272
32,0.9808259606361389,0.06705757975578308,0.8442623019218445,0.8628134727478027
33,0.9806152582168579,0.061494700610637665,0.868852436542511,0.8923087120056152
34,0.981879472732544,0.05307650566101074,0.8715847134590149,0.6776448488235474
35,0.98525071144104,0.04339342936873436,0.8770492076873779,0.7414016127586365
