epoch,accuracy,loss,val_accuracy,val_loss
0,0.8091024160385132,0.6698435544967651,0.22131147980690002,2.3707947731018066
1,0.8697850704193115,0.4160136878490448,0.7003642916679382,1.1762714385986328
2,0.8992835879325867,0.30954182147979736,0.8233151435852051,1.162895917892456
3,0.9083438515663147,0.29700812697410583,0.8041894435882568,0.8848707675933838
4,0.9226717352867126,0.2702881991863251,0.7996357083320618,1.1256400346755981
5,0.9300463795661926,0.2942796051502228,0.7777777910232544,0.7538554668426514
6,0.9538558721542358,0.15058346092700958,0.8005464673042297,0.7283599376678467
7,0.9683944582939148,0.09379660338163376,0.748633861541748,1.4975560903549194
8,0.9582806825637817,0.15226496756076813,0.8533697724342346,1.229505181312561
9,0.9648124575614929,0.1109279915690422,0.8196721076965332,0.7644004821777344
10,0.9646017551422119,0.14649012684822083,0.8351548314094543,0.8056154251098633
11,0.9766119122505188,0.08273329585790634,0.7704917788505554,4.674840450286865
12,0.975979745388031,0.07542558014392853,0.8524590134620667,1.187241554260254
13,0.974926233291626,0.08779200911521912,0.7695810794830322,1.1832033395767212
14,0.982090175151825,0.05657678097486496,0.8570127487182617,1.4133645296096802
15,0.984618604183197,0.05508696287870407,0.874316930770874,1.401755452156067
16,0.983775794506073,0.045592065900564194,0.8770492076873779,0.9034850001335144
17,0.99051833152771,0.03458734601736069,0.8888888955116272,0.5178362131118774
18,0.982932984828949,0.052028801292181015,0.8479052782058716,0.8053444027900696
19,0.9879899024963379,0.041020918637514114,0.8023679256439209,1.108940839767456
20,0.991150438785553,0.027756184339523315,0.8797814249992371,1.0003001689910889
21,0.99051833152771,0.030077096074819565,0.812386155128479,1.1213513612747192
22,0.9483776092529297,0.32068338990211487,0.8506374955177307,9.56874942779541
23,0.9650231599807739,0.1458042711019516,0.6138433218002319,2.553004026412964
24,0.98314368724823,0.056129343807697296,0.8606557250022888,0.5209012627601624
25,0.9882006049156189,0.03343629091978073,0.8925318717956543,0.7107229232788086
26,0.98525071144104,0.04599981755018234,0.8469945192337036,1.7723867893218994
27,0.98525071144104,0.0407952181994915,0.7750455141067505,34.07534408569336
28,0.991571843624115,0.02401101589202881,0.8424407839775085,1.3674989938735962
29,0.990729033946991,0.02851106971502304,0.7759562730789185,2.142382860183716
30,0.9951537847518921,0.01644616760313511,0.9034608602523804,0.9348463416099548
31,0.9972608685493469,0.007038503885269165,0.8861566781997681,0.7627068758010864
32,0.993678867816925,0.020558176562190056,0.8661202192306519,38.366580963134766
33,0.990939736366272,0.02409546449780464,0.8715847134590149,11.261960983276367
34,0.9970501661300659,0.009429117664694786,0.9253187775611877,0.2107917219400406
35,0.9568057060241699,0.23531702160835266,0.8051002025604248,2.48760724067688
36,0.992414653301239,0.02473931387066841,0.8861566781997681,0.8129441142082214
37,0.991571843624115,0.02537100575864315,0.868852436542511,0.5422850251197815
38,0.993468165397644,0.023322369903326035,0.8633880019187927,1.1644896268844604
39,0.99262535572052,0.022080371156334877,0.8151183724403381,86.85437774658203
40,0.992414653301239,0.026606064289808273,0.9061930775642395,0.6026333570480347
41,0.998946487903595,0.0057570491917431355,0.8961748480796814,1.0791617631912231
42,0.9795617461204529,0.0838133692741394,0.806921660900116,7.303533554077148
43,0.9943109750747681,0.018768852576613426,0.9107468128204346,0.8140944838523865
44,0.993468165397644,0.021896198391914368,0.8797814249992371,0.8941028118133545
45,0.998735785484314,0.005892136134207249,0.8925318717956543,0.8899570107460022
46,0.9970501661300659,0.009327929466962814,0.8897996544837952,1.4293667078018188
47,0.998103678226471,0.004858285188674927,0.8934426307678223,1.67745041847229
48,0.998735785484314,0.005535249598324299,0.8870673775672913,1.1827977895736694
49,0.9949430823326111,0.013635626994073391,0.8897996544837952,0.7524513006210327
