epoch,accuracy,loss,val_accuracy,val_loss
0,0.7994100451469421,0.7349197864532471,0.2122040092945099,1.2406474351882935
1,0.8581963777542114,0.48415932059288025,0.7358834147453308,1.0041733980178833
2,0.8971765637397766,0.32416343688964844,0.7413479089736938,1.0353691577911377
3,0.9152970910072327,0.246982142329216,0.7632058262825012,0.9508114457130432
4,0.9262536764144897,0.24866661429405212,0.8460837602615356,0.7837187051773071
5,0.9439527988433838,0.17292185127735138,0.813296914100647,0.8099561333656311
6,0.9462705254554749,0.16512340307235718,0.7777777910232544,1.24729585647583
7,0.9532237648963928,0.17571283876895905,0.8533697724342346,0.8839446306228638
8,0.9580699801445007,0.15563911199569702,0.8570127487182617,0.7342575788497925
9,0.9677623510360718,0.10421086847782135,0.8579235076904297,0.7072782516479492
10,0.9595448970794678,0.16312360763549805,0.6657559275627136,0.9756379723548889
11,0.9502739310264587,0.2367817908525467,0.817850649356842,1.2372708320617676
12,0.9721871018409729,0.11240978538990021,0.8014571666717529,1.6253306865692139
13,0.9709228873252869,0.14823384582996368,0.8360655903816223,0.6233730316162109
14,0.9780868291854858,0.08165549486875534,0.8014571666717529,0.7760517001152039
15,0.982511579990387,0.0520344004034996,0.6648451685905457,3.3025248050689697
16,0.984829306602478,0.046823542565107346,0.9262295365333557,0.288486123085022
17,0.9774547219276428,0.08314812183380127,0.7695810794830322,0.9805805683135986
18,0.9863042831420898,0.04468872770667076,0.874316930770874,0.4811210632324219
19,0.992203950881958,0.025800658389925957,0.8715847134590149,1.1125937700271606
20,0.990729033946991,0.026958584785461426,0.8469945192337036,1.1711536645889282
21,0.9877792000770569,0.03401248902082443,0.8460837602615356,1.4709422588348389
22,0.992203950881958,0.02084214985370636,0.6639344096183777,1.3532352447509766
23,0.9801938533782959,0.07453422993421555,0.8160291314125061,9.241076469421387
24,0.9863042831420898,0.04622505232691765,0.8542805314064026,1.3303717374801636
25,0.9858828783035278,0.050238046795129776,0.8287795782089233,2.4260153770446777
26,0.992836058139801,0.0253190565854311,0.8451730608940125,0.593806803226471
27,0.991571843624115,0.02833816595375538,0.8415300250053406,1.663957118988037
28,0.9959966540336609,0.01569882594048977,0.7522768378257751,1.2367087602615356
29,0.9945216774940491,0.02592228539288044,0.6985428333282471,410.7731018066406
30,0.9789296388626099,0.07425043731927872,0.8542805314064026,1.301639199256897
31,0.990939736366272,0.024818183854222298,0.8633880019187927,1.5122969150543213
32,0.974504828453064,0.14467088878154755,0.8169398903846741,23.444583892822266
33,0.9978929758071899,0.009977990761399269,0.8588342666625977,5.3618597984313965
34,0.998103678226471,0.005141357891261578,0.8652094602584839,0.9318804740905762
35,0.998946487903595,0.003547168802469969,0.8706739544868469,1.171899676322937
36,0.998314380645752,0.004469201900064945,0.8224043846130371,3.251161575317383
37,0.991361141204834,0.024309389293193817,0.8497267961502075,2.582498550415039
38,0.9964180588722229,0.01059411559253931,0.8797814249992371,1.776425838470459
39,0.9890434145927429,0.04095994681119919,0.8670309782028198,1.5109068155288696
40,0.9962073564529419,0.012701586820185184,0.8624772429466248,0.5226736068725586
41,0.9970501661300659,0.008160454221069813,0.8533697724342346,1.1676629781723022
