epoch,accuracy,loss,val_accuracy,val_loss
0,0.8099452257156372,0.6793729066848755,0.8269581198692322,0.5330560803413391
1,0.8645175099372864,0.43025273084640503,0.8214936256408691,0.6787644624710083
2,0.9072903394699097,0.29705560207366943,0.8296903371810913,0.5818967223167419
3,0.9216182231903076,0.24749068915843964,0.7987249493598938,1.2434535026550293
4,0.9279392957687378,0.25895747542381287,0.8142076730728149,0.742847740650177
5,0.9405815601348877,0.18813492357730865,0.8387978076934814,1.1310644149780273
6,0.9549093842506409,0.143429696559906,0.8642987012863159,0.7768179178237915
7,0.9584913849830627,0.1330951303243637,0.6666666865348816,1.0683526992797852
8,0.9677623510360718,0.10633012652397156,0.8014571666717529,0.8381074666976929
9,0.9681837558746338,0.12007850408554077,0.8051002025604248,1.1034150123596191
10,0.9610198140144348,0.14923182129859924,0.7367941737174988,1.5232040882110596
11,0.966919481754303,0.1064065471291542,0.7941712141036987,0.7493394613265991
12,0.9572271108627319,0.15556463599205017,0.806921660900116,1.3024678230285645
13,0.975558340549469,0.08284486085176468,0.8533697724342346,0.6155688166618347
14,0.9787189364433289,0.0680495873093605,0.7859745025634766,0.847216784954071
15,0.9797724485397339,0.054987575858831406,0.8469945192337036,0.940571129322052
16,0.9490097165107727,0.2450154572725296,0.8269581198692322,0.6893153786659241
17,0.9778761267662048,0.0670255720615387,0.8479052782058716,0.8689225912094116
18,0.985040009021759,0.046629033982753754,0.8497267961502075,0.7125712037086487
19,0.992836058139801,0.024551795795559883,0.8479052782058716,1.2857897281646729
20,0.993257462978363,0.02108771726489067,0.8561019897460938,1.2407441139221191
21,0.9890434145927429,0.03360419720411301,0.7194899916648865,2.6575024127960205
22,0.9877792000770569,0.031231677159667015,0.8296903371810913,42.91312789916992
23,0.9787189364433289,0.0861748531460762,0.8233151435852051,0.4407311975955963
24,0.9814580678939819,0.10271721333265305,0.7176684737205505,15.478645324707031
25,0.9808259606361389,0.08902754634618759,0.8706739544868469,0.6450722217559814
26,0.99051833152771,0.03175266459584236,0.8624772429466248,0.992505669593811
27,0.993257462978363,0.0181408878415823,0.9043715596199036,0.3995372951030731
28,0.9570164084434509,0.2274230420589447,0.7695810794830322,2.7453718185424805
29,0.9896755218505859,0.031327031552791595,0.8825136423110962,0.8112346529960632
30,0.992414653301239,0.024876268580555916,0.8788706660270691,0.7195438146591187
31,0.99051833152771,0.03153737261891365,0.8925318717956543,0.7128003835678101
32,0.993889570236206,0.016898663714528084,0.9162113070487976,0.5925002694129944
33,0.9898862242698669,0.03760697692632675,0.8415300250053406,3.427550792694092
34,0.992203950881958,0.022190218791365623,0.8715847134590149,0.5850290060043335
35,0.9953645467758179,0.023114923387765884,0.8661202192306519,1.2706637382507324
36,0.9970501661300659,0.008651756681501865,0.87613844871521,1.187121868133545
37,0.9964180588722229,0.008834749460220337,0.8497267961502075,2.3873462677001953
38,0.998525083065033,0.006601830944418907,0.7868852615356445,0.899743378162384
39,0.9945216774940491,0.021389354020357132,0.8315118551254272,10.82705020904541
40,0.9943109750747681,0.012480899691581726,0.8907103538513184,0.6687086820602417
41,0.991993248462677,0.021088719367980957,0.8943533897399902,0.7889971733093262
42,0.998946487903595,0.003464469686150551,0.8597449660301208,1.051910161972046
43,0.992414653301239,0.02177421748638153,0.5273224115371704,29.487890243530273
44,0.993468165397644,0.018584685400128365,0.87613844871521,2.6676318645477295
45,0.993678867816925,0.018963636830449104,0.5446265935897827,2.2668020725250244
46,0.9941002726554871,0.01651577092707157,0.8870673775672913,0.5037636160850525
47,0.9966287612915039,0.010544665157794952,0.869763195514679,1.3866889476776123
48,0.998735785484314,0.0036521723959594965,0.9080145955085754,0.4685609042644501
49,0.993889570236206,0.02021653950214386,0.8952640891075134,0.7508959174156189
