epoch,accuracy,loss,val_accuracy,val_loss
0,0.8122629523277283,0.6730501055717468,0.6329690217971802,0.7000994682312012
1,0.8621997237205505,0.48818787932395935,0.6457194685935974,0.9856747388839722
2,0.9007585048675537,0.3556443452835083,0.8214936256408691,0.9049196839332581
3,0.9112937450408936,0.29658013582229614,0.8360655903816223,1.0242127180099487
4,0.9346818327903748,0.20665545761585236,0.7641165852546692,1.3843681812286377
5,0.9481669068336487,0.15507365763187408,0.8515482544898987,0.9803406596183777
6,0.9435313940048218,0.17776678502559662,0.8424407839775085,1.8055232763290405
7,0.9500632286071777,0.16192491352558136,0.7349726557731628,0.9083119034767151
8,0.9654445648193359,0.10214933753013611,0.7613843083381653,0.6518235206604004
9,0.9523809552192688,0.2108091413974762,0.7978141903877258,6.80763578414917
10,0.9589127898216248,0.132279634475708,0.7887067198753357,0.7551115155220032
11,0.966076672077179,0.1766383945941925,0.8661202192306519,0.8373188972473145
12,0.9599663019180298,0.14842940866947174,0.8834244012832642,0.6265988945960999
13,0.982300877571106,0.04948912188410759,0.8788706660270691,0.671716034412384
14,0.98525071144104,0.050927650183439255,0.8861566781997681,0.6017016172409058
15,0.9766119122505188,0.07691109925508499,0.6657559275627136,1.493611216545105
16,0.9860935807228088,0.04459788650274277,0.749544620513916,1.6518146991729736
17,0.974294126033783,0.20531269907951355,0.5245901346206665,4.7357378005981445
18,0.9513274431228638,0.2117786556482315,0.693078339099884,0.7299593091011047
19,0.984829306602478,0.053475521504879,0.6648451685905457,0.932525634765625
20,0.974926233291626,0.09044014662504196,0.8269581198692322,0.8371293544769287
21,0.982932984828949,0.09036692976951599,0.8460837602615356,0.9288897514343262
22,0.991361141204834,0.025376470759510994,0.8469945192337036,1.1316709518432617
23,0.993468165397644,0.017985332757234573,0.8096539378166199,1.0914772748947144
24,0.991993248462677,0.028184443712234497,0.6466302275657654,6.063084602355957
25,0.9723978042602539,0.11934687942266464,0.8424407839775085,1.17354416847229
26,0.985040009021759,0.10616710036993027,0.7085610032081604,1.9993783235549927
27,0.981879472732544,0.08093411475419998,0.806010901927948,1.3852107524871826
28,0.990939736366272,0.02978026308119297,0.87613844871521,4.6500396728515625
29,0.985672116279602,0.052313853055238724,0.8588342666625977,1.354164481163025
30,0.98314368724823,0.08149925619363785,0.8861566781997681,0.7238703966140747
31,0.9949430823326111,0.019806602969765663,0.8169398903846741,0.6696566343307495
32,0.9943109750747681,0.02964594028890133,0.8096539378166199,11.13341999053955
33,0.9951537847518921,0.015431114472448826,0.8907103538513184,1.3106361627578735
34,0.9955752491950989,0.011049599386751652,0.8570127487182617,1.5698843002319336
35,0.9774547219276428,0.1372928023338318,0.8251366019248962,19.123323440551758
36,0.993468165397644,0.03880341723561287,0.8779599070549011,0.9312058687210083
37,0.993678867816925,0.017602894455194473,0.8515482544898987,1.3649940490722656
38,0.998103678226471,0.0064230794087052345,0.8561019897460938,0.8982807993888855
39,0.9978929758071899,0.004385450389236212,0.874316930770874,0.6982582807540894
