epoch,accuracy,loss,val_accuracy,val_loss
0,0.8034133911132812,0.6650117635726929,0.4653916358947754,0.8011907935142517
1,0.8558786511421204,0.4656207859516144,0.7896174788475037,1.0833344459533691
2,0.9013906717300415,0.31702494621276855,0.8014571666717529,0.8385501503944397
3,0.9138221740722656,0.2714974880218506,0.682149350643158,0.7051259279251099
4,0.9182469248771667,0.26650702953338623,0.8415300250053406,1.1504408121109009
5,0.9376316666603088,0.1906786859035492,0.8360655903816223,0.8448017239570618
6,0.9555414915084839,0.14585356414318085,0.5100182294845581,1.622056245803833
7,0.9595448970794678,0.1257825791835785,0.7577413320541382,1.296888828277588
8,0.9578592777252197,0.151185542345047,0.7686703205108643,1.1890918016433716
9,0.966498076915741,0.12260223180055618,0.8724954724311829,0.8807242512702942
10,0.9618626236915588,0.13111162185668945,0.8142076730728149,1.3052737712860107
11,0.974715530872345,0.06949123740196228,0.751366138458252,0.7668056488037109
12,0.9721871018409729,0.12451944500207901,0.8333333134651184,1.1231584548950195
13,0.975558340549469,0.0776555985212326,0.8551912307739258,1.4387807846069336
14,0.9732406139373779,0.07554600387811661,0.8269581198692322,0.8792842626571655
15,0.9858828783035278,0.052304960787296295,0.873406171798706,0.7287077307701111
16,0.982932984828949,0.05770724266767502,0.8852459192276001,0.7198531031608582
17,0.982932984828949,0.05885278806090355,0.8506374955177307,0.6456918120384216
18,0.9869363903999329,0.03633091598749161,0.7941712141036987,1.7946021556854248
19,0.984618604183197,0.06461667269468307,0.7304189205169678,2.240137815475464
20,0.984618604183197,0.056173067539930344,0.8342440724372864,1.9860554933547974
21,0.9793510437011719,0.06294691562652588,0.8105646371841431,1.1077589988708496
22,0.9799831509590149,0.08795464783906937,0.8542805314064026,1.6376287937164307
23,0.9774547219276428,0.09464498609304428,0.8424407839775085,14.060699462890625
24,0.992203950881958,0.02486811950802803,0.7786885499954224,0.7607021927833557
25,0.9949430823326111,0.016177047044038773,0.8451730608940125,1.0686395168304443
26,0.9953645467758179,0.014671766199171543,0.812386155128479,1.8240365982055664
27,0.98314368724823,0.08386711776256561,0.7841529846191406,2.6837801933288574
28,0.9875684976577759,0.042887307703495026,0.8369763493537903,1.5289185047149658
29,0.9869363903999329,0.05388253554701805,0.8515482544898987,1.1247143745422363
30,0.9871470928192139,0.06681627780199051,0.7996357083320618,0.8562953472137451
31,0.992836058139801,0.023492567241191864,0.8606557250022888,0.9645664691925049
32,0.992836058139801,0.01941657066345215,0.9061930775642395,0.6346775889396667
33,0.992836058139801,0.02653479389846325,0.8706739544868469,1.4992908239364624
34,0.990939736366272,0.040596455335617065,0.8242258429527283,2.421381950378418
35,0.991993248462677,0.023740049451589584,0.8615664839744568,2.235729217529297
36,0.990939736366272,0.03422293812036514,0.8515482544898987,0.6189461350440979
37,0.990729033946991,0.04122108221054077,0.8433515429496765,0.9407845735549927
38,0.992203950881958,0.053329721093177795,0.8970856070518494,0.6712106466293335
39,0.993468165397644,0.04928857833147049,0.8378870487213135,2.5274295806884766
40,0.9951537847518921,0.014340421184897423,0.8579235076904297,0.971907377243042
41,0.9962073564529419,0.014692963100969791,0.881602942943573,0.8875126242637634
42,0.9951537847518921,0.015344897285103798,0.8242258429527283,1.4572169780731201
43,0.9867256879806519,0.07659722119569778,0.869763195514679,1.1267609596252441
44,0.992836058139801,0.025686336681246758,0.869763195514679,3.3269288539886475
45,0.9953645467758179,0.03341369330883026,0.7149362564086914,1.4435858726501465
46,0.991782546043396,0.031947579234838486,0.8934426307678223,0.7548299431800842
47,0.9943109750747681,0.016951680183410645,0.8597449660301208,1.088228702545166
48,0.9964180588722229,0.011147362180054188,0.8442623019218445,1.3850551843643188
49,0.9949430823326111,0.01675635762512684,0.8916211128234863,0.8903020620346069
