epoch,accuracy,loss,val_accuracy,val_loss
0,0.8101559281349182,0.7295947670936584,0.7777777910232544,0.5886962413787842
1,0.8571428656578064,0.4490099549293518,0.6857923269271851,0.851102352142334
2,0.8807416558265686,0.3867427706718445,0.7704917788505554,0.8913456797599792
3,0.9075010418891907,0.33253952860832214,0.8142076730728149,1.026700496673584
4,0.9209861159324646,0.24650658667087555,0.8488160371780396,0.6159969568252563
5,0.9395280480384827,0.19222617149353027,0.8051002025604248,1.5175594091415405
6,0.9532237648963928,0.13612264394760132,0.7459016442298889,0.973046600818634
7,0.9487990140914917,0.19997483491897583,0.8296903371810913,1.3508143424987793
8,0.9570164084434509,0.129236102104187,0.8051002025604248,0.7250169515609741
9,0.9616519212722778,0.13212504982948303,0.8469945192337036,0.9804724454879761
10,0.9728192090988159,0.10719452053308487,0.8287795782089233,1.101896047592163
11,0.9656552672386169,0.17199784517288208,0.7404371500015259,2.2301268577575684
12,0.96628737449646,0.1400100290775299,0.8515482544898987,1.225585699081421
13,0.974715530872345,0.10227490216493607,0.868852436542511,0.5821307301521301
14,0.9793510437011719,0.0727795660495758,0.8615664839744568,1.3810971975326538
15,0.9774547219276428,0.09686461091041565,0.8369763493537903,1.344687819480896
16,0.982300877571106,0.06643271446228027,0.8488160371780396,1.8497669696807861
17,0.9782975316047668,0.10394210368394852,0.9034608602523804,0.610409140586853
18,0.9782975316047668,0.09679112583398819,0.7896174788475037,3.2124011516571045
19,0.9871470928192139,0.04829901084303856,0.8342440724372864,1.6386469602584839
20,0.985461413860321,0.09025556594133377,0.7987249493598938,12.099971771240234
21,0.9690265655517578,0.14145442843437195,0.8642987012863159,1.2427560091018677
22,0.9867256879806519,0.05195504054427147,0.8488160371780396,1.5518494844436646
23,0.9675516486167908,0.13906684517860413,0.8488160371780396,1.5652074813842773
24,0.991571843624115,0.025819897651672363,0.869763195514679,2.0130856037139893
25,0.990939736366272,0.02154591865837574,0.8606557250022888,3.3989522457122803
26,0.9804045557975769,0.10584042966365814,0.8561019897460938,1.801088809967041
27,0.9787189364433289,0.13870424032211304,0.7595628499984741,18.31741714477539
28,0.9768226146697998,0.12060187757015228,0.8469945192337036,0.7383562922477722
29,0.990939736366272,0.022654037922620773,0.8879781365394592,0.9259333610534668
30,0.991571843624115,0.05089299753308296,0.8506374955177307,1.4633325338363647
31,0.9892541170120239,0.04277520254254341,0.8907103538513184,0.8388074040412903
32,0.9964180588722229,0.013624616898596287,0.8597449660301208,1.7767521142959595
33,0.9970501661300659,0.015768084675073624,0.9007285833358765,1.5545903444290161
34,0.9955752491950989,0.017843136563897133,0.8506374955177307,7.457701683044434
35,0.9959966540336609,0.00919295009225607,0.8670309782028198,1.6569766998291016
36,0.9962073564529419,0.008695418946444988,0.8870673775672913,1.1184903383255005
37,0.998735785484314,0.0058623491786420345,0.8852459192276001,1.0467263460159302
38,0.9941002726554871,0.016452079638838768,0.8652094602584839,1.0348392724990845
