epoch,accuracy,loss,val_accuracy,val_loss
0,0.8038347959518433,0.7127493023872375,0.20582878589630127,1.5487858057022095
1,0.8594605922698975,0.44814881682395935,0.7322404384613037,1.2169859409332275
2,0.8950695395469666,0.3200196623802185,0.8251366019248962,0.6617844700813293
3,0.9224610328674316,0.25534218549728394,0.8488160371780396,0.7381085753440857
4,0.9325748085975647,0.23306453227996826,0.8169398903846741,1.4139342308044434
5,0.9433206915855408,0.180119127035141,0.7841529846191406,0.8572959899902344
6,0.9477454423904419,0.18629364669322968,0.6958105564117432,0.9270315170288086
7,0.9258322715759277,0.3116012215614319,0.8433515429496765,1.8173468112945557
8,0.9525916576385498,0.16321828961372375,0.7896174788475037,4.016634464263916
9,0.9582806825637817,0.14146514236927032,0.873406171798706,0.4712989032268524
10,0.9652338624000549,0.10032190382480621,0.8169398903846741,0.9981886148452759
11,0.9340497255325317,0.28562137484550476,0.9007285833358765,0.37378814816474915
12,0.9652338624000549,0.15707692503929138,0.7759562730789185,1.0820056200027466
13,0.974083423614502,0.08305992931127548,0.8515482544898987,0.6318312883377075
14,0.9713442921638489,0.12495241314172745,0.8533697724342346,0.8468674421310425
15,0.9791403412818909,0.07190988957881927,0.7358834147453308,0.7407185435295105
16,0.983565092086792,0.05618603155016899,0.8287795782089233,1.418721079826355
17,0.9787189364433289,0.06852631270885468,0.7969034314155579,0.7502581477165222
18,0.974715530872345,0.09719713777303696,0.8615664839744568,0.5440439581871033
19,0.9804045557975769,0.07437172532081604,0.7768670320510864,1.9439970254898071
20,0.9888327121734619,0.03309447318315506,0.8624772429466248,0.8867248296737671
21,0.9888327121734619,0.034375954419374466,0.869763195514679,0.6109961271286011
22,0.9768226146697998,0.09698273241519928,0.7896174788475037,3.68585205078125
23,0.9806152582168579,0.062289487570524216,0.8570127487182617,1.9378453493118286
24,0.9877792000770569,0.03636563941836357,0.8834244012832642,0.5864179730415344
25,0.9955752491950989,0.01106264814734459,0.8479052782058716,1.6024621725082397
26,0.993257462978363,0.01735694520175457,0.8497267961502075,0.8259488940238953
27,0.984197199344635,0.05206203833222389,0.8205828666687012,9.895636558532715
28,0.97576904296875,0.08809106051921844,0.8615664839744568,0.8442730903625488
29,0.993468165397644,0.019817542284727097,0.8315118551254272,5.532818794250488
30,0.991782546043396,0.024433637037873268,0.7805100083351135,0.7985956072807312
31,0.990307629108429,0.029603445902466774,0.8415300250053406,1.0952732563018799
32,0.991571843624115,0.032745786011219025,0.8570127487182617,1.05238676071167
33,0.9770333170890808,0.11723123490810394,0.8642987012863159,1.2998021841049194
34,0.9882006049156189,0.03194371610879898,0.8606557250022888,1.1347875595092773
35,0.992414653301239,0.02994820661842823,0.9034608602523804,0.5727826952934265
36,0.9962073564529419,0.015978077426552773,0.8834244012832642,0.5806508660316467
