epoch,accuracy,loss,val_accuracy,val_loss
0,0.8109987378120422,0.6997202038764954,0.30783241987228394,1.3724958896636963
1,0.8588284850120544,0.46424224972724915,0.7877960205078125,1.4258010387420654
2,0.8925411105155945,0.38845425844192505,0.8333333134651184,0.7072546482086182
3,0.9161399006843567,0.2452007234096527,0.8442623019218445,1.0001357793807983
4,0.9365781545639038,0.18695871531963348,0.8433515429496765,0.8963493704795837
5,0.9310998916625977,0.26252487301826477,0.7422586679458618,1.0421262979507446
6,0.9498525261878967,0.16473394632339478,0.813296914100647,1.9452158212661743
7,0.9502739310264587,0.18682557344436646,0.7832422852516174,0.900914192199707
8,0.9437420964241028,0.20898261666297913,0.7768670320510864,10.071016311645508
9,0.9410029649734497,0.23768280446529388,0.7258651852607727,1.2870280742645264
10,0.9639696478843689,0.11211445927619934,0.8506374955177307,1.309146523475647
11,0.9711335897445679,0.08735934644937515,0.873406171798706,1.5342071056365967
12,0.975347638130188,0.07286732643842697,0.8615664839744568,1.1301051378250122
13,0.9795617461204529,0.06193730980157852,0.812386155128479,0.8318226337432861
14,0.98525071144104,0.04314614087343216,0.8670309782028198,1.433119773864746
15,0.975979745388031,0.09944052994251251,0.7732240557670593,2.9138307571411133
16,0.9778761267662048,0.07573952525854111,0.5364298820495605,2.103259801864624
17,0.985461413860321,0.04722350090742111,0.8706739544868469,0.45509180426597595
18,0.9896755218505859,0.032393164932727814,0.7349726557731628,0.7437712550163269
19,0.9896755218505859,0.02860722690820694,0.8624772429466248,1.2581884860992432
20,0.9888327121734619,0.03496932610869408,0.9025501012802124,0.58221834897995
21,0.9875684976577759,0.04116533696651459,0.874316930770874,0.8759402632713318
22,0.991782546043396,0.022984037175774574,0.8770492076873779,1.170209288597107
23,0.990307629108429,0.03308316320180893,0.813296914100647,4.6697797775268555
24,0.9892541170120239,0.03463152050971985,0.9016393423080444,0.49001646041870117
25,0.990939736366272,0.029865674674510956,0.744080126285553,1.496903657913208
26,0.9943109750747681,0.01658579893410206,0.8606557250022888,1.2326416969299316
27,0.991571843624115,0.02906348928809166,0.8324226140975952,1.4793063402175903
28,0.9879899024963379,0.03957511857151985,0.8360655903816223,2.3498024940490723
29,0.9886220097541809,0.057157326489686966,0.7377049326896667,9.363683700561523
30,0.98525071144104,0.04868919774889946,0.8561019897460938,1.0370672941207886
31,0.9941002726554871,0.018060414120554924,0.8360655903816223,1.9691907167434692
32,0.9966287612915039,0.011414602398872375,0.8542805314064026,0.8349272608757019
33,0.9947323799133301,0.01644514501094818,0.8952640891075134,1.931982159614563
34,0.992836058139801,0.022711660712957382,0.7704917788505554,3.4705638885498047
35,0.984407901763916,0.05574525147676468,0.8360655903816223,0.7764847278594971
36,0.975558340549469,0.12819306552410126,0.7950819730758667,1.5799428224563599
37,0.982090175151825,0.08642790466547012,0.8779599070549011,0.6298237442970276
38,0.993678867816925,0.020396899431943893,0.8897996544837952,0.6572909355163574
39,0.9949430823326111,0.017100952565670013,0.8870673775672913,0.8650670051574707
40,0.9972608685493469,0.008852016180753708,0.8488160371780396,1.5211552381515503
41,0.999367892742157,0.0024288701824843884,0.8497267961502075,1.0702301263809204
42,0.999578595161438,0.00149217015132308,0.8852459192276001,1.3187633752822876
