epoch,accuracy,loss,val_accuracy,val_loss
0,0.8036240935325623,0.7010521292686462,0.5327869057655334,0.8554603457450867
1,0.8714706897735596,0.4048576056957245,0.7322404384613037,1.0147675275802612
2,0.9049726128578186,0.29738256335258484,0.8242258429527283,0.9201700687408447
3,0.9233038425445557,0.2533576488494873,0.8497267961502075,0.6633530855178833
4,0.9367888569831848,0.20825867354869843,0.817850649356842,2.5545122623443604
5,0.9477454423904419,0.1712701916694641,0.875227689743042,1.0332387685775757
6,0.9496418237686157,0.18234246969223022,0.7404371500015259,0.7063242197036743
7,0.9557521939277649,0.1513413041830063,0.7978141903877258,1.4253350496292114
8,0.9532237648963928,0.15726207196712494,0.8533697724342346,0.9043051600456238
9,0.9709228873252869,0.097095787525177,0.8561019897460938,0.7993192672729492
10,0.9624947309494019,0.12823450565338135,0.8633880019187927,0.43276622891426086
11,0.9631268382072449,0.1530497521162033,0.811475396156311,5.445111274719238
12,0.9732406139373779,0.08444900065660477,0.6785063743591309,1.069393277168274
13,0.9785082340240479,0.06546425074338913,0.8597449660301208,1.480268120765686
14,0.9799831509590149,0.06479515135288239,0.8497267961502075,1.2486308813095093
15,0.976190447807312,0.07049998641014099,0.869763195514679,0.623724639415741
16,0.9884113073348999,0.03358077257871628,0.6457194685935974,1.3956224918365479
17,0.982090175151825,0.04407469183206558,0.8315118551254272,1.0983099937438965
18,0.984618604183197,0.05075516551733017,0.8333333134651184,0.6708954572677612
19,0.990307629108429,0.026809928938746452,0.8652094602584839,1.14772629737854
20,0.9865149855613708,0.04208572581410408,0.8488160371780396,1.2340781688690186
21,0.9546986818313599,0.20820383727550507,0.7340619564056396,76.12340545654297
22,0.9627054333686829,0.1607191115617752,0.8488160371780396,0.7650911211967468
23,0.985040009021759,0.06406710296869278,0.8488160371780396,0.7990325689315796
24,0.9871470928192139,0.034117765724658966,0.8387978076934814,0.914279043674469
25,0.99262535572052,0.018617777153849602,0.8706739544868469,1.1601130962371826
26,0.9890434145927429,0.03291277587413788,0.8961748480796814,0.5337097644805908
27,0.9970501661300659,0.009133046492934227,0.8852459192276001,0.6986578702926636
28,0.9964180588722229,0.01087883859872818,0.8278688788414001,1.3760253190994263
29,0.990939736366272,0.02812315709888935,0.8533697724342346,1.9122627973556519
30,0.9953645467758179,0.014591948129236698,0.8679417371749878,1.3420751094818115
31,0.982300877571106,0.08671112358570099,0.7331511974334717,1.3081717491149902
32,0.9793510437011719,0.1444626897573471,0.8406193256378174,1.996564507484436
33,0.990096926689148,0.034344349056482315,0.8615664839744568,1.5176211595535278
34,0.99051833152771,0.07835182547569275,0.8105646371841431,3.4016623497009277
35,0.9972608685493469,0.007630867883563042,0.8351548314094543,2.604671001434326
