epoch,accuracy,loss,val_accuracy,val_loss
0,0.8034133911132812,0.6922982931137085,0.24863387644290924,1.3246819972991943
1,0.8546144366264343,0.4754331707954407,0.748633861541748,0.8231030106544495
2,0.8758955001831055,0.45655834674835205,0.8387978076934814,0.5948114991188049
3,0.9077117443084717,0.2954639792442322,0.8533697724342346,0.5768545269966125
4,0.9329962134361267,0.21805201470851898,0.8242258429527283,0.9400047659873962
5,0.9308891892433167,0.23823519051074982,0.8378870487213135,1.0870565176010132
6,0.9479561448097229,0.1930265873670578,0.6630236506462097,0.9774397611618042
7,0.9568057060241699,0.11705879122018814,0.8078324198722839,1.421483039855957
8,0.9652338624000549,0.10876599699258804,0.8251366019248962,1.4127155542373657
9,0.9589127898216248,0.11844013631343842,0.7832422852516174,1.7796142101287842
10,0.975136935710907,0.08084113895893097,0.8096539378166199,1.292694330215454
11,0.975136935710907,0.0740414708852768,0.6502732038497925,1.4368544816970825
12,0.9654445648193359,0.11861644685268402,0.8779599070549011,0.5843873023986816
13,0.9719763994216919,0.14196303486824036,0.7859745025634766,37.14312744140625
14,0.9648124575614929,0.12311476469039917,0.8451730608940125,1.0063005685806274
15,0.965865969657898,0.1652458757162094,0.8242258429527283,1.3232282400131226
16,0.974504828453064,0.10930447280406952,0.6092896461486816,1.0582811832427979
17,0.97576904296875,0.094882071018219,0.8406193256378174,2.916856288909912
18,0.991150438785553,0.027924371883273125,0.875227689743042,1.2869479656219482
19,0.9890434145927429,0.030208133161067963,0.881602942943573,0.8401157855987549
20,0.9886220097541809,0.03861501067876816,0.8397085666656494,1.3079267740249634
21,0.9542772769927979,0.19591176509857178,0.7768670320510864,35.07908248901367
22,0.9646017551422119,0.1403571516275406,0.8615664839744568,0.9740002751350403
23,0.985040009021759,0.04233541339635849,0.8597449660301208,0.6122443079948425
24,0.9629161357879639,0.19989043474197388,0.8205828666687012,25.0228214263916
25,0.9780868291854858,0.07414759695529938,0.8788706660270691,1.0602643489837646
26,0.9898862242698669,0.034506894648075104,0.8788706660270691,1.136138677597046
27,0.993257462978363,0.020039943978190422,0.874316930770874,1.1530495882034302
28,0.9959966540336609,0.014867804013192654,0.8105646371841431,0.7906462550163269
