epoch,accuracy,loss,val_accuracy,val_loss
0,0.6968632340431213,0.6476633548736572,0.48241207003593445,4.575160503387451
1,0.8042659759521484,0.4424860179424286,0.48241207003593445,15.556187629699707
2,0.8341279625892639,0.3960636258125305,0.48241207003593445,20.104848861694336
3,0.8547051548957825,0.3361910879611969,0.48241207003593445,16.464414596557617
4,0.881304919719696,0.29364514350891113,0.34924623370170593,2.8804149627685547
5,0.8928481936454773,0.2589994966983795,0.45896148681640625,2.7135961055755615
6,0.8981179594993591,0.25097188353538513,0.454773873090744,2.316358804702759
7,0.9134253263473511,0.2211882621049881,0.4907872676849365,3.4631872177124023
8,0.9129234552383423,0.21364833414554596,0.6214405298233032,2.926340103149414
9,0.9207026362419128,0.19606757164001465,0.4497487545013428,3.8462867736816406
10,0.9314931035041809,0.18428142368793488,0.38777220249176025,4.075435161590576
11,0.9302383661270142,0.17018726468086243,0.44807371497154236,3.2873284816741943
12,0.9480552077293396,0.13831080496311188,0.5569514036178589,4.3568501472473145
13,0.9390213489532471,0.15338920056819916,0.5125628113746643,6.447086811065674
14,0.9395232200622559,0.15418826043605804,0.3785594701766968,7.807407855987549
15,0.9317440390586853,0.16501446068286896,0.5787269473075867,3.4639015197753906
16,0.9382684826850891,0.15454097092151642,0.6557788848876953,4.384937763214111
17,0.9445420503616333,0.14939704537391663,0.38777220249176025,5.876101970672607
18,0.9540777802467346,0.1207471638917923,0.6817420721054077,5.544947624206543
19,0.956336259841919,0.11817202717065811,0.4681742191314697,5.230269432067871
20,0.954328715801239,0.11990154534578323,0.4539363384246826,7.6579718589782715
21,0.9498118162155151,0.14058566093444824,0.500837504863739,4.967118263244629
22,0.9595984816551208,0.10993310064077377,0.38609716296195984,6.570914268493652
23,0.9621078968048096,0.09901412576436996,0.4380234479904175,4.231018543243408
24,0.9613550901412964,0.11122816056013107,0.6113902926445007,6.44221830368042
