epoch,accuracy,loss,val_accuracy,val_loss
0,0.595984935760498,0.8166279196739197,0.5217755436897278,1.4736406803131104
1,0.70138019323349,0.6437067985534668,0.6197655200958252,1.302737832069397
2,0.7397741675376892,0.579963207244873,0.6566163897514343,0.8881345987319946
3,0.765119194984436,0.5407543182373047,0.5871021747589111,1.3314658403396606
4,0.7789209485054016,0.5001294612884521,0.5812395215034485,1.355180263519287
5,0.7796737551689148,0.5000960230827332,0.6666666865348816,1.332478404045105
6,0.783939778804779,0.48070043325424194,0.5577889680862427,1.3843992948532104
7,0.8090338706970215,0.44112685322761536,0.6005024909973145,1.1691471338272095
8,0.8102886080741882,0.4313109815120697,0.6256281137466431,1.4343910217285156
9,0.8313676118850708,0.39487746357917786,0.590452253818512,1.6514195203781128
10,0.8393977284431458,0.378071129322052,0.5787269473075867,1.8434358835220337
11,0.838895857334137,0.37904998660087585,0.5737018585205078,1.5065261125564575
12,0.8564617037773132,0.34545135498046875,0.6105527877807617,1.9706482887268066
13,0.8609786629676819,0.3395276367664337,0.5033500790596008,1.7510403394699097
14,0.8700125217437744,0.30999454855918884,0.5745393633842468,1.9540547132492065
15,0.8722710013389587,0.3065321743488312,0.552763819694519,1.530533790588379
16,0.8790464401245117,0.297625869512558,0.4874371886253357,2.2387654781341553
17,0.8868256211280823,0.2799326479434967,0.32495811581611633,4.4182844161987305
18,0.8948557376861572,0.2723436951637268,0.5586264729499817,1.5417132377624512
19,0.8946047425270081,0.26625072956085205,0.6139028668403625,1.7275574207305908
20,0.9043914675712585,0.2391619235277176,0.49246230721473694,2.5226736068725586
21,0.8993726372718811,0.24660584330558777,0.5879396796226501,1.8448106050491333
22,0.9069008827209473,0.22967739403247833,0.6515913009643555,1.405544400215149
