epoch,accuracy,loss,val_accuracy,val_loss
0,0.6803011298179626,0.7031375169754028,0.48157453536987305,6.841854095458984
1,0.7395232319831848,0.5725090503692627,0.4380234479904175,16.672100067138672
2,0.7959849238395691,0.4543454051017761,0.48241207003593445,31.3794002532959
3,0.8022584915161133,0.4590549170970917,0.48241207003593445,23.711702346801758
4,0.8102886080741882,0.42717063426971436,0.4522612988948822,27.567434310913086
5,0.8240903615951538,0.42283135652542114,0.09798994660377502,4.262228965759277
6,0.8283563256263733,0.4169100522994995,0.4078727066516876,16.59465217590332
7,0.8426599502563477,0.3880506753921509,0.4773869216442108,14.818755149841309
8,0.850941002368927,0.35504522919654846,0.4246231019496918,8.158404350280762
9,0.8479297161102295,0.37494930624961853,0.48241207003593445,22.045608520507812
10,0.8614805340766907,0.3526836037635803,0.4539363384246826,6.03910493850708
11,0.8672521710395813,0.31593742966651917,0.3944723606109619,3.3000340461730957
12,0.8675031661987305,0.32203394174575806,0.47152429819107056,4.782157897949219
13,0.8835633397102356,0.2908911108970642,0.520100474357605,3.346189022064209
14,0.8797992467880249,0.31856435537338257,0.43216079473495483,9.674090385437012
15,0.8659974932670593,0.3503604233264923,0.4782244563102722,49.081722259521484
16,0.8890840411186218,0.298994779586792,0.454773873090744,61.59954833984375
17,0.9069008827209473,0.25009191036224365,0.5033500790596008,7.085982322692871
18,0.9011292457580566,0.2544485330581665,0.5276381969451904,6.818154811859131
19,0.9111668467521667,0.24164406955242157,0.5209380388259888,9.387803077697754
20,0.9174404144287109,0.23575454950332642,0.4497487545013428,3.6595375537872314
21,0.9036386609077454,0.2617860436439514,0.6348408460617065,5.219316482543945
22,0.9262233376502991,0.19796064496040344,0.48241207003593445,15.355375289916992
23,0.9299874305725098,0.2024397999048233,0.38944724202156067,4.96095609664917
24,0.8700125217437744,0.3249289393424988,0.48241207003593445,19.619483947753906
