epoch,accuracy,loss,val_accuracy,val_loss
0,0.6860727667808533,0.6805879473686218,0.4522612988948822,8.244926452636719
1,0.7518193125724792,0.5337831377983093,0.48241207003593445,35.23994827270508
2,0.7959849238395691,0.4687557816505432,0.4380234479904175,17.368330001831055
3,0.7889586091041565,0.4998328685760498,0.48241207003593445,13.615806579589844
4,0.82961106300354,0.3971894681453705,0.4522612988948822,25.106815338134766
5,0.8203262090682983,0.4117128252983093,0.45728641748428345,8.82086181640625
6,0.8022584915161133,0.44511109590530396,0.5268006920814514,1.5156927108764648
7,0.8373901844024658,0.3966914117336273,0.2512562870979309,12.040491104125977
8,0.8398995995521545,0.3786991238594055,0.6524288058280945,1.5013564825057983
9,0.8411543369293213,0.3628149628639221,0.402010053396225,4.23952579498291
10,0.8398995995521545,0.3831058442592621,0.49664992094039917,10.994373321533203
11,0.8383939862251282,0.4060332179069519,0.3944723606109619,8.093805313110352
12,0.8529485464096069,0.3574267625808716,0.48241207003593445,7.509693622589111
13,0.8707653880119324,0.3203073740005493,0.37269681692123413,8.1707124710083
14,0.8680050373077393,0.32990115880966187,0.3458961546421051,15.115924835205078
15,0.8752822875976562,0.3222736418247223,0.4070351719856262,3.703193187713623
16,0.8632371425628662,0.3213568925857544,0.6189279556274414,5.334208965301514
17,0.8647427558898926,0.35066577792167664,0.402010053396225,2.4482293128967285
18,0.8843162059783936,0.30499204993247986,0.46984925866127014,15.802947044372559
19,0.8667502999305725,0.3249852955341339,0.5871021747589111,1.7848683595657349
20,0.888582170009613,0.2749243974685669,0.48241207003593445,12.69650936126709
21,0.8946047425270081,0.26777005195617676,0.41289782524108887,17.65647315979004
22,0.9101631045341492,0.22267094254493713,0.5854271650314331,8.9938325881958
23,0.9046424031257629,0.2504394054412842,0.5268006920814514,7.1196184158325195
24,0.8755332231521606,0.3239220678806305,0.5753768682479858,2.4426169395446777
