epoch,accuracy,loss,val_accuracy,val_loss
0,0.6238393783569336,0.8262838125228882,0.48241207003593445,17.47815704345703
1,0.6941028833389282,0.6748691201210022,0.5561138987541199,0.853131890296936
2,0.7081555724143982,0.6608697772026062,0.48241207003593445,31.259437561035156
3,0.6624842882156372,0.7318768501281738,0.48241207003593445,3.9226598739624023
4,0.7016311287879944,0.6315014362335205,0.4154103994369507,2.001976490020752
5,0.694604754447937,0.663197934627533,0.5083752274513245,6.637916088104248
6,0.7131744027137756,0.6024457216262817,0.48241207003593445,11.009693145751953
7,0.7199498414993286,0.5965115427970886,0.4388609826564789,1.6975775957107544
8,0.7149310111999512,0.5974253416061401,0.5636515617370605,1.358646273612976
9,0.74153071641922,0.5858717560768127,0.5108878016471863,1.6738399267196655
10,0.7455458045005798,0.5784500241279602,0.48241207003593445,56.66740417480469
11,0.7440401315689087,0.5615187287330627,0.5175879597663879,1.9985288381576538
12,0.7633625864982605,0.5357978940010071,0.6038525700569153,2.7167298793792725
13,0.7909660935401917,0.48917555809020996,0.4623115658760071,2.29044508934021
14,0.7706398963928223,0.5129472613334656,0.4061976671218872,2.5311496257781982
15,0.754328727722168,0.544396698474884,0.5929648280143738,1.3404954671859741
16,0.7947302460670471,0.45828908681869507,0.5879396796226501,0.7613273859024048
17,0.806022584438324,0.4554081857204437,0.591289758682251,1.124732494354248
18,0.8090338706970215,0.4491308629512787,0.4313232898712158,2.184401750564575
19,0.8010037541389465,0.4722612202167511,0.5443885922431946,2.0946972370147705
20,0.8050188422203064,0.4611603021621704,0.6323283314704895,2.601294755935669
21,0.8070263266563416,0.4495464563369751,0.5276381969451904,0.9894676208496094
22,0.8291091322898865,0.4298744797706604,0.6365159153938293,1.0753817558288574
23,0.8381430506706238,0.40627509355545044,0.43718594312667847,1.44794762134552
24,0.8225846886634827,0.4342319369316101,0.5586264729499817,1.2844895124435425
