epoch,accuracy,loss,val_accuracy,val_loss
0,0.5613550543785095,0.8447084426879883,0.48241207003593445,1.434923529624939
1,0.6988707780838013,0.6652112007141113,0.48241207003593445,3.552741289138794
2,0.7756587266921997,0.5354323983192444,0.48241207003593445,5.152873516082764
3,0.7806775569915771,0.4874930679798126,0.49497488141059875,3.6846201419830322
4,0.8070263266563416,0.45002949237823486,0.47236180305480957,1.683079481124878
5,0.8245922327041626,0.42182859778404236,0.6448911428451538,1.159796118736267
6,0.8318694829940796,0.4036087691783905,0.6381909251213074,1.3607269525527954
7,0.8336260914802551,0.3819708824157715,0.5929648280143738,1.319143533706665
8,0.8504391312599182,0.3566093146800995,0.6264656782150269,1.4342312812805176
9,0.8554579615592957,0.35126376152038574,0.589614748954773,1.5819870233535767
10,0.868506908416748,0.3277028799057007,0.5092127323150635,1.5722042322158813
11,0.8672521710395813,0.3151257336139679,0.7102177739143372,1.3122485876083374
12,0.8772898316383362,0.30193454027175903,0.6189279556274414,1.719534993171692
13,0.8888331055641174,0.2878246307373047,0.5745393633842468,1.8626397848129272
14,0.8770388960838318,0.28862088918685913,0.6499162316322327,1.5925569534301758
15,0.895357608795166,0.2643931806087494,0.6658291220664978,1.7287628650665283
16,0.9031367897987366,0.25278806686401367,0.6381909251213074,1.6206752061843872
17,0.9053952097892761,0.2528552711009979,0.6767169237136841,1.795510172843933
18,0.9071518182754517,0.23958620429039001,0.6314907670021057,1.6148110628128052
19,0.9114178419113159,0.22807566821575165,0.6633166074752808,1.6940878629684448
20,0.9176913499832153,0.215895876288414,0.6934673190116882,2.160236120223999
21,0.920200765132904,0.2156173586845398,0.6482412219047546,2.10073184967041
22,0.922208309173584,0.20274809002876282,0.6524288058280945,1.8052146434783936
23,0.9196988940238953,0.2028862088918686,0.6021775603294373,2.2871432304382324
24,0.9279799461364746,0.19080081582069397,0.6733668446540833,1.779427170753479
