epoch,accuracy,loss,val_accuracy,val_loss
0,0.5972396731376648,0.8305425643920898,0.48241207003593445,2.7887463569641113
1,0.728230893611908,0.6258350014686584,0.4656616449356079,3.363036632537842
2,0.7528231143951416,0.5543686151504517,0.5159128904342651,1.2405370473861694
3,0.7856963872909546,0.4889295697212219,0.5921273231506348,1.181718111038208
4,0.8143036365509033,0.4432598650455475,0.6222780346870422,1.2683128118515015
5,0.8115432858467102,0.4452303946018219,0.49413734674453735,1.332053542137146
6,0.824843168258667,0.404436320066452,0.4907872676849365,1.5841695070266724
7,0.8464241027832031,0.37372174859046936,0.6139028668403625,1.6473760604858398
8,0.8521957397460938,0.360971063375473,0.5921273231506348,1.4466396570205688
9,0.8534504175186157,0.342107355594635,0.4405360221862793,1.8730452060699463
10,0.8644918203353882,0.32139405608177185,0.6155778765678406,1.6855605840682983
11,0.8808029890060425,0.2916697859764099,0.6113902926445007,1.7593053579330444
12,0.8780426383018494,0.29693612456321716,0.572026789188385,2.0170416831970215
13,0.8888331055641174,0.27797576785087585,0.5041875839233398,2.392739772796631
14,0.8915934562683105,0.27424928545951843,0.6097152233123779,1.8927650451660156
15,0.896612286567688,0.263871967792511,0.5259631276130676,2.362325668334961
16,0.9076536893844604,0.23865076899528503,0.5862646698951721,2.345676898956299
17,0.9084064960479736,0.23159554600715637,0.6105527877807617,2.1107916831970215
18,0.9038895964622498,0.23460832238197327,0.5092127323150635,2.8278355598449707
19,0.9156838059425354,0.21990901231765747,0.6649916172027588,1.9938098192214966
20,0.9171894788742065,0.21310286223888397,0.4614740312099457,2.318256139755249
21,0.9284818172454834,0.20185647904872894,0.49664992094039917,2.628274917602539
22,0.9199498295783997,0.21558575332164764,0.6708542704582214,2.363405466079712
23,0.9232120513916016,0.19741997122764587,0.6214405298233032,2.2451868057250977
