epoch,accuracy,loss,val_accuracy,val_loss
0,0.641656219959259,0.7418663501739502,0.47989949584007263,4.951915740966797
1,0.7435382604598999,0.5694977641105652,0.5251256227493286,1.0188660621643066
2,0.771141767501831,0.5086173415184021,0.520100474357605,3.744511127471924
3,0.8025094270706177,0.4423617422580719,0.49413734674453735,3.6220016479492188
4,0.818820595741272,0.40551772713661194,0.4773869216442108,1.9580237865447998
5,0.8584692478179932,0.3343200981616974,0.5058626532554626,1.373450517654419
6,0.8629862070083618,0.32105594873428345,0.5954774022102356,1.9394502639770508
7,0.8730238676071167,0.30044999718666077,0.6582914590835571,0.9501355886459351
8,0.8775407671928406,0.2962595820426941,0.4748743772506714,3.9607174396514893
9,0.8968632221221924,0.25133171677589417,0.5376884341239929,3.2897818088531494
10,0.9046424031257629,0.2395581752061844,0.7177554368972778,2.5987026691436768
11,0.9124215841293335,0.2087068110704422,0.5368509292602539,4.380028247833252
12,0.9191969633102417,0.19932210445404053,0.4757118821144104,3.1323471069335938
13,0.9219573140144348,0.20224587619304657,0.45896148681640625,2.4076898097991943
14,0.9257214665412903,0.18449385464191437,0.48241207003593445,4.487864971160889
15,0.9340025186538696,0.17713256180286407,0.4782244563102722,9.386268615722656
16,0.9352571964263916,0.16725093126296997,0.4539363384246826,3.324974536895752
17,0.9480552077293396,0.1479419618844986,0.5611390471458435,5.490739822387695
18,0.9508155584335327,0.1369616538286209,0.4983249604701996,2.3529646396636963
19,0.9510664939880371,0.13861924409866333,0.6113902926445007,3.7544991970062256
20,0.960351288318634,0.10697761923074722,0.6130653023719788,1.6796051263809204
21,0.9565871953964233,0.12430799752473831,0.4413735270500183,5.6705708503723145
22,0.9525721669197083,0.12167232483625412,0.5603014826774597,1.9516561031341553
23,0.9555834531784058,0.11409244686365128,0.5368509292602539,2.031290292739868
24,0.9648682475090027,0.09617508202791214,0.5946398377418518,6.34173583984375
