epoch,accuracy,loss,val_accuracy,val_loss
0,0.6667503118515015,0.7261689305305481,0.48241207003593445,20.982784271240234
1,0.7184441685676575,0.626488208770752,0.44639864563941956,6.738156795501709
2,0.7307402491569519,0.5962535738945007,0.45728641748428345,7.984197616577148
3,0.7739021182060242,0.5005514025688171,0.2495812326669693,8.85471248626709
4,0.7741530537605286,0.5202004313468933,0.48241207003593445,20.349119186401367
5,0.7994981408119202,0.47917410731315613,0.48324957489967346,1.456141471862793
6,0.7939774394035339,0.46514034271240234,0.4681742191314697,1.627152681350708
7,0.8220828175544739,0.42668840289115906,0.43299832940101624,2.3203141689300537
8,0.8356336355209351,0.40041670203208923,0.4782244563102722,17.640487670898438
9,0.8371392488479614,0.3941229283809662,0.5753768682479858,3.390382766723633
10,0.8459222316741943,0.3922092020511627,0.48241207003593445,117.92538452148438
11,0.837641179561615,0.4016686975955963,0.5175879597663879,3.2664244174957275
12,0.8587201833724976,0.35103580355644226,0.47319933772087097,2.51824951171875
13,0.8469259738922119,0.3790953457355499,0.285594642162323,12.004175186157227
14,0.8607277274131775,0.33392584323883057,0.4748743772506714,15.745460510253906
15,0.8687578439712524,0.3431316316127777,0.4304857552051544,16.290433883666992
16,0.8642408847808838,0.3304026424884796,0.38777220249176025,21.10552978515625
17,0.8762860894203186,0.306996613740921,0.5544388890266418,4.992265224456787
18,0.8657465577125549,0.31889358162879944,0.48241207003593445,49.55598831176758
19,0.87176913022995,0.31679877638816833,0.4673366844654083,8.508553504943848
20,0.8035131692886353,0.4835833013057709,0.5871021747589111,6.885588645935059
21,0.8273525834083557,0.41756704449653625,0.40033501386642456,3.505638837814331
22,0.8614805340766907,0.34035196900367737,0.5577889680862427,5.5779194831848145
23,0.8491844534873962,0.374035120010376,0.3467336595058441,2.91645884513855
24,0.8680050373077393,0.30792203545570374,0.32830819487571716,7.083071708679199
