epoch,accuracy,loss,val_accuracy,val_loss
0,0.6981179714202881,0.6519941687583923,0.48241207003593445,2.4397683143615723
1,0.8155583143234253,0.41685760021209717,0.48241207003593445,7.251500129699707
2,0.8461731672286987,0.3597135841846466,0.48241207003593445,13.9061861038208
3,0.8521957397460938,0.33792567253112793,0.48241207003593445,22.087610244750977
4,0.8910915851593018,0.2669227123260498,0.48241207003593445,27.777082443237305
5,0.8963613510131836,0.26040899753570557,0.48241207003593445,25.138938903808594
6,0.909410297870636,0.23776930570602417,0.48241207003593445,26.027624130249023
7,0.9079046249389648,0.22655647993087769,0.454773873090744,17.67527961730957
8,0.9252195954322815,0.19323799014091492,0.45812395215034485,12.910439491271973
9,0.9332497119903564,0.17704758048057556,0.4036850929260254,7.3861403465271
10,0.9332497119903564,0.17011505365371704,0.49581238627433777,5.158578395843506
11,0.9382684826850891,0.15326689183712006,0.5603014826774597,5.0386152267456055
12,0.9312421679496765,0.171120285987854,0.5963149070739746,4.831516742706299
13,0.9264742732048035,0.18704743683338165,0.5561138987541199,6.216408729553223
14,0.9412798285484314,0.1484488546848297,0.590452253818512,5.048508644104004
15,0.9500627517700195,0.13044215738773346,0.5385259389877319,6.112009525299072
16,0.9500627517700195,0.12767578661441803,0.6289782524108887,4.162312030792236
17,0.943538248538971,0.14323283731937408,0.38609716296195984,3.606957197189331
18,0.9485570788383484,0.13030026853084564,0.591289758682251,4.62102746963501
19,0.9540777802467346,0.11717105656862259,0.6055276393890381,5.532815456390381
20,0.9490589499473572,0.12889330089092255,0.45561137795448303,5.05214262008667
