epoch,accuracy,loss,val_accuracy,val_loss
0,0.6398996114730835,0.7645735740661621,0.48241207003593445,3.828033447265625
1,0.7033876776695251,0.6365355849266052,0.39698493480682373,7.829864025115967
2,0.7480552196502686,0.5612316727638245,0.4874371886253357,1.8610641956329346
3,0.779171884059906,0.4918459951877594,0.4874371886253357,2.312739610671997
4,0.7994981408119202,0.44239911437034607,0.4522612988948822,1.4166884422302246
5,0.8281053900718689,0.39834800362586975,0.34170854091644287,5.1484375
6,0.8439146876335144,0.366201251745224,0.520100474357605,2.6376428604125977
7,0.8632371425628662,0.33071380853652954,0.5418760180473328,1.6537559032440186
8,0.8700125217437744,0.30855002999305725,0.6072027087211609,2.0934994220733643
9,0.8755332231521606,0.28951123356819153,0.37269681692123413,3.3734195232391357
10,0.8971141576766968,0.26193490624427795,0.5318257808685303,2.9272167682647705
11,0.9018820524215698,0.23079869151115417,0.45812395215034485,2.4395341873168945
12,0.9164366126060486,0.21544194221496582,0.4296482503414154,6.005898475646973
13,0.9149309992790222,0.19786854088306427,0.44556114077568054,5.030763626098633
14,0.9181932210922241,0.20797330141067505,0.44639864563941956,4.204783916473389
15,0.923462986946106,0.19999884068965912,0.5996649861335754,2.7443480491638184
16,0.9309912323951721,0.18020112812519073,0.4137353301048279,4.603965759277344
17,0.9387704133987427,0.17136576771736145,0.47319933772087097,4.859824180603027
18,0.935508131980896,0.16317805647850037,0.5845896005630493,7.4596076011657715
19,0.9450439214706421,0.1477184146642685,0.5108878016471863,3.2191123962402344
20,0.9432873129844666,0.145586296916008,0.589614748954773,5.246382713317871
21,0.9573400020599365,0.1155131608247757,0.5762144327163696,3.5015575885772705
22,0.9510664939880371,0.1318088322877884,0.6675041913986206,4.579974174499512
23,0.9500627517700195,0.13559088110923767,0.5393635034561157,1.6954773664474487
24,0.9601003527641296,0.11007770895957947,0.5678392052650452,2.637376308441162
