epoch,accuracy,loss,val_accuracy,val_loss
0,0.6803011298179626,0.6747058033943176,0.48241207003593445,9.741897583007812
1,0.766373872756958,0.5157043933868408,0.48241207003593445,6.792279243469238
2,0.7889586091041565,0.46203160285949707,0.47236180305480957,2.085238456726074
3,0.8288581967353821,0.3972683250904083,0.6365159153938293,1.5218937397003174
4,0.8444165587425232,0.35746482014656067,0.4262981712818146,3.07755970954895
5,0.862484335899353,0.3212535083293915,0.2504187524318695,3.116457223892212
6,0.8659974932670593,0.3079967498779297,0.5167503952980042,2.3530967235565186
7,0.8925972580909729,0.2658209204673767,0.6164153814315796,2.017709493637085
8,0.8903387784957886,0.26801973581314087,0.5661641359329224,2.331608533859253
9,0.9091593623161316,0.2389354407787323,0.6013400554656982,2.6236889362335205
10,0.914178192615509,0.21181553602218628,0.6105527877807617,3.954336404800415
11,0.9269761443138123,0.18781496584415436,0.6264656782150269,1.8516716957092285
12,0.9297364950180054,0.1790778636932373,0.3601340055465698,4.880966663360596
13,0.9284818172454834,0.18925899267196655,0.4380234479904175,4.565790176391602
14,0.9347553253173828,0.17329908907413483,0.43551087379455566,2.558650493621826
15,0.9390213489532471,0.16292059421539307,0.7252931594848633,1.2857050895690918
16,0.9297364950180054,0.16085310280323029,0.6398659944534302,2.5544381141662598
17,0.948306143283844,0.1363399624824524,0.41289782524108887,10.724956512451172
18,0.9445420503616333,0.14083662629127502,0.6549413800239563,4.15907621383667
19,0.943538248538971,0.13895219564437866,0.6993299722671509,3.6069679260253906
20,0.9555834531784058,0.1194988489151001,0.259631484746933,5.745492935180664
21,0.9545796513557434,0.12688463926315308,0.48324957489967346,4.563000202178955
22,0.9553325176239014,0.12268664687871933,0.48157453536987305,7.025317192077637
23,0.9598494172096252,0.10079652070999146,0.5368509292602539,4.238602638244629
24,0.9656210541725159,0.09883753210306168,0.624790608882904,4.932140350341797
