epoch,accuracy,loss,val_accuracy,val_loss
0,0.4910915791988373,2.1744625568389893,0.48241207003593445,0.9756450057029724
1,0.505395233631134,1.010408878326416,0.48241207003593445,0.984706461429596
2,0.5038895606994629,1.0060877799987793,0.48241207003593445,1.0112093687057495
3,0.5051442980766296,1.0062752962112427,0.48241207003593445,1.026957631111145
4,0.5079046487808228,1.0050921440124512,0.48241207003593445,0.9772497415542603
5,0.5048933625221252,1.0023008584976196,0.48241207003593445,0.9901334643363953
6,0.5091593265533447,1.0022213459014893,0.48241207003593445,0.9986252188682556
7,0.5071518421173096,1.0036011934280396,0.39698493480682373,0.9987639784812927
8,0.5021330118179321,1.0093690156936646,0.48241207003593445,0.9936297535896301
9,0.5028858184814453,1.0041660070419312,0.48241207003593445,0.9798188209533691
10,0.5036386251449585,1.0078914165496826,0.48241207003593445,1.0014065504074097
11,0.5021330118179321,1.0059736967086792,0.48241207003593445,0.9824032783508301
12,0.5041405558586121,1.0044602155685425,0.48241207003593445,0.9819197058677673
13,0.5018820762634277,1.0013681650161743,0.48241207003593445,1.0578800439834595
14,0.5028858184814453,1.003499984741211,0.48241207003593445,1.001631498336792
15,0.507402777671814,1.0026774406433105,0.48241207003593445,0.9990707635879517
16,0.5051442980766296,1.0058046579360962,0.48241207003593445,0.9833508729934692
17,0.5023839473724365,1.0080032348632812,0.48241207003593445,1.0044089555740356
18,0.5104140639305115,1.0056333541870117,0.48241207003593445,0.98511803150177
19,0.500627338886261,1.0053515434265137,0.48241207003593445,0.9972665309906006
20,0.507402777671814,1.0050716400146484,0.48241207003593445,0.9768186807632446
