epoch,accuracy,loss,val_accuracy,val_loss
0,0.48557087779045105,2.533792018890381,0.48241207003593445,1.0375185012817383
1,0.505395233631134,1.0336086750030518,0.48241207003593445,0.9965804815292358
2,0.5031367540359497,1.0127131938934326,0.48241207003593445,0.9743892550468445
3,0.5129234790802002,1.0529632568359375,0.48241207003593445,0.9924229383468628
4,0.5131744146347046,1.6316531896591187,0.4790619909763336,0.994760274887085
5,0.5028858184814453,1.1453381776809692,0.48241207003593445,0.9783193469047546
6,0.5136762857437134,1.1125563383102417,0.48241207003593445,0.9841129779815674
7,0.5091593265533447,1.0028386116027832,0.48241207003593445,1.0423463582992554
8,0.5136762857437134,1.0023853778839111,0.48241207003593445,0.9829580187797546
9,0.5136762857437134,1.0006976127624512,0.48241207003593445,0.9740642309188843
10,0.501380205154419,1.0072795152664185,0.48241207003593445,0.976660966873169
11,0.5101631283760071,1.0016242265701294,0.48241207003593445,1.000450611114502
12,0.5091593265533447,1.7072436809539795,0.48241207003593445,568.1190795898438
13,0.5109159350395203,0.9989017248153687,0.48241207003593445,0.9833541512489319
14,0.5119196772575378,1.1710923910140991,0.48241207003593445,0.9881885051727295
15,0.5101631283760071,1.0062626600265503,0.48241207003593445,0.9882667064666748
16,0.5136762857437134,1.0007953643798828,0.48241207003593445,0.9894002079963684
17,0.5136762857437134,1.003387451171875,0.48241207003593445,1.0361621379852295
18,0.5111668705940247,1.0017971992492676,0.48241207003593445,0.9783244132995605
19,0.5136762857437134,1.0014512538909912,0.48241207003593445,1.0164682865142822
20,0.5041405558586121,1.0035078525543213,0.48241207003593445,0.9974929690361023
21,0.5136762857437134,1.0026851892471313,0.48241207003593445,0.9810047745704651
22,0.505395233631134,1.0028748512268066,0.48241207003593445,0.9840611219406128
23,0.5028858184814453,11.593567848205566,0.48241207003593445,0.9756314158439636
24,0.5139272212982178,1.1323367357254028,0.48241207003593445,0.9895605444908142
