epoch,accuracy,loss,val_accuracy,val_loss
0,0.4996235966682434,2.2725226879119873,0.48241207003593445,0.9819310307502747
1,0.5136762857437134,1.005879282951355,0.48241207003593445,0.9896666407585144
2,0.5136762857437134,1.0044108629226685,0.48241207003593445,0.9791789054870605
3,0.5129234790802002,1.0299533605575562,0.48241207003593445,0.9751619696617126
4,0.5136762857437134,0.9986507892608643,0.48241207003593445,1.0075509548187256
5,0.5056461691856384,1.2739670276641846,0.48241207003593445,0.9821910262107849
6,0.5129234790802002,1.1226608753204346,0.48241207003593445,1.0286725759506226
7,0.5136762857437134,1.0542117357254028,0.48241207003593445,0.9860500693321228
8,0.5136762857437134,0.9983248710632324,0.48241207003593445,0.9774819016456604
9,0.5136762857437134,0.9978009462356567,0.48241207003593445,0.9874566197395325
10,0.5136762857437134,0.9991527795791626,0.48241207003593445,0.9952304363250732
11,0.506649911403656,0.9986786842346191,0.48241207003593445,0.9969151020050049
12,0.5043914914131165,1.0001112222671509,0.48241207003593445,0.9996935129165649
13,0.5136762857437134,1.0005409717559814,0.48241207003593445,0.9797530174255371
14,0.5031367540359497,1.001123309135437,0.48241207003593445,0.9990697503089905
15,0.5136762857437134,1.0043723583221436,0.48241207003593445,0.9760836362838745
16,0.5136762857437134,1.0221583843231201,0.48241207003593445,1.0071271657943726
17,0.5136762857437134,0.9975895881652832,0.48241207003593445,0.9969953894615173
18,0.5136762857437134,0.9976353049278259,0.48241207003593445,0.9952728748321533
19,0.5136762857437134,0.9967846274375916,0.48241207003593445,0.9824386239051819
20,0.5136762857437134,0.9994052052497864,0.48241207003593445,1.0054981708526611
21,0.5136762857437134,1.007746696472168,0.48241207003593445,0.9753247499465942
22,0.5136762857437134,1.001970887184143,0.48241207003593445,0.9773856997489929
23,0.5136762857437134,1.0003671646118164,0.48241207003593445,0.9934542179107666
