epoch,accuracy,loss,val_accuracy,val_loss
0,0.47603511810302734,2.878859281539917,0.48241207003593445,9.709519386291504
1,0.5129234790802002,1.0899401903152466,0.48241207003593445,25.693490982055664
2,0.5129234790802002,1.0121222734451294,0.48241207003593445,2.476142406463623
3,0.5136762857437134,0.9690085053443909,0.48241207003593445,0.9825682640075684
4,0.5136762857437134,0.9616178870201111,0.48241207003593445,0.9842456579208374
5,0.49887076020240784,1.0083165168762207,0.48241207003593445,0.9799736142158508
6,0.513425350189209,0.9791176319122314,0.48241207003593445,0.9738620519638062
7,0.5131744146347046,0.9713253974914551,0.48241207003593445,0.9809232950210571
8,0.5136762857437134,0.9550219774246216,0.48241207003593445,0.974277913570404
9,0.5136762857437134,0.9889996647834778,0.48241207003593445,0.9874311685562134
10,0.5136762857437134,0.9912599921226501,0.48241207003593445,0.991487979888916
11,0.5136762857437134,0.9930956363677979,0.48241207003593445,0.9917743802070618
12,0.5136762857437134,0.9924299120903015,0.48241207003593445,0.9953718781471252
13,0.5136762857437134,0.9926468729972839,0.48241207003593445,0.9797110557556152
14,0.513425350189209,0.9957783818244934,0.48241207003593445,0.976399302482605
15,0.5136762857437134,0.9959592223167419,0.48241207003593445,0.9886950850486755
16,0.5136762857437134,0.9960920810699463,0.48241207003593445,0.9767228364944458
17,0.5136762857437134,0.9959005117416382,0.48241207003593445,0.9812982678413391
18,0.513425350189209,1.0021792650222778,0.48241207003593445,0.979057788848877
19,0.5136762857437134,0.9980425238609314,0.48241207003593445,0.9796208739280701
20,0.5136762857437134,0.9982735514640808,0.48241207003593445,0.9918394684791565
21,0.5136762857437134,0.9965900182723999,0.48241207003593445,0.9776002168655396
22,0.5136762857437134,0.9961596131324768,0.48241207003593445,0.9820712208747864
23,0.5136762857437134,0.997517466545105,0.48241207003593445,0.9942702651023865
24,0.5136762857437134,0.9991568326950073,0.48241207003593445,1.0014069080352783
