epoch,accuracy,loss,val_accuracy,val_loss
0,0.49134254455566406,2.0941362380981445,0.48241207003593445,0.9868731498718262
1,0.5003764033317566,1.0052320957183838,0.48241207003593445,1.0073765516281128
2,0.5036386251449585,0.9997380375862122,0.48241207003593445,0.993870198726654
3,0.5136762857437134,0.9991994500160217,0.48241207003593445,1.0123909711837769
4,0.5076537132263184,1.0031644105911255,0.48241207003593445,0.9771382212638855
5,0.513425350189209,1.0271953344345093,0.48241207003593445,0.9814570546150208
6,0.5136762857437134,1.0177791118621826,0.48241207003593445,0.9762663245201111
7,0.5136762857437134,1.0172423124313354,0.48241207003593445,0.9869193434715271
8,0.5136762857437134,1.012885570526123,0.48241207003593445,0.9894179105758667
9,0.507402777671814,1.039973258972168,0.48241207003593445,0.9748546481132507
10,0.5136762857437134,1.047673225402832,0.48241207003593445,0.9761937260627747
11,0.5136762857437134,1.0179619789123535,0.48241207003593445,0.980346143245697
12,0.5136762857437134,0.9971525073051453,0.48241207003593445,0.9873260259628296
13,0.5136762857437134,0.9980907440185547,0.48241207003593445,0.983563244342804
14,0.5136762857437134,0.9976027011871338,0.48241207003593445,0.984581708908081
15,0.5136762857437134,0.9983225464820862,0.48241207003593445,0.9859325885772705
16,0.5091593265533447,0.9991031289100647,0.48241207003593445,0.9738299250602722
17,0.5099121928215027,0.9995912313461304,0.48241207003593445,0.9798739552497864
18,0.5136762857437134,0.9973593950271606,0.48241207003593445,0.9759880304336548
19,0.5136762857437134,0.9978119730949402,0.48241207003593445,0.9812852144241333
20,0.5136762857437134,0.9978175759315491,0.48241207003593445,0.9978852272033691
21,0.5136762857437134,1.0004768371582031,0.48241207003593445,0.9957289695739746
22,0.5136762857437134,1.0003770589828491,0.48241207003593445,1.0029957294464111
23,0.5136762857437134,0.9989995956420898,0.48241207003593445,0.9788235425949097
24,0.5136762857437134,0.9974836707115173,0.48241207003593445,0.9830776453018188
