epoch,accuracy,loss,val_accuracy,val_loss
0,0.700627326965332,0.6347677707672119,0.48241207003593445,2.181173801422119
1,0.7964868545532227,0.4547713100910187,0.48241207003593445,6.444266319274902
2,0.8429109454154968,0.36006829142570496,0.48241207003593445,11.439698219299316
3,0.8780426383018494,0.2992492914199829,0.48241207003593445,16.66139793395996
4,0.8890840411186218,0.2764052748680115,0.48241207003593445,21.642807006835938
5,0.8840652704238892,0.28121259808540344,0.48241207003593445,19.319766998291016
6,0.915432870388031,0.21898134052753448,0.48241207003593445,20.0992374420166
7,0.9101631045341492,0.22023402154445648,0.47236180305480957,13.758624076843262
8,0.9036386609077454,0.23632556200027466,0.3433835804462433,7.48701286315918
9,0.9267252087593079,0.18840329349040985,0.4790619909763336,8.281149864196777
10,0.9264742732048035,0.17929045855998993,0.4380234479904175,7.459421157836914
11,0.9242157936096191,0.20322276651859283,0.48241207003593445,12.634394645690918
12,0.9314931035041809,0.1755804419517517,0.48241207003593445,8.966547012329102
13,0.9478042721748352,0.14375489950180054,0.6222780346870422,3.3618059158325195
14,0.9503136873245239,0.12960973381996155,0.623953104019165,3.3506181240081787
15,0.9385194182395935,0.15621431171894073,0.4170854389667511,10.116406440734863
16,0.9457967281341553,0.1410410851240158,0.5,3.9239094257354736
17,0.9580928683280945,0.10940323024988174,0.5293132066726685,2.696356773376465
18,0.9513174295425415,0.1261623054742813,0.4179229438304901,1.9521015882492065
19,0.9520702362060547,0.12109222263097763,0.45644891262054443,3.6061012744903564
20,0.9593475461006165,0.10043873637914658,0.4061976671218872,6.377756595611572
21,0.9533249735832214,0.11795984953641891,0.520100474357605,7.3019890785217285
22,0.9616060256958008,0.09901612251996994,0.41122278571128845,7.584770202636719
23,0.9698870778083801,0.08102340996265411,0.6088777184486389,5.241080284118652
24,0.9553325176239014,0.11059082299470901,0.4857621490955353,11.34208869934082
