epoch,accuracy,loss,val_accuracy,val_loss
0,0.668506920337677,0.725992739200592,0.5812395215034485,7.157949447631836
1,0.7550815343856812,0.5432537198066711,0.38777220249176025,6.8334550857543945
2,0.7892095446586609,0.4633271396160126,0.3182579576969147,5.519559860229492
3,0.8210790753364563,0.3781556189060211,0.43216079473495483,28.138338088989258
4,0.8291091322898865,0.40792831778526306,0.48241207003593445,28.460933685302734
5,0.837641179561615,0.37988993525505066,0.48241207003593445,43.1556396484375
6,0.8358845710754395,0.37171244621276855,0.45896148681640625,45.95143127441406
7,0.8562107682228088,0.3431076407432556,0.48241207003593445,45.51380920410156
8,0.8730238676071167,0.30582940578460693,0.4522612988948822,41.10938262939453
9,0.849686324596405,0.35545578598976135,0.43216079473495483,9.811036109924316
10,0.8848180770874023,0.29587677121162415,0.48241207003593445,28.763837814331055
11,0.8833124041557312,0.2971917390823364,0.48241207003593445,18.476314544677734
12,0.8840652704238892,0.3189809322357178,0.4907872676849365,66.22872924804688
13,0.818067729473114,0.42530372738838196,0.48241207003593445,52.31404495239258
14,0.7972396612167358,0.45450833439826965,0.5100502371788025,8.951653480529785
15,0.844918429851532,0.35307201743125916,0.5946398377418518,5.4114885330200195
16,0.8833124041557312,0.29198500514030457,0.5795645117759705,4.890979766845703
17,0.8755332231521606,0.30652958154678345,0.4623115658760071,5.470524787902832
18,0.8946047425270081,0.2645666301250458,0.48324957489967346,2.4313488006591797
19,0.895357608795166,0.26196685433387756,0.5879396796226501,5.265600681304932
20,0.9076536893844604,0.24334146082401276,0.623115599155426,8.970924377441406
21,0.8978670239448547,0.24589163064956665,0.4045226275920868,39.48111343383789
22,0.9066499471664429,0.23865364491939545,0.39865997433662415,24.803176879882812
23,0.9008783102035522,0.2537499666213989,0.5427135825157166,10.849176406860352
24,0.9084064960479736,0.22767627239227295,0.48241207003593445,286.8880310058594
