epoch,accuracy,loss,val_accuracy,val_loss
0,0.6750313639640808,0.6748312711715698,0.48241207003593445,2.17807674407959
1,0.7929736375808716,0.4445880353450775,0.48241207003593445,8.624038696289062
2,0.8253450393676758,0.38090962171554565,0.48241207003593445,16.28856086730957
3,0.8664993643760681,0.31584838032722473,0.48241207003593445,24.72900390625
4,0.8818067908287048,0.2907932698726654,0.48241207003593445,30.19576644897461
5,0.8770388960838318,0.2924395799636841,0.48241207003593445,25.949785232543945
6,0.9011292457580566,0.24417683482170105,0.48241207003593445,22.7252197265625
7,0.9146800637245178,0.21343488991260529,0.48241207003593445,12.23363208770752
8,0.9184441566467285,0.20077282190322876,0.4380234479904175,8.549189567565918
9,0.920200765132904,0.19970031082630157,0.6189279556274414,3.0224287509918213
10,0.9191969633102417,0.20261618494987488,0.41289782524108887,4.575571537017822
11,0.9232120513916016,0.1914384365081787,0.5829145908355713,2.1075949668884277
12,0.9329987168312073,0.1674327254295349,0.6180904507637024,3.2101447582244873
13,0.9302383661270142,0.17310050129890442,0.5427135825157166,3.0425257682800293
14,0.9370138049125671,0.15587104856967926,0.5502512454986572,3.018002510070801
15,0.9390213489532471,0.1540197879076004,0.3467336595058441,9.466742515563965
16,0.9345043897628784,0.14941826462745667,0.4045226275920868,5.887561321258545
17,0.9503136873245239,0.13351376354694366,0.5452261567115784,2.9844236373901367
18,0.9450439214706421,0.13549162447452545,0.49497488141059875,3.4681742191314697
19,0.9475533366203308,0.1300584375858307,0.44556114077568054,5.008337497711182
20,0.9425345063209534,0.15213720500469208,0.4874371886253357,3.1290764808654785
21,0.9523212313652039,0.1209486722946167,0.427973210811615,11.866923332214355
22,0.9575909376144409,0.11053433269262314,0.5318257808685303,5.722198009490967
23,0.9457967281341553,0.13539357483386993,0.5242881178855896,7.78505802154541
24,0.9370138049125671,0.1622190922498703,0.4656616449356079,2.9151015281677246
