epoch,accuracy,loss,val_accuracy,val_loss
0,0.4833124279975891,2.6974191665649414,0.48241207003593445,0.9822961091995239
1,0.5129234790802002,1.0202667713165283,0.48241207003593445,0.9940359592437744
2,0.5136762857437134,0.9960723519325256,0.48241207003593445,0.988726794719696
3,0.5136762857437134,0.9968851804733276,0.48241207003593445,0.9783113598823547
4,0.5136762857437134,0.9989993572235107,0.48241207003593445,0.9792890548706055
5,0.5136762857437134,0.9963462948799133,0.48241207003593445,0.9871683120727539
6,0.5136762857437134,0.9968435764312744,0.48241207003593445,0.986774206161499
7,0.5136762857437134,0.9965804815292358,0.48241207003593445,0.9816659092903137
8,0.5136762857437134,0.9980686902999878,0.48241207003593445,0.9790985584259033
9,0.5136762857437134,1.0049149990081787,0.48241207003593445,0.979212760925293
10,0.513425350189209,1.0549989938735962,0.48241207003593445,0.9765150547027588
11,0.5136762857437134,0.9971567392349243,0.48241207003593445,0.9802374839782715
12,0.5136762857437134,0.9962813854217529,0.48241207003593445,0.9786320924758911
13,0.5136762857437134,0.9959210157394409,0.48241207003593445,0.9848669767379761
14,0.5136762857437134,0.9963641166687012,0.48241207003593445,0.9821028113365173
15,0.5136762857437134,0.9971204400062561,0.48241207003593445,0.9931430816650391
16,0.49836888909339905,1.0008066892623901,0.48241207003593445,0.9997076988220215
17,0.5136762857437134,0.9977753162384033,0.48241207003593445,0.9852038025856018
18,0.5136762857437134,0.9963313937187195,0.48241207003593445,0.9757614731788635
19,0.5136762857437134,1.001676082611084,0.48241207003593445,0.9922882914543152
20,0.5136762857437134,1.0000909566879272,0.48241207003593445,0.9879737496376038
21,0.5136762857437134,0.9969654679298401,0.48241207003593445,0.9753931164741516
22,0.5136762857437134,0.9984217882156372,0.48241207003593445,0.9904605150222778
23,0.5136762857437134,0.9961318373680115,0.48241207003593445,0.9792687892913818
24,0.5136762857437134,0.995685338973999,0.48241207003593445,0.9763551354408264
