epoch,accuracy,loss,val_accuracy,val_loss
0,0.47954830527305603,2.8012611865997314,0.48241207003593445,28.692466735839844
1,0.5136762857437134,0.9946277737617493,0.48241207003593445,1.555743932723999
2,0.5136762857437134,0.9959554076194763,0.48241207003593445,1.1143237352371216
3,0.5136762857437134,0.9952669143676758,0.48241207003593445,0.9843199849128723
4,0.5136762857437134,0.9967184066772461,0.48241207003593445,0.9836738705635071
5,0.5136762857437134,0.997134804725647,0.48241207003593445,0.9824947714805603
6,0.5136762857437134,0.9964800477027893,0.48241207003593445,0.983565092086792
7,0.513425350189209,0.9987655878067017,0.48241207003593445,0.9795506596565247
8,0.5136762857437134,0.9952210783958435,0.48241207003593445,0.9788088202476501
9,0.5136762857437134,0.9944388270378113,0.48241207003593445,0.9796972870826721
10,0.5136762857437134,0.9963709712028503,0.48241207003593445,0.9883649945259094
11,0.5136762857437134,0.9952535629272461,0.48241207003593445,0.9867512583732605
12,0.5136762857437134,0.9960934519767761,0.48241207003593445,0.9752753376960754
13,0.5136762857437134,0.9753655195236206,0.48241207003593445,0.9872576594352722
14,0.511417806148529,1.046119213104248,0.48241207003593445,0.9876704812049866
15,0.5136762857437134,0.9961913228034973,0.48241207003593445,0.9854443073272705
16,0.5136762857437134,0.9962958097457886,0.48241207003593445,0.9888717532157898
17,0.5136762857437134,0.9957084059715271,0.48241207003593445,0.9946060180664062
18,0.5136762857437134,0.9948638081550598,0.48241207003593445,0.9910947680473328
19,0.5136762857437134,0.995343029499054,0.48241207003593445,0.9991472363471985
20,0.5136762857437134,0.9951085448265076,0.48241207003593445,0.9881903529167175
21,0.5136762857437134,0.9945162534713745,0.48241207003593445,0.9751132726669312
22,0.5136762857437134,0.9987745881080627,0.48241207003593445,0.9831364154815674
23,0.5136762857437134,0.9972239136695862,0.48241207003593445,0.9833196997642517
24,0.5136762857437134,0.9962056279182434,0.48241207003593445,0.9857945442199707
