epoch,accuracy,loss,val_accuracy,val_loss
0,0.4838142991065979,2.656135320663452,0.48241207003593445,1.0103617906570435
1,0.5099121928215027,1.1900780200958252,0.39698493480682373,0.9984297752380371
2,0.5104140639305115,1.263663649559021,0.48241207003593445,0.9864478707313538
3,0.5124216079711914,1.2040696144104004,0.48241207003593445,1.015814185142517
4,0.5129234790802002,1.661499261856079,0.48241207003593445,1.0015672445297241
5,0.5028858184814453,2.294130802154541,0.47989949584007263,153.27621459960938
6,0.5084065198898315,1.005163311958313,0.4748743772506714,15.207378387451172
7,0.5109159350395203,6.959776401519775,0.48241207003593445,0.9895370006561279
8,0.5141781568527222,1.4045964479446411,0.48241207003593445,1.0045194625854492
9,0.5109159350395203,1.0021460056304932,0.48241207003593445,1.0025243759155273
10,0.5126725435256958,1.1460132598876953,0.48241207003593445,1.0041295289993286
11,0.5046424269676208,1.298398494720459,0.48241207003593445,1.0370579957962036
12,0.5136762857437134,1.0021957159042358,0.48241207003593445,0.9801149368286133
13,0.5136762857437134,1.0008701086044312,0.48241207003593445,0.9803094863891602
14,0.5084065198898315,1.1111345291137695,0.48241207003593445,0.9978185892105103
15,0.5136762857437134,1.0029559135437012,0.48241207003593445,0.9863386750221252
16,0.5041405558586121,1.006463885307312,0.48241207003593445,1.0076894760131836
17,0.5096612572669983,1.0035144090652466,0.48241207003593445,1.0353013277053833
18,0.5086574554443359,1.0043755769729614,0.48241207003593445,0.9898494482040405
19,0.513425350189209,2.797499895095825,0.4497487545013428,65775.046875
20,0.5011292099952698,1.0053091049194336,0.48241207003593445,0.9793142080307007
21,0.5079046487808228,10.236702919006348,0.48241207003593445,0.9943313002586365
22,0.5086574554443359,1.1326640844345093,0.48241207003593445,0.9980443120002747
23,0.5101631283760071,1.0025900602340698,0.48241207003593445,0.9800449013710022
24,0.5136762857437134,1.0021557807922363,0.48241207003593445,0.9976906776428223
