epoch,accuracy,loss,val_accuracy,val_loss
0,0.5372647643089294,0.9966807961463928,0.48241207003593445,2.0576066970825195
1,0.5849435329437256,0.8691189289093018,0.3827470541000366,0.9726053476333618
2,0.5445420145988464,0.9056389927864075,0.48241207003593445,34.71258544921875
3,0.5565872192382812,0.8990285992622375,0.3685092031955719,4.276557922363281
4,0.5703889727592468,0.8705319762229919,0.454773873090744,2.0215272903442383
5,0.58519446849823,0.8429795503616333,0.5041875839233398,0.9250351190567017
6,0.591217041015625,0.8557016849517822,0.5485762357711792,1.0229823589324951
7,0.5927227139472961,0.8288902044296265,0.5226130485534668,0.9174224138259888
8,0.6110414266586304,0.8064925670623779,0.5083752274513245,1.0643950700759888
9,0.6105394959449768,0.8158688545227051,0.6273031830787659,5.699748516082764
10,0.5520702600479126,0.9629432559013367,0.48241207003593445,0.875066339969635
11,0.5877038836479187,0.846560537815094,0.6139028668403625,0.8691471815109253
12,0.6042659878730774,0.8364083170890808,0.6155778765678406,0.9451838135719299
13,0.5984943509101868,0.8508791327476501,0.642378568649292,0.8821257948875427
14,0.6015056371688843,0.8219853043556213,0.48073703050613403,0.9158635139465332
15,0.5585947036743164,0.843459963798523,0.5335008502006531,0.9182999134063721
16,0.6057716608047485,0.8130409717559814,0.6474036574363708,0.8327766060829163
17,0.624843180179596,0.8249261975288391,0.43634840846061707,0.988725483417511
18,0.6007528305053711,0.8452123999595642,0.4413735270500183,0.9905767440795898
19,0.6030113101005554,0.7998905777931213,0.5427135825157166,4.495632648468018
20,0.5969886779785156,0.8815178871154785,0.6683416962623596,0.8589349985122681
21,0.6125470399856567,0.8020442128181458,0.6122277975082397,0.8898912668228149
22,0.6050187945365906,0.8266104459762573,0.6733668446540833,0.827940046787262
23,0.6007528305053711,0.8442758917808533,0.6566163897514343,0.8495673537254333
24,0.6143036484718323,0.8139491677284241,0.5335008502006531,0.9718846678733826
