epoch,accuracy,loss,val_accuracy,val_loss
0,0.5608531832695007,0.873686671257019,0.48241207003593445,1.1064026355743408
1,0.682559609413147,0.6903970837593079,0.48241207003593445,1.458980917930603
2,0.732245922088623,0.5866734981536865,0.48241207003593445,2.3221964836120605
3,0.7784190773963928,0.5145172476768494,0.48241207003593445,3.836512804031372
4,0.7972396612167358,0.4718991219997406,0.48241207003593445,4.514623641967773
5,0.8185696601867676,0.4269043505191803,0.48241207003593445,4.6453657150268555
6,0.8190715312957764,0.4170090854167938,0.48241207003593445,3.6869122982025146
7,0.8348808288574219,0.38950708508491516,0.43299832940101624,2.3050341606140137
8,0.84366375207901,0.3805151879787445,0.4505862593650818,1.817956566810608
9,0.8547051548957825,0.35318928956985474,0.5125628113746643,1.7215278148651123
10,0.8657465577125549,0.33273252844810486,0.6398659944534302,1.4307184219360352
11,0.868506908416748,0.31988614797592163,0.6532663106918335,1.4050116539001465
12,0.8760351538658142,0.3138720989227295,0.6122277975082397,1.6362407207489014
13,0.8735257387161255,0.3125786781311035,0.5753768682479858,1.809214472770691
14,0.8865746259689331,0.2948925793170929,0.5787269473075867,1.6534500122070312
15,0.8930991291999817,0.27302950620651245,0.5544388890266418,1.922595739364624
16,0.8933500647544861,0.2724212408065796,0.5695142149925232,1.8690268993377686
17,0.9041405320167542,0.24778138101100922,0.5804020166397095,2.0411124229431152
18,0.9036386609077454,0.24742311239242554,0.6298157572746277,1.9326735734939575
19,0.903387725353241,0.2502575218677521,0.623953104019165,2.047550678253174
20,0.909410297870636,0.22808845341205597,0.641541063785553,1.8281066417694092
