epoch,accuracy,loss,val_accuracy,val_loss
0,0.4908406436443329,2.121758222579956,0.48241207003593445,0.9857138991355896
1,0.5129234790802002,0.9996007084846497,0.48241207003593445,0.992468535900116
2,0.5018820762634277,1.0365203619003296,0.48241207003593445,1.0093258619308472
3,0.5046424269676208,1.0070213079452515,0.48241207003593445,0.9851680397987366
4,0.5136762857437134,0.99893718957901,0.48241207003593445,0.9832310676574707
5,0.5136762857437134,1.0006474256515503,0.48241207003593445,0.9804428815841675
6,0.5136762857437134,0.9978187680244446,0.48241207003593445,0.9850746989250183
7,0.5136762857437134,1.000438928604126,0.48241207003593445,1.0174602270126343
8,0.5136762857437134,1.0015023946762085,0.48241207003593445,0.975338339805603
9,0.5086574554443359,0.9989545345306396,0.48241207003593445,1.0051517486572266
10,0.5106649994850159,0.9980549216270447,0.48241207003593445,0.9752942323684692
11,0.5048933625221252,1.0012686252593994,0.48241207003593445,0.9805553555488586
12,0.5136762857437134,0.9987866878509521,0.48241207003593445,1.0224590301513672
13,0.511417806148529,0.9973934888839722,0.48241207003593445,1.0075411796569824
14,0.5136762857437134,1.0018231868743896,0.48241207003593445,0.999241292476654
15,0.5136762857437134,1.0026496648788452,0.48241207003593445,0.9839939475059509
16,0.5136762857437134,0.999491810798645,0.48241207003593445,0.9925975799560547
17,0.513425350189209,1.003307819366455,0.48241207003593445,0.9798648357391357
18,0.5136762857437134,1.0599371194839478,0.48241207003593445,0.9838565587997437
19,0.5096612572669983,1.110171914100647,0.48241207003593445,0.987997829914093
20,0.5136762857437134,1.0019521713256836,0.48241207003593445,0.9786159992218018
21,0.5106649994850159,0.9976703524589539,0.48241207003593445,1.0165033340454102
22,0.5136762857437134,1.0001280307769775,0.48241207003593445,1.0072190761566162
23,0.513425350189209,1.003463625907898,0.48241207003593445,0.985495924949646
24,0.5136762857437134,1.0004551410675049,0.48241207003593445,0.9891897439956665
