epoch,accuracy,loss,val_accuracy,val_loss
0,0.4830614924430847,3.53139591217041,0.12060301750898361,76.24407958984375
1,0.5129234790802002,0.995305597782135,0.48241207003593445,0.9824923276901245
2,0.5051442980766296,1.1483923196792603,0.48241207003593445,0.9782993197441101
3,0.5119196772575378,1.0069589614868164,0.48241207003593445,0.9819687604904175
4,0.513425350189209,1.2186744213104248,0.48241207003593445,0.9870022535324097
5,0.5131744146347046,1.0595959424972534,0.48241207003593445,0.9971950650215149
6,0.5136762857437134,0.9961812496185303,0.48241207003593445,0.9936947822570801
7,0.5136762857437134,0.9948446154594421,0.48241207003593445,0.9839116930961609
8,0.5136762857437134,1.0001587867736816,0.48241207003593445,0.9813538193702698
9,0.5136762857437134,0.9972329139709473,0.48241207003593445,0.9870057702064514
10,0.5136762857437134,0.9972886443138123,0.48241207003593445,0.9837006330490112
11,0.5136762857437134,0.9971111416816711,0.48241207003593445,1.0104000568389893
12,0.5136762857437134,1.0014798641204834,0.48241207003593445,0.9906890392303467
13,0.5048933625221252,1.0011746883392334,0.48241207003593445,0.9866842031478882
14,0.5136762857437134,0.9968634247779846,0.48241207003593445,0.9919978380203247
15,0.5136762857437134,0.9953597784042358,0.48241207003593445,0.9792090058326721
16,0.5136762857437134,0.9973702430725098,0.48241207003593445,0.9877780675888062
17,0.5136762857437134,0.9956321120262146,0.48241207003593445,0.9866020083427429
18,0.5136762857437134,0.9991948008537292,0.48241207003593445,0.990729808807373
19,0.5136762857437134,1.000227928161621,0.48241207003593445,0.984038233757019
20,0.5136762857437134,0.9969685673713684,0.48241207003593445,0.9830033183097839
21,0.5136762857437134,0.9967512488365173,0.48241207003593445,0.9788965582847595
22,0.5136762857437134,0.9992630481719971,0.48241207003593445,0.9887197613716125
