epoch,accuracy,loss,val_accuracy,val_loss
0,0.5706399083137512,0.8514863848686218,0.5016750693321228,2.1327426433563232
1,0.7048933506011963,0.6518824100494385,0.5954774022102356,1.029969573020935
2,0.7259724140167236,0.598508358001709,0.6340033411979675,1.0133777856826782
3,0.7545796632766724,0.5468767285346985,0.6264656782150269,1.041789174079895
4,0.7799246907234192,0.5193547010421753,0.6323283314704895,1.0934723615646362
5,0.7781681418418884,0.5003364682197571,0.6289782524108887,1.0022199153900146
6,0.7969887256622314,0.46625787019729614,0.6080402135848999,1.4702266454696655
7,0.8032622337341309,0.4530608654022217,0.5820770263671875,1.2470341920852661
8,0.8240903615951538,0.4259823262691498,0.5862646698951721,1.5189177989959717
9,0.8321204781532288,0.40484973788261414,0.6289782524108887,2.249589681625366
10,0.8459222316741943,0.37699171900749207,0.6281406879425049,1.4371942281723022
11,0.8441656231880188,0.3674832582473755,0.6398659944534302,1.9245188236236572
12,0.8547051548957825,0.348439484834671,0.5753768682479858,1.821751356124878
13,0.8632371425628662,0.3269604444503784,0.6557788848876953,1.826545000076294
14,0.8752822875976562,0.3131990432739258,0.5443885922431946,1.3014516830444336
15,0.8868256211280823,0.28081274032592773,0.6591289639472961,2.2191247940063477
16,0.896612286567688,0.26653727889060974,0.6574539542198181,1.798339605331421
17,0.8951066732406616,0.25281304121017456,0.642378568649292,2.108675241470337
18,0.9119197130203247,0.23772159218788147,0.6750418543815613,1.5305885076522827
19,0.9069008827209473,0.24151502549648285,0.5410385131835938,2.2852530479431152
20,0.9071518182754517,0.23363816738128662,0.47989949584007263,2.057560682296753
21,0.9084064960479736,0.232675701379776,0.5954774022102356,1.946101188659668
22,0.9101631045341492,0.22185300290584564,0.5510887503623962,2.6002578735351562
23,0.9181932210922241,0.21112056076526642,0.5979899764060974,2.445983409881592
24,0.9267252087593079,0.1910918653011322,0.6515913009643555,2.712697744369507
