epoch,accuracy,loss,val_accuracy,val_loss
0,0.7028858065605164,0.6255079507827759,0.48241207003593445,6.684849262237549
1,0.8070263266563416,0.4335833191871643,0.48241207003593445,14.87185287475586
2,0.8351317644119263,0.36890941858291626,0.48241207003593445,21.162506103515625
3,0.8579673767089844,0.3387068510055542,0.48241207003593445,17.922883987426758
4,0.8664993643760681,0.3165260851383209,0.32663315534591675,4.069427967071533
5,0.8890840411186218,0.2726300358772278,0.4045226275920868,3.6786789894104004
6,0.9043914675712585,0.24997909367084503,0.45561137795448303,3.3663504123687744
7,0.9196988940238953,0.20272134244441986,0.3433835804462433,7.346039295196533
8,0.9244667291641235,0.19447658956050873,0.4505862593650818,4.195772171020508
9,0.9254705309867859,0.19546884298324585,0.42294806241989136,6.868368625640869
10,0.9345043897628784,0.1646311730146408,0.6264656782150269,3.8297579288482666
11,0.9252195954322815,0.18289640545845032,0.32747069001197815,4.8552069664001465
12,0.9475533366203308,0.14173442125320435,0.5276381969451904,1.7367678880691528
13,0.940276026725769,0.14580963551998138,0.47403684258461,4.617169380187988
14,0.9488080143928528,0.13754089176654816,0.5435510873794556,6.50345516204834
15,0.9475533366203308,0.13210105895996094,0.5569514036178589,3.878693103790283
16,0.9480552077293396,0.12959463894367218,0.5469011664390564,2.0839662551879883
17,0.9520702362060547,0.12368098646402359,0.590452253818512,6.729979515075684
18,0.9513174295425415,0.12261705845594406,0.428810715675354,6.862354755401611
19,0.9598494172096252,0.1086500883102417,0.4782244563102722,4.265322208404541
20,0.9533249735832214,0.1248207539319992,0.4639866054058075,3.5016839504241943
21,0.965872049331665,0.08969615399837494,0.5938023328781128,4.3116278648376465
22,0.9631116390228271,0.0965304747223854,0.5879396796226501,4.440888404846191
23,0.9606022834777832,0.10799212753772736,0.5871021747589111,4.991663455963135
24,0.9631116390228271,0.09422095865011215,0.5971524119377136,4.317075252532959
