epoch,accuracy,loss,val_accuracy,val_loss
0,0.5819322466850281,0.8407707214355469,0.48241207003593445,1.2278108596801758
1,0.7121706604957581,0.658079206943512,0.48241207003593445,2.825308084487915
2,0.7570890784263611,0.5454243421554565,0.48241207003593445,3.677583932876587
3,0.7879548072814941,0.48789745569229126,0.5276381969451904,2.738854169845581
4,0.7997490763664246,0.45914414525032043,0.5242881178855896,1.3616186380386353
5,0.8205771446228027,0.4321012496948242,0.6700167655944824,1.2596980333328247
6,0.8316185474395752,0.39905256032943726,0.6214405298233032,1.2664291858673096
7,0.8366373777389526,0.39586615562438965,0.6046901345252991,1.4399148225784302
8,0.8401505351066589,0.37600383162498474,0.590452253818512,1.7052589654922485
9,0.8471769094467163,0.35390597581863403,0.5996649861335754,1.5662964582443237
10,0.8654956221580505,0.33121150732040405,0.6080402135848999,1.6404671669006348
11,0.8687578439712524,0.3181498348712921,0.6448911428451538,1.653090476989746
12,0.8732748031616211,0.30873557925224304,0.5619765520095825,2.0930068492889404
13,0.8820577263832092,0.2882036864757538,0.5787269473075867,2.0540242195129395
14,0.8823086619377136,0.2898394763469696,0.5544388890266418,1.9376420974731445
15,0.8895859718322754,0.2789793312549591,0.6038525700569153,1.9446747303009033
16,0.8938519358634949,0.27019113302230835,0.5795645117759705,2.156342029571533
17,0.9096612334251404,0.2419096976518631,0.6222780346870422,1.876154899597168
18,0.8993726372718811,0.25772109627723694,0.5636515617370605,2.3959691524505615
19,0.9023839235305786,0.2409357875585556,0.6574539542198181,1.7247169017791748
20,0.914178192615509,0.22366724908351898,0.5871021747589111,2.282735586166382
