epoch,accuracy,loss,val_accuracy,val_loss
0,0.5969886779785156,0.8062940835952759,0.48241207003593445,3.321840286254883
1,0.7292346358299255,0.6093517541885376,0.5326633453369141,2.8077738285064697
2,0.7525721192359924,0.5507857203483582,0.589614748954773,1.0981162786483765
3,0.7826850414276123,0.5012297034263611,0.641541063785553,1.0345433950424194
4,0.7994981408119202,0.4488621652126312,0.6524288058280945,1.2744674682617188
5,0.7969887256622314,0.4393956959247589,0.641541063785553,1.2317885160446167
6,0.8190715312957764,0.42994844913482666,0.5586264729499817,1.5756213665008545
7,0.8341279625892639,0.3975982666015625,0.520100474357605,1.5397394895553589
8,0.8306148052215576,0.39112016558647156,0.6055276393890381,1.2346620559692383
9,0.8404015302658081,0.371155709028244,0.6097152233123779,1.5388273000717163
10,0.8572145700454712,0.34715449810028076,0.5979899764060974,1.4924826622009277
11,0.8632371425628662,0.3331812024116516,0.6105527877807617,1.7234086990356445
12,0.8672521710395813,0.3194311559200287,0.624790608882904,1.3378878831863403
13,0.8757842183113098,0.30691203474998474,0.5242881178855896,1.9096159934997559
14,0.8757842183113098,0.30171823501586914,0.47989949584007263,1.8654639720916748
15,0.8858218193054199,0.28028860688209534,0.5887772440910339,1.8849291801452637
16,0.8805520534515381,0.2851189970970154,0.6289782524108887,1.5577400922775269
17,0.8910915851593018,0.2698817253112793,0.518425464630127,1.8489861488342285
18,0.8976160883903503,0.2507766783237457,0.5301507711410522,2.037355661392212
19,0.8991217017173767,0.24906344711780548,0.6381909251213074,1.7836942672729492
20,0.9023839235305786,0.2406577169895172,0.47989949584007263,2.1047403812408447
21,0.9099121689796448,0.2277977615594864,0.37353435158729553,2.8319251537323
22,0.9096612334251404,0.22719119489192963,0.572864294052124,2.177936553955078
23,0.9081555604934692,0.22747668623924255,0.5996649861335754,1.8250023126602173
