epoch,accuracy,loss,val_accuracy,val_loss
0,0.5212045311927795,0.9507736563682556,0.48241207003593445,1.0783096551895142
1,0.6471769213676453,0.7726727724075317,0.48241207003593445,1.1411272287368774
2,0.7106649875640869,0.6739286780357361,0.48241207003593445,1.3962606191635132
3,0.7457967400550842,0.600886881351471,0.48241207003593445,2.014723777770996
4,0.771141767501831,0.5464377999305725,0.48241207003593445,2.887617349624634
5,0.7902132868766785,0.5067893862724304,0.48241207003593445,3.7784528732299805
6,0.7994981408119202,0.4711609482765198,0.48241207003593445,4.885367393493652
7,0.8140527009963989,0.45279791951179504,0.48241207003593445,5.977362632751465
8,0.8208280801773071,0.4280538260936737,0.48241207003593445,6.7593536376953125
9,0.8331242203712463,0.40736040472984314,0.48241207003593445,7.519806861877441
10,0.8406524658203125,0.3912699520587921,0.48241207003593445,7.572304725646973
11,0.8424090147018433,0.37796032428741455,0.48241207003593445,7.530438423156738
12,0.8537013530731201,0.3639616370201111,0.48241207003593445,7.103194236755371
13,0.8494353890419006,0.36376363039016724,0.48241207003593445,6.2231364250183105
14,0.8654956221580505,0.33634188771247864,0.48241207003593445,4.947022914886475
15,0.8682559728622437,0.3345224857330322,0.5326633453369141,4.237586975097656
16,0.8707653880119324,0.32819682359695435,0.5108878016471863,3.8401966094970703
17,0.8767879605293274,0.31702134013175964,0.45644891262054443,3.135815143585205
18,0.8742785453796387,0.31172046065330505,0.402847558259964,2.893568754196167
19,0.884567141532898,0.29420748353004456,0.5636515617370605,2.2421746253967285
20,0.8880802989006042,0.28757333755493164,0.6314907670021057,2.1647467613220215
