epoch,accuracy,loss,val_accuracy,val_loss
0,0.6727728843688965,0.6940191388130188,0.48241207003593445,11.4990816116333
1,0.7706398963928223,0.5063744187355042,0.45561137795448303,9.357644081115723
2,0.8075282573699951,0.4503267705440521,0.4438861012458801,2.4169135093688965
3,0.8363864421844482,0.3808223307132721,0.5569514036178589,2.0015153884887695
4,0.8454203009605408,0.3490108549594879,0.2973199188709259,2.8428866863250732
5,0.8772898316383362,0.2994668483734131,0.4757118821144104,2.1616554260253906
6,0.8848180770874023,0.2787831425666809,0.5402010083198547,4.271437168121338
7,0.9006273746490479,0.2612955868244171,0.5469011664390564,4.2429656982421875
8,0.9056461453437805,0.24710030853748322,0.4664991497993469,2.604646682739258
9,0.9048933386802673,0.2401454895734787,0.5025125741958618,2.077108144760132
10,0.9091593623161316,0.23311543464660645,0.5125628113746643,2.5091724395751953
11,0.9242157936096191,0.18864798545837402,0.47403684258461,3.8442881107330322
12,0.922208309173584,0.19742386043071747,0.6180904507637024,1.7004047632217407
13,0.927478015422821,0.18363600969314575,0.48241207003593445,4.367774486541748
14,0.9269761443138123,0.17594249546527863,0.5502512454986572,3.7271032333374023
15,0.9304893612861633,0.17711718380451202,0.39865997433662415,5.721805572509766
16,0.9387704133987427,0.16135096549987793,0.6063651442527771,4.011809349060059
17,0.9425345063209534,0.14357030391693115,0.6021775603294373,3.6922903060913086
18,0.9420326352119446,0.15155602991580963,0.43467336893081665,3.5742502212524414
19,0.9538268446922302,0.11834889650344849,0.5510887503623962,5.810488224029541
20,0.9518193006515503,0.125608891248703,0.48241207003593445,14.948225975036621
21,0.948306143283844,0.13298501074314117,0.3944723606109619,8.886187553405762
22,0.962358832359314,0.10926078259944916,0.6222780346870422,3.928539514541626
23,0.948306143283844,0.13986141979694366,0.49581238627433777,8.44115924835205
24,0.9601003527641296,0.10636140406131744,0.6834170818328857,3.2147512435913086
