epoch,accuracy,loss,val_accuracy,val_loss
0,0.49485570192337036,2.4484951496124268,0.48241207003593445,0.9954810738563538
1,0.5136762857437134,1.0010467767715454,0.48241207003593445,1.0094085931777954
2,0.5136762857437134,1.0042641162872314,0.48241207003593445,0.9748049378395081
3,0.5136762857437134,1.0036197900772095,0.48241207003593445,0.9746608734130859
4,0.5076537132263184,0.9999952912330627,0.48241207003593445,0.9901314973831177
5,0.507402777671814,0.9997825622558594,0.48241207003593445,0.9753536581993103
6,0.5136762857437134,1.000669240951538,0.48241207003593445,1.0073422193527222
7,0.49912169575691223,1.003691554069519,0.48241207003593445,0.981395423412323
8,0.5136762857437134,1.0015898942947388,0.48241207003593445,0.9891893267631531
9,0.5026348829269409,1.004542589187622,0.48241207003593445,0.9862741231918335
10,0.5136762857437134,1.0026865005493164,0.48241207003593445,0.9919110536575317
11,0.5136762857437134,1.002963662147522,0.48241207003593445,0.9803139567375183
12,0.5021330118179321,1.0005712509155273,0.48241207003593445,0.9755666255950928
13,0.5136762857437134,0.997448742389679,0.48241207003593445,0.9839631915092468
14,0.5119196772575378,1.0014793872833252,0.48241207003593445,0.9783143401145935
15,0.5101631283760071,1.0029258728027344,0.48241207003593445,0.9822232127189636
16,0.5086574554443359,1.0046970844268799,0.48241207003593445,0.9903894662857056
17,0.5136762857437134,1.0013909339904785,0.48241207003593445,0.9908787608146667
18,0.5026348829269409,1.00119149684906,0.48241207003593445,0.9945330023765564
19,0.5091593265533447,1.000830888748169,0.48241207003593445,0.9774596095085144
20,0.5136762857437134,1.0002645254135132,0.48241207003593445,0.9833921790122986
21,0.5124216079711914,1.0008126497268677,0.48241207003593445,0.9872359037399292
22,0.5121706128120422,1.0026122331619263,0.48241207003593445,0.9964766502380371
23,0.5099121928215027,1.00022554397583,0.48241207003593445,0.9820011854171753
