epoch,accuracy,loss,val_accuracy,val_loss
0,0.6624842882156372,0.7201864719390869,0.48241207003593445,4.259187698364258
1,0.7400251030921936,0.5703096985816956,0.37520939111709595,1.5030368566513062
2,0.783939778804779,0.47639769315719604,0.15159128606319427,5.139967918395996
3,0.8198243379592896,0.40987980365753174,0.5477386713027954,1.9408308267593384
4,0.8386449217796326,0.3686210513114929,0.6658291220664978,1.806267499923706
5,0.8642408847808838,0.32548609375953674,0.6298157572746277,1.9051399230957031
6,0.8745294809341431,0.29723140597343445,0.3542713522911072,3.6593408584594727
7,0.8833124041557312,0.27376148104667664,0.4865996539592743,2.5359585285186768
8,0.8988707661628723,0.24884475767612457,0.30569514632225037,3.312019109725952
9,0.9091593623161316,0.22243726253509521,0.6465661525726318,2.12284255027771
10,0.9146800637245178,0.19722644984722137,0.5845896005630493,1.8934193849563599
11,0.9191969633102417,0.2068055123090744,0.4748743772506714,4.919396877288818
12,0.9254705309867859,0.17647859454154968,0.6767169237136841,1.6794723272323608
13,0.9264742732048035,0.18031270802021027,0.48073703050613403,4.801658630371094
14,0.9372647404670715,0.15922613441944122,0.5167503952980042,12.511761665344238
15,0.942283570766449,0.1508113592863083,0.5871021747589111,7.5164313316345215
16,0.9508155584335327,0.13083721697330475,0.5753768682479858,5.773419380187988
17,0.9488080143928528,0.14003731310367584,0.6314907670021057,1.677762746810913
18,0.9601003527641296,0.11829130351543427,0.42043551802635193,5.650905609130859
19,0.9503136873245239,0.12718375027179718,0.4991624653339386,4.647877216339111
20,0.9503136873245239,0.13456571102142334,0.6984924674034119,3.4969143867492676
21,0.9661229848861694,0.10237547755241394,0.6582914590835571,3.528661012649536
