epoch,accuracy,loss,val_accuracy,val_loss
0,0.6993726491928101,0.6419273018836975,0.48241207003593445,12.548192977905273
1,0.774403989315033,0.4928680956363678,0.48241207003593445,7.055866718292236
2,0.8235884308815002,0.3912055194377899,0.30150753259658813,3.2089030742645264
3,0.8321204781532288,0.39004838466644287,0.5393635034561157,2.347471237182617
4,0.8526976108551025,0.34403666853904724,0.5603014826774597,3.2896032333374023
5,0.8782935738563538,0.2978415787220001,0.3802345097064972,4.366876125335693
6,0.8835633397102356,0.2756795287132263,0.49329984188079834,1.8852053880691528
7,0.8941028714179993,0.26070544123649597,0.3819095492362976,6.42356538772583
8,0.903387725353241,0.2390601634979248,0.36599665880203247,3.323030471801758
9,0.9104140400886536,0.22548475861549377,0.5753768682479858,3.6718783378601074
10,0.9116687774658203,0.21650835871696472,0.4296482503414154,5.119349479675293
11,0.920200765132904,0.19291256368160248,0.4246231019496918,6.921112537384033
12,0.9319949746131897,0.18336036801338196,0.6281406879425049,6.360485553741455
13,0.9279799461364746,0.18240107595920563,0.5561138987541199,6.622495651245117
14,0.9314931035041809,0.17946158349514008,0.3551088869571686,8.001001358032227
15,0.9367628693580627,0.16762684285640717,0.45896148681640625,5.07716703414917
16,0.9437891840934753,0.14088526368141174,0.5251256227493286,4.804378509521484
17,0.9442911148071289,0.14690525829792023,0.3475711941719055,7.380218029022217
18,0.9485570788383484,0.14577260613441467,0.48241207003593445,55.47822570800781
19,0.9495608806610107,0.13143616914749146,0.5058626532554626,3.3985769748687744
20,0.9583438038825989,0.12011492252349854,0.44891121983528137,6.913510322570801
21,0.9528231024742126,0.13010989129543304,0.48241207003593445,30.212804794311523
22,0.9578419327735901,0.1253928393125534,0.5979899764060974,4.400906562805176
23,0.9540777802467346,0.11818698793649673,0.5938023328781128,3.4809794425964355
24,0.9636135697364807,0.10378014296293259,0.5670017004013062,5.167123794555664
