epoch,accuracy,loss,val_accuracy,val_loss
0,0.5209535956382751,1.0139708518981934,0.40871021151542664,1.0184316635131836
1,0.5588456988334656,0.9005811810493469,0.45561137795448303,1.2810765504837036
2,0.5585947036743164,0.8799178600311279,0.5485762357711792,0.9160425066947937
3,0.6155583262443542,0.8104592561721802,0.5092127323150635,1.0553770065307617
4,0.6005018949508667,0.8354539275169373,0.49581238627433777,1.0562959909439087
5,0.5964868068695068,0.8351892232894897,0.5887772440910339,1.007197380065918
6,0.6015056371688843,0.8246321082115173,0.6792294979095459,0.7996127009391785
7,0.5922208428382874,0.8480504751205444,0.570351779460907,0.9389681220054626
8,0.6178168058395386,0.7938486337661743,0.5670017004013062,0.9289286136627197
9,0.616813063621521,0.8175706267356873,0.5795645117759705,0.9045191407203674
10,0.5922208428382874,0.8527830839157104,0.5678392052650452,0.9428236484527588
11,0.6055207252502441,0.8395346403121948,0.590452253818512,0.9078564643859863
12,0.6010037660598755,0.8344881534576416,0.5150753855705261,0.9148131012916565
13,0.6032622456550598,0.8048180341720581,0.5075376629829407,1.2075201272964478
14,0.5412797927856445,0.8655782341957092,0.4874371886253357,0.9491055011749268
15,0.6095357537269592,0.8164204955101013,0.5041875839233398,0.9325308203697205
16,0.6002509593963623,0.8166553378105164,0.5226130485534668,0.9608064293861389
17,0.595984935760498,0.8287626504898071,0.5284757018089294,0.95649254322052
18,0.6115432977676392,0.7883836627006531,0.5862646698951721,0.9101506471633911
19,0.5478042364120483,0.8611696362495422,0.5745393633842468,0.905772864818573
20,0.5209535956382751,0.9002312421798706,0.6792294979095459,0.8028542995452881
21,0.6017565727233887,0.8116669654846191,0.7001674771308899,0.8219175934791565
22,0.5560853481292725,0.8502619862556458,0.6063651442527771,0.9147764444351196
23,0.5518193244934082,0.887134850025177,0.6390284895896912,0.8478842973709106
24,0.5666248202323914,0.8867988586425781,0.6097152233123779,0.8504809141159058
