epoch,accuracy,loss,val_accuracy,val_loss
0,0.6210790276527405,0.7818194627761841,0.4522612988948822,5.4527907371521
1,0.6920953392982483,0.6637701988220215,0.4522612988948822,4.811731815338135
2,0.6958594918251038,0.6410273909568787,0.39949747920036316,2.7475619316101074
3,0.7475533485412598,0.5693488717079163,0.47236180305480957,5.116835594177246
4,0.7488080263137817,0.5507369637489319,0.5134003162384033,2.017070770263672
5,0.7736511826515198,0.5160183310508728,0.45561137795448303,6.860825061798096
6,0.7834379076957703,0.48869550228118896,0.40871021151542664,1.499650001525879
7,0.7962358593940735,0.475637286901474,0.5820770263671875,2.37217116355896
8,0.8090338706970215,0.4476405084133148,0.38693466782569885,4.231932640075684
9,0.8356336355209351,0.4047674834728241,0.5427135825157166,1.9768604040145874
10,0.7884567379951477,0.4716906249523163,0.5226130485534668,2.056447744369507
11,0.8499372601509094,0.3673997223377228,0.5134003162384033,22.352142333984375
12,0.8466750383377075,0.37928158044815063,0.48241207003593445,49.851985931396484
13,0.8484316468238831,0.36803752183914185,0.5360134243965149,2.2182438373565674
14,0.8687578439712524,0.3179224729537964,0.4623115658760071,2.851484775543213
15,0.8752822875976562,0.2925181984901428,0.45896148681640625,3.5299458503723145
16,0.8612295985221863,0.33283212780952454,0.454773873090744,4.429018497467041
17,0.8805520534515381,0.30130138993263245,0.5427135825157166,2.248975992202759
18,0.8875784277915955,0.28384852409362793,0.5594639778137207,2.056885242462158
19,0.8780426383018494,0.31091660261154175,0.5217755436897278,4.820862770080566
20,0.9003764390945435,0.24983803927898407,0.5427135825157166,7.662748336791992
21,0.8559598326683044,0.4186823070049286,0.5418760180473328,3.5326738357543945
22,0.8564617037773132,0.3603554368019104,0.6147403717041016,2.9771556854248047
23,0.8976160883903503,0.273397296667099,0.48241207003593445,26.69466209411621
24,0.9071518182754517,0.24787022173404694,0.5402010083198547,2.3875961303710938
