epoch,accuracy,loss,val_accuracy,val_loss
0,0.6777917146682739,0.7117266058921814,0.37185928225517273,1.1194100379943848
1,0.721455454826355,0.6013208031654358,0.3132328391075134,1.6535282135009766
2,0.766373872756958,0.5242614150047302,0.48241207003593445,49.904273986816406
3,0.7912170886993408,0.4847107529640198,0.48241207003593445,62.05033493041992
4,0.8035131692886353,0.4431796073913574,0.48157453536987305,19.92803955078125
5,0.8112923502922058,0.4428880512714386,0.48324957489967346,2.4458377361297607
6,0.8278544545173645,0.39466148614883423,0.35343384742736816,6.357676029205322
7,0.837641179561615,0.39129874110221863,0.4849246144294739,5.111748695373535
8,0.8499372601509094,0.369281142950058,0.47319933772087097,5.181168079376221
9,0.8514429330825806,0.36601439118385315,0.4162479043006897,5.468791484832764
10,0.8579673767089844,0.3661186695098877,0.4430485665798187,2.4225380420684814
11,0.8594730496406555,0.3497529625892639,0.48241207003593445,82.89997863769531
12,0.8594730496406555,0.33805710077285767,0.3425460755825043,9.676708221435547
13,0.8858218193054199,0.29046717286109924,0.2956448793411255,8.797435760498047
14,0.8973650932312012,0.2661289572715759,0.4514237940311432,24.552921295166016
15,0.8893349766731262,0.2793225944042206,0.3324958086013794,8.919896125793457
16,0.9084064960479736,0.24280138313770294,0.28894472122192383,6.531182765960693
17,0.8770388960838318,0.30108678340911865,0.34840869903564453,5.5561394691467285
18,0.9008783102035522,0.25094369053840637,0.5494137406349182,4.672725200653076
19,0.9036386609077454,0.25482186675071716,0.42211055755615234,12.45518970489502
20,0.9104140400886536,0.2332637459039688,0.36432161927223206,11.981307983398438
