epoch,accuracy,loss,val_accuracy,val_loss
0,0.5989962220191956,0.824328601360321,0.48241207003593445,1.3470162153244019
1,0.7222082614898682,0.6202805042266846,0.48241207003593445,3.84940767288208
2,0.7764115333557129,0.5213552713394165,0.48241207003593445,5.636861324310303
3,0.7929736375808716,0.48074474930763245,0.47152429819107056,4.396937847137451
4,0.8122960925102234,0.4400976896286011,0.3366834223270416,2.2772891521453857
5,0.8301129341125488,0.41552257537841797,0.6298157572746277,1.4211701154708862
6,0.8426599502563477,0.37794414162635803,0.643216073513031,1.426017165184021
7,0.8489335179328918,0.3713078200817108,0.6340033411979675,1.484703540802002
8,0.8521957397460938,0.3485819399356842,0.6649916172027588,1.412125587463379
9,0.8584692478179932,0.33655667304992676,0.6356784105300903,1.6668485403060913
10,0.8647427558898926,0.3241029679775238,0.6381909251213074,1.7097344398498535
11,0.8737766742706299,0.3059519827365875,0.5988274812698364,2.038914203643799
12,0.8820577263832092,0.29054132103919983,0.6742043495178223,1.9298384189605713
13,0.8910915851593018,0.2841034233570099,0.6373534202575684,2.014834403991699
14,0.8958594799041748,0.27197694778442383,0.6574539542198181,2.0621097087860107
15,0.9021329879760742,0.25217583775520325,0.6524288058280945,1.9598811864852905
16,0.8918443918228149,0.26622992753982544,0.6934673190116882,1.7294615507125854
17,0.9071518182754517,0.24204950034618378,0.662479043006897,2.0862090587615967
18,0.903387725353241,0.2353791445493698,0.5259631276130676,2.5312113761901855
19,0.9149309992790222,0.22992181777954102,0.5946398377418518,2.1469976902008057
20,0.9101631045341492,0.22519482672214508,0.6356784105300903,2.2378151416778564
