epoch,accuracy,loss,val_accuracy,val_loss
0,0.5949811935424805,0.8544358015060425,0.5217755436897278,3.1611311435699463
1,0.6652446389198303,0.7389816641807556,0.41206029057502747,1.983695149421692
2,0.6925972104072571,0.691603422164917,0.37520939111709595,1.9849778413772583
3,0.7089083790779114,0.6626423597335815,0.6088777184486389,1.0555996894836426
4,0.7229611277580261,0.6269165277481079,0.39949747920036316,2.0145435333251953
5,0.720200777053833,0.6669395565986633,0.5041875839233398,12.425634384155273
6,0.7171894311904907,0.6716095805168152,0.44723618030548096,1.2873624563217163
7,0.753074049949646,0.5689374208450317,0.4195979833602905,1.8468129634857178
8,0.7646173238754272,0.5344395637512207,0.6482412219047546,2.3307037353515625
9,0.7370138168334961,0.6264017224311829,0.5335008502006531,1.524842381477356
10,0.7555834650993347,0.5866378545761108,0.38609716296195984,1.4154329299926758
11,0.7628607153892517,0.5551589727401733,0.13902847468852997,3.7944204807281494
12,0.7693852186203003,0.5407208204269409,0.5159128904342651,1.366683006286621
13,0.7774153351783752,0.5556625127792358,0.4187604784965515,1.2588468790054321
14,0.8135508298873901,0.44737640023231506,0.43216079473495483,7.8022942543029785
15,0.7786700129508972,0.5242181420326233,0.520100474357605,5.542163372039795
16,0.7498117685317993,0.588383138179779,0.33752092719078064,2.018012523651123
17,0.8042659759521484,0.48931485414505005,0.520100474357605,1.9663697481155396
18,0.8243412971496582,0.43359965085983276,0.49497488141059875,2.9316086769104004
19,0.8313676118850708,0.44595250487327576,0.3475711941719055,4.368148326873779
20,0.8336260914802551,0.41031038761138916,0.5343383550643921,7.712493896484375
21,0.8145545721054077,0.4656834900379181,0.6298157572746277,4.8750786781311035
22,0.8316185474395752,0.4271986782550812,0.49581238627433777,8.193977355957031
23,0.8271016478538513,0.4349827468395233,0.5636515617370605,7.9671430587768555
