epoch,accuracy,loss,val_accuracy,val_loss
0,0.6233375072479248,0.8491140007972717,0.48241207003593445,10.655098915100098
1,0.6582183241844177,0.749929666519165,0.5058626532554626,0.9981047511100769
2,0.6785445213317871,0.6899465918540955,0.44807371497154236,1.7213343381881714
3,0.7151819467544556,0.6365299224853516,0.4522612988948822,4.28472375869751
4,0.7091593742370605,0.6600794196128845,0.6557788848876953,1.379488468170166
5,0.7317440509796143,0.5914419293403625,0.5477386713027954,2.0726521015167236
6,0.7405269742012024,0.5953131318092346,0.4849246144294739,5.821529865264893
7,0.759096622467041,0.5573564171791077,0.5510887503623962,1.5719263553619385
8,0.7831869721412659,0.5081106424331665,0.49664992094039917,3.019390344619751
9,0.7390213012695312,0.5932614803314209,0.3542713522911072,4.246394157409668
10,0.7447929978370667,0.5932796001434326,0.5460636615753174,2.5639772415161133
11,0.766373872756958,0.5374001264572144,0.36264657974243164,2.822101593017578
12,0.7774153351783752,0.5205404758453369,0.3006700277328491,4.902031898498535
13,0.7801756858825684,0.49747946858406067,0.4061976671218872,2.836331844329834
14,0.796737790107727,0.46435466408729553,0.3458961546421051,4.1630353927612305
15,0.8077791929244995,0.46771883964538574,0.49246230721473694,2.441823959350586
16,0.8228356242179871,0.4353221356868744,0.4882746934890747,4.203088283538818
17,0.8288581967353821,0.43757349252700806,0.5360134243965149,3.7171566486358643
18,0.8286072611808777,0.432869017124176,0.45728641748428345,2.579019069671631
19,0.8537013530731201,0.3761991560459137,0.5276381969451904,2.633871555328369
20,0.8434128165245056,0.38855645060539246,0.3090452253818512,5.666848659515381
21,0.8599749207496643,0.35246291756629944,0.5226130485534668,2.6789581775665283
