epoch,accuracy,loss,val_accuracy,val_loss
0,0.4968632459640503,0.9589606523513794,0.48241207003593445,1.0871862173080444
1,0.6632371544837952,0.7386772036552429,0.48241207003593445,1.4920696020126343
2,0.7319949865341187,0.6094463467597961,0.48241207003593445,2.9248757362365723
3,0.7776662707328796,0.5289974212646484,0.48241207003593445,4.919010162353516
4,0.7974905967712402,0.4740310311317444,0.48241207003593445,6.177144527435303
5,0.8158093094825745,0.44113659858703613,0.48241207003593445,6.541515827178955
6,0.8220828175544739,0.424010694026947,0.48241207003593445,5.610769748687744
7,0.8341279625892639,0.39752280712127686,0.48241207003593445,3.80047869682312
8,0.838895857334137,0.392287939786911,0.4983249604701996,2.270615577697754
9,0.8491844534873962,0.3661118149757385,0.4974874258041382,2.1862540245056152
10,0.8476787805557251,0.36216288805007935,0.5804020166397095,1.525086522102356
11,0.8700125217437744,0.32968446612358093,0.589614748954773,1.5772662162780762
12,0.8652446866035461,0.32640892267227173,0.6289782524108887,1.595462441444397
13,0.8800501823425293,0.30868232250213623,0.6113902926445007,1.626076102256775
14,0.8810539245605469,0.29454225301742554,0.64405357837677,1.6063858270645142
15,0.8895859718322754,0.29030051827430725,0.5963149070739746,1.7379313707351685
16,0.8843162059783936,0.2911038398742676,0.6273031830787659,1.5794087648391724
17,0.8920953869819641,0.27451443672180176,0.6130653023719788,1.6042004823684692
18,0.8943538069725037,0.26935240626335144,0.6348408460617065,1.636956810951233
19,0.9003764390945435,0.24980029463768005,0.5812395215034485,1.9773889780044556
20,0.8983688950538635,0.25180956721305847,0.6088777184486389,1.8920403718948364
