epoch,accuracy,loss,val_accuracy,val_loss
0,0.6062735319137573,0.8143071532249451,0.48241207003593445,3.3407928943634033
1,0.7181932330131531,0.6231570839881897,0.4748743772506714,3.3198163509368896
2,0.7550815343856812,0.5512809753417969,0.6264656782150269,1.0956610441207886
3,0.7846925854682922,0.49205324053764343,0.623953104019165,1.1643821001052856
4,0.8007528185844421,0.4600066542625427,0.6289782524108887,1.335724949836731
5,0.8057716488838196,0.429314523935318,0.6147403717041016,1.2050540447235107
6,0.8298619985580444,0.4011244475841522,0.5954774022102356,1.216064453125
7,0.8358845710754395,0.3873104751110077,0.6013400554656982,1.5584784746170044
8,0.8526976108551025,0.3597930073738098,0.64405357837677,1.5701109170913696
9,0.8524466753005981,0.35039180517196655,0.5753768682479858,2.0724687576293945
10,0.8572145700454712,0.3345659375190735,0.5360134243965149,1.608779788017273
11,0.8805520534515381,0.30459487438201904,0.6113902926445007,1.691116452217102
12,0.8833124041557312,0.29620054364204407,0.6147403717041016,1.8344234228134155
13,0.8805520534515381,0.2944813072681427,0.5670017004013062,1.919988989830017
14,0.8860727548599243,0.29128241539001465,0.590452253818512,1.927682638168335
15,0.8976160883903503,0.2705121338367462,0.5670017004013062,1.9625552892684937
16,0.9011292457580566,0.2504245936870575,0.5569514036178589,1.9416581392288208
17,0.9016311168670654,0.24713823199272156,0.6105527877807617,2.0447587966918945
18,0.9041405320167542,0.24287016689777374,0.6038525700569153,1.8962925672531128
19,0.9036386609077454,0.23976537585258484,0.6021775603294373,2.2714362144470215
20,0.914178192615509,0.22424796223640442,0.6147403717041016,1.9213932752609253
21,0.9174404144287109,0.2147100418806076,0.5402010083198547,2.0383520126342773
22,0.9124215841293335,0.21099106967449188,0.6030150651931763,1.988199234008789
