epoch,accuracy,loss,val_accuracy,val_loss
0,0.6808030009269714,0.6874204874038696,0.48241207003593445,1.4137555360794067
1,0.8042659759521484,0.4434834122657776,0.48241207003593445,2.5350341796875
2,0.8419071435928345,0.3708604574203491,0.48241207003593445,4.21636438369751
3,0.8599749207496643,0.3384421169757843,0.48241207003593445,7.199148178100586
4,0.8755332231521606,0.29529502987861633,0.48241207003593445,10.797865867614746
5,0.8835633397102356,0.2803679406642914,0.48241207003593445,13.20442008972168
6,0.9069008827209473,0.23683468997478485,0.48241207003593445,17.04159927368164
7,0.8943538069725037,0.25028324127197266,0.48241207003593445,20.321958541870117
8,0.914178192615509,0.22175711393356323,0.48241207003593445,22.53561019897461
9,0.9199498295783997,0.19689980149269104,0.48241207003593445,25.752912521362305
10,0.921455442905426,0.19682681560516357,0.48241207003593445,26.849397659301758
11,0.9370138049125671,0.16007748246192932,0.48241207003593445,29.25947380065918
12,0.922208309173584,0.18431326746940613,0.48241207003593445,23.8924503326416
13,0.9367628693580627,0.16690956056118011,0.48241207003593445,24.033531188964844
14,0.9360100626945496,0.15931765735149384,0.48241207003593445,20.331342697143555
15,0.940276026725769,0.15581738948822021,0.48241207003593445,23.954212188720703
16,0.9327477812767029,0.16279278695583344,0.43383583426475525,16.582530975341797
17,0.9367628693580627,0.15996234118938446,0.44723618030548096,16.873825073242188
18,0.9523212313652039,0.12820835411548615,0.44723618030548096,11.406091690063477
19,0.9430363774299622,0.15377913415431976,0.2998324930667877,6.574968338012695
20,0.948306143283844,0.13216808438301086,0.28224456310272217,5.6664814949035645
