epoch,accuracy,loss,val_accuracy,val_loss
0,0.6752822995185852,0.6755076050758362,0.48241207003593445,12.375016212463379
1,0.7688832879066467,0.5101657509803772,0.48241207003593445,10.67574405670166
2,0.8175658583641052,0.4174092710018158,0.28978225588798523,2.237060308456421
3,0.8534504175186157,0.3407771587371826,0.41289782524108887,2.5724644660949707
4,0.8642408847808838,0.34033098816871643,0.49329984188079834,2.979119300842285
5,0.8853199481964111,0.2733215093612671,0.44891121983528137,3.7742552757263184
6,0.8971141576766968,0.2687563896179199,0.454773873090744,2.8545610904693604
7,0.888582170009613,0.2595807909965515,0.42378559708595276,2.0122337341308594
8,0.9053952097892761,0.2276686429977417,0.5661641359329224,1.7226817607879639
9,0.9091593623161316,0.22392670810222626,0.4505862593650818,3.69111967086792
10,0.9121706485748291,0.21081677079200745,0.4656616449356079,13.056536674499512
11,0.929485559463501,0.17215143144130707,0.36264657974243164,8.257660865783691
12,0.9257214665412903,0.1895100474357605,0.4422110617160797,4.1849589347839355
13,0.9317440390586853,0.1627567857503891,0.5778894424438477,3.006925582885742
14,0.9397741556167603,0.15525931119918823,0.5418760180473328,3.060354232788086
15,0.9452948570251465,0.13670475780963898,0.5175879597663879,3.770786762237549
16,0.947051465511322,0.13929960131645203,0.570351779460907,4.888179302215576
17,0.943538248538971,0.139189213514328,0.5368509292602539,3.082996129989624
18,0.9465495347976685,0.14043112099170685,0.4865996539592743,7.939181804656982
19,0.9583438038825989,0.11129903048276901,0.3668341636657715,9.817839622497559
20,0.9555834531784058,0.11917749792337418,0.5603014826774597,7.746884822845459
21,0.9523212313652039,0.11351162940263748,0.7462311387062073,1.0481796264648438
22,0.9613550901412964,0.11110467463731766,0.4522612988948822,9.346099853515625
23,0.9696361422538757,0.08979486674070358,0.5552763938903809,7.104567527770996
24,0.9656210541725159,0.09994056075811386,0.6072027087211609,3.2258224487304688
