epoch,accuracy,loss,val_accuracy,val_loss
0,0.5488080382347107,0.8992105722427368,0.48241207003593445,1.1093868017196655
1,0.6564617156982422,0.7145311832427979,0.48241207003593445,1.639168381690979
2,0.7365119457244873,0.5942290425300598,0.48241207003593445,3.0097970962524414
3,0.7728983759880066,0.5196202397346497,0.48241207003593445,4.7423200607299805
4,0.7869510650634766,0.48339879512786865,0.48241207003593445,6.447377681732178
5,0.8042659759521484,0.4518408477306366,0.48241207003593445,6.712947845458984
6,0.8102886080741882,0.43301859498023987,0.48241207003593445,5.825381278991699
7,0.8383939862251282,0.39508891105651855,0.48241207003593445,4.38493537902832
8,0.8328732848167419,0.39539462327957153,0.49246230721473694,3.0395286083221436
9,0.8441656231880188,0.3658066987991333,0.4137353301048279,2.137404441833496
10,0.8569636344909668,0.3512839376926422,0.5175879597663879,1.7006571292877197
11,0.8602258563041687,0.33917659521102905,0.6675041913986206,1.47732675075531
12,0.8740276098251343,0.3176027536392212,0.6222780346870422,1.527496337890625
13,0.8687578439712524,0.32213276624679565,0.623953104019165,1.583134412765503
14,0.8820577263832092,0.30430954694747925,0.6348408460617065,1.492918848991394
15,0.8830614686012268,0.29259780049324036,0.642378568649292,1.6904246807098389
16,0.8870765566825867,0.28259095549583435,0.6566163897514343,1.611809253692627
17,0.8951066732406616,0.27520227432250977,0.6373534202575684,1.6360187530517578
18,0.9008783102035522,0.2675400674343109,0.6356784105300903,1.7873166799545288
19,0.9016311168670654,0.25792449712753296,0.6365159153938293,1.6348718404769897
20,0.9071518182754517,0.2491350620985031,0.6398659944534302,1.8836727142333984
