epoch,accuracy,loss,val_accuracy,val_loss
0,0.5861982703208923,0.8325721621513367,0.5259631276130676,2.2754666805267334
1,0.700627326965332,0.6511746644973755,0.5745393633842468,0.9919368028640747
2,0.7380175590515137,0.574019730091095,0.5603014826774597,1.1579020023345947
3,0.7575909495353699,0.5486470460891724,0.6524288058280945,1.3065342903137207
4,0.7646173238754272,0.5136422514915466,0.6122277975082397,1.2879234552383423
5,0.7683814167976379,0.507157027721405,0.642378568649292,1.2364994287490845
6,0.7899623513221741,0.47151926159858704,0.6264656782150269,1.4444918632507324
7,0.8007528185844421,0.44772589206695557,0.6373534202575684,1.3931797742843628
8,0.8160602450370789,0.4281770586967468,0.6130653023719788,1.6760770082473755
9,0.8278544545173645,0.4096059799194336,0.5678392052650452,2.030149221420288
10,0.8351317644119263,0.38150522112846375,0.5695142149925232,1.8634282350540161
11,0.8501881957054138,0.3711566925048828,0.6448911428451538,2.1638920307159424
12,0.8547051548957825,0.3451567590236664,0.5418760180473328,1.8215000629425049
13,0.8664993643760681,0.330801784992218,0.6222780346870422,2.107740879058838
14,0.86976158618927,0.30675792694091797,0.5670017004013062,1.8404892683029175
15,0.8797992467880249,0.29025998711586,0.6557788848876953,1.5531318187713623
16,0.8835633397102356,0.2875121831893921,0.5460636615753174,1.8363292217254639
17,0.8936010003089905,0.2663840651512146,0.6457286477088928,2.0891542434692383
18,0.8910915851593018,0.27201253175735474,0.5410385131835938,2.3948326110839844
19,0.8971141576766968,0.2586809992790222,0.5628140568733215,1.528045415878296
20,0.9041405320167542,0.24312657117843628,0.6281406879425049,1.1202274560928345
21,0.9056461453437805,0.2341722995042801,0.6088777184486389,1.8258179426193237
