epoch,accuracy,loss,val_accuracy,val_loss
0,0.5432873368263245,0.9785677790641785,0.3316583037376404,1.3031123876571655
1,0.5904642343521118,0.8771814703941345,0.572026789188385,0.8966084718704224
2,0.5846925973892212,0.8526453375816345,0.5100502371788025,3.380254030227661
3,0.6153073906898499,0.8153558969497681,0.49581238627433777,1.3434221744537354
4,0.6258469223976135,0.7920165061950684,0.4530988335609436,1.1534147262573242
5,0.6165621280670166,0.8099731206893921,0.47068676352500916,2.2795968055725098
6,0.6263487935066223,0.766103982925415,0.6298157572746277,0.9135650396347046
7,0.6012547016143799,0.807655930519104,0.5561138987541199,1.1694414615631104
8,0.6225847005844116,0.7789775133132935,0.5,1.780609369277954
9,0.6203262209892273,0.7843306064605713,0.48241207003593445,43.45958709716797
10,0.6130489110946655,0.7976312637329102,0.402847558259964,10.805046081542969
11,0.6092848181724548,0.812655508518219,0.48241207003593445,59.63983917236328
12,0.6210790276527405,0.7910381555557251,0.48241207003593445,327.5229187011719
13,0.6145545840263367,0.783761203289032,0.3551088869571686,3.4996883869171143
14,0.6035131812095642,0.8084322810173035,0.6046901345252991,2.0720226764678955
15,0.6281054019927979,0.7804504036903381,0.5075376629829407,1.0391323566436768
16,0.6012547016143799,0.8014776110649109,0.6641541123390198,0.740743100643158
17,0.57114177942276,0.8205278515815735,0.5577889680862427,4.013264179229736
18,0.5914679765701294,0.790797770023346,0.4530988335609436,3.307765245437622
19,0.6105394959449768,0.7751902937889099,0.48241207003593445,118.50236511230469
20,0.5405269861221313,0.8514905571937561,0.641541063785553,0.9810267686843872
21,0.5849435329437256,0.8276026844978333,0.48241207003593445,22.40217399597168
22,0.5796737670898438,0.867304801940918,0.4782244563102722,5.072626113891602
23,0.5420325994491577,0.8947253227233887,0.6524288058280945,1.7095685005187988
24,0.5525721311569214,0.8645119071006775,0.48241207003593445,0.7608209848403931
