epoch,accuracy,loss,val_accuracy,val_loss
0,0.643663763999939,0.7549871802330017,0.48241207003593445,34.1829948425293
1,0.7350062727928162,0.5922231078147888,0.48241207003593445,37.19515609741211
2,0.7708908319473267,0.5064634680747986,0.4070351719856262,6.112499237060547
3,0.7525721192359924,0.5944982171058655,0.48241207003593445,1.3778964281082153
4,0.7728983759880066,0.522596538066864,0.6474036574363708,1.5943397283554077
5,0.8080301284790039,0.43977853655815125,0.47989949584007263,2.126059055328369
6,0.7944793105125427,0.4876730144023895,0.6474036574363708,1.1709661483764648
7,0.818820595741272,0.4489000141620636,0.572026789188385,2.355267286300659
8,0.8150564432144165,0.4370451271533966,0.48073703050613403,17.340314865112305
9,0.8185696601867676,0.4245550334453583,0.43216079473495483,12.995399475097656
10,0.8547051548957825,0.34999215602874756,0.5142378807067871,6.967630386352539
11,0.8592220544815063,0.35416486859321594,0.41206029057502747,4.920307159423828
12,0.8710163235664368,0.33889588713645935,0.4405360221862793,6.348058223724365
13,0.8602258563041687,0.3473336696624756,0.36097151041030884,1.7398227453231812
14,0.8607277274131775,0.3614398241043091,0.48241207003593445,24.192733764648438
15,0.868506908416748,0.34082409739494324,0.500837504863739,5.3243937492370605
16,0.8644918203353882,0.3483484387397766,0.36599665880203247,3.937664031982422
17,0.8818067908287048,0.3046007752418518,0.5301507711410522,3.398327112197876
18,0.9021329879760742,0.2540016770362854,0.35343384742736816,5.723687648773193
19,0.9011292457580566,0.26024284958839417,0.4648241102695465,24.075130462646484
20,0.8890840411186218,0.2940351366996765,0.37185928225517273,14.979578971862793
21,0.8946047425270081,0.2851142883300781,0.5410385131835938,2.465359926223755
22,0.8923463225364685,0.27587878704071045,0.49329984188079834,5.913054943084717
23,0.8941028714179993,0.2683524191379547,0.5812395215034485,3.9021246433258057
24,0.8855708837509155,0.3044794201850891,0.48241207003593445,110.73374938964844
