epoch,accuracy,loss,val_accuracy,val_loss
0,0.4088318943977356,1.4427473545074463,0.32575756311416626,1.5443705320358276
1,0.5638651251792908,1.167299509048462,0.32575756311416626,1.527023196220398
2,0.5985280275344849,1.0786943435668945,0.32575756311416626,1.6169102191925049
3,0.6203703880310059,1.0250539779663086,0.35606059432029724,1.779599905014038
4,0.6358024477958679,0.975831151008606,0.3160173296928406,1.9046483039855957
5,0.6443494558334351,0.93851238489151,0.26298701763153076,1.9803876876831055
6,0.6654796004295349,0.8945557475090027,0.280303031206131,1.9194356203079224
7,0.6621557474136353,0.8880773782730103,0.3484848439693451,1.7301559448242188
8,0.6711775660514832,0.8583201766014099,0.4610389471054077,1.4281288385391235
9,0.6851851940155029,0.8280692100524902,0.5508658289909363,1.1362876892089844
10,0.6915954351425171,0.8199743628501892,0.5790043473243713,0.9844724535942078
11,0.6963437795639038,0.791347086429596,0.6103895902633667,0.8984788060188293
12,0.7051281929016113,0.7726717591285706,0.6158008575439453,0.8595088720321655
13,0.6968185901641846,0.7701924443244934,0.5963203310966492,0.8921753764152527
14,0.7046533823013306,0.7452152371406555,0.5941558480262756,0.8999572396278381
15,0.7179487347602844,0.7279835939407349,0.5974025726318359,0.9316144585609436
16,0.7155745625495911,0.7191321849822998,0.6158008575439453,0.8586135506629944
17,0.7226970791816711,0.7181395292282104,0.6028138399124146,0.9625706672668457
18,0.7295821309089661,0.6917750239372253,0.6190476417541504,0.8737919926643372
19,0.7378917336463928,0.6786080598831177,0.6049783825874329,0.8679389357566833
20,0.7274454236030579,0.6851480007171631,0.6190476417541504,0.8911809921264648
21,0.7364672422409058,0.6667975187301636,0.6201298832893372,0.8194628953933716
22,0.7381291389465332,0.6594321727752686,0.6082251071929932,0.9718166589736938
23,0.7412155866622925,0.6478346586227417,0.6309523582458496,0.8820128440856934
24,0.7481006383895874,0.6319689154624939,0.5919913649559021,0.93990558385849
25,0.7473884224891663,0.6274744272232056,0.6266233921051025,0.9023459553718567
26,0.7476258277893066,0.6254217028617859,0.6320346593856812,1.0116771459579468
27,0.7526115775108337,0.6262435913085938,0.6093073487281799,0.9552621841430664
28,0.7504748106002808,0.6141801476478577,0.637445867061615,0.9182891249656677
29,0.7630579471588135,0.6079453229904175,0.6287878751754761,0.9159998297691345
30,0.7602089047431946,0.6018822193145752,0.6558441519737244,0.9374680519104004
31,0.7606837749481201,0.5917845964431763,0.6645021438598633,0.8942556381225586
32,0.7611585855484009,0.58250492811203,0.6720778942108154,0.8887048363685608
33,0.7651946544647217,0.5836520195007324,0.6428571343421936,0.8516455292701721
34,0.767568826675415,0.5859256386756897,0.6439393758773804,0.9639832973480225
35,0.7632953524589539,0.5763788819313049,0.6255411505699158,0.88960200548172
36,0.7611585855484009,0.5797717571258545,0.6385281682014465,0.9128320217132568
37,0.7599714994430542,0.5841078162193298,0.6623376607894897,0.9560762047767639
38,0.7744539380073547,0.5602808594703674,0.6385281682014465,0.8466106653213501
39,0.7756410241127014,0.5588200092315674,0.6385281682014465,1.1353111267089844
40,0.7746913433074951,0.5511862635612488,0.6699134111404419,1.0705662965774536
41,0.7708926796913147,0.5468438863754272,0.677489161491394,0.9073540568351746
42,0.7787274718284607,0.5410962104797363,0.6720778942108154,0.9772682189941406
43,0.7837132215499878,0.5398068428039551,0.6634199023246765,0.8816307187080383
44,0.7875118851661682,0.5325856804847717,0.6525974273681641,0.9967584013938904
45,0.7808641791343689,0.5351680517196655,0.6699134111404419,1.048805832862854
46,0.7773029208183289,0.5220445990562439,0.6385281682014465,1.038123369216919
