epoch,accuracy,loss,val_accuracy,val_loss
0,0.38627728819847107,1.4908404350280762,0.32575756311416626,1.5573508739471436
1,0.5365622043609619,1.194682240486145,0.32575756311416626,1.572853922843933
2,0.5769230723381042,1.1027966737747192,0.32575756311416626,1.6963236331939697
3,0.6032763719558716,1.0231903791427612,0.4015151560306549,1.8691538572311401
4,0.6291548013687134,0.9779879450798035,0.2651515007019043,2.030085802078247
5,0.6481481194496155,0.9284785985946655,0.20779220759868622,2.196373224258423
6,0.6517093777656555,0.9114240407943726,0.25974026322364807,2.165027141571045
7,0.6576448082923889,0.8859992623329163,0.2857142984867096,2.0649664402008057
8,0.6657170057296753,0.8497678637504578,0.3928571343421936,1.6812728643417358
9,0.6828110218048096,0.8210955858230591,0.5054112672805786,1.2945808172225952
10,0.6811491250991821,0.8121873140335083,0.5281385183334351,1.089837670326233
11,0.6868470907211304,0.7960997819900513,0.572510838508606,0.9835777282714844
12,0.702754020690918,0.7650829553604126,0.5670995712280273,0.980105459690094
13,0.7079772353172302,0.7490642070770264,0.5584415793418884,0.9757503867149353
14,0.710588812828064,0.7253064513206482,0.588744580745697,1.000272512435913
15,0.7205603122711182,0.7212446928024292,0.6158008575439453,0.965387761592865
16,0.7203229069709778,0.7038544416427612,0.6179653406143188,0.9518871903419495
17,0.7248337864875793,0.6868513822555542,0.6136363744735718,0.9539876580238342
18,0.732431173324585,0.6789002418518066,0.5974025726318359,1.0965354442596436
19,0.7210351228713989,0.6834551692008972,0.6212121248245239,0.938591480255127
20,0.7288699150085449,0.660035252571106,0.6277056336402893,0.9523460268974304
21,0.7369420528411865,0.6536270976066589,0.6212121248245239,1.0222299098968506
22,0.7469135522842407,0.6298290491104126,0.6060606241226196,1.0874403715133667
23,0.7533238530158997,0.619747519493103,0.6363636255264282,0.9295793175697327
24,0.7450142502784729,0.6259103417396545,0.600649356842041,1.0140711069107056
25,0.754273533821106,0.621130108833313,0.6222943663597107,0.9992499947547913
26,0.7552231550216675,0.6059938669204712,0.6352813839912415,1.0403581857681274
27,0.7549857497215271,0.6016060709953308,0.6244588494300842,1.0113695859909058
28,0.7509496808052063,0.5930752158164978,0.6753246784210205,0.8733689785003662
29,0.7592592835426331,0.5874413847923279,0.6352813839912415,0.9418880343437195
30,0.767568826675415,0.5721427798271179,0.6428571343421936,1.0441073179244995
31,0.7803893685340881,0.5650497674942017,0.6277056336402893,0.9644052982330322
32,0.7770655155181885,0.557898223400116,0.6471861600875854,0.9244425892829895
33,0.7659069299697876,0.567651093006134,0.6266233921051025,1.0430312156677246
34,0.7727920413017273,0.5500044822692871,0.6309523582458496,0.9745177030563354
35,0.787986695766449,0.5428330898284912,0.6590909361839294,0.9477844834327698
36,0.7844254374504089,0.535237729549408,0.6536796689033508,1.0237376689910889
37,0.790123462677002,0.5240033268928528,0.6666666865348816,0.9397341012954712
38,0.7884615659713745,0.5246389508247375,0.6785714030265808,0.8726442456245422
39,0.7934473156929016,0.5179839730262756,0.6298701167106628,0.9729862213134766
40,0.7929724454879761,0.509718656539917,0.637445867061615,0.9233162999153137
41,0.7917853593826294,0.5083462595939636,0.6525974273681641,0.9264808893203735
42,0.7908356785774231,0.5081930756568909,0.677489161491394,0.9839778542518616
43,0.790123462677002,0.5033473372459412,0.6720778942108154,0.9524711966514587
44,0.8010446429252625,0.5056977272033691,0.6450216174125671,0.9469099044799805
45,0.8010446429252625,0.5029153823852539,0.6645021438598633,1.1212236881256104
46,0.8024691343307495,0.4920984208583832,0.6590909361839294,1.0869206190109253
47,0.8000949621200562,0.4841288626194,0.6385281682014465,1.1101152896881104
48,0.8088793754577637,0.48195838928222656,0.6515151262283325,1.0204046964645386
49,0.811253547668457,0.46365511417388916,0.6742424368858337,0.8747768402099609
