epoch,accuracy,loss,val_accuracy,val_loss
0,0.39031338691711426,1.4783352613449097,0.33225107192993164,1.5554500818252563
1,0.5546059012413025,1.1842410564422607,0.32575756311416626,1.5203959941864014
2,0.5814340114593506,1.0913033485412598,0.32575756311416626,1.61917245388031
3,0.6094492077827454,1.0281140804290771,0.39177489280700684,1.764257550239563
4,0.6296296119689941,0.9801614284515381,0.3095238208770752,1.8672895431518555
5,0.6412630677223206,0.9333397746086121,0.28138527274131775,1.9652419090270996
6,0.6559829115867615,0.9113774299621582,0.2792207896709442,1.939630389213562
7,0.6666666865348816,0.8922476768493652,0.34632036089897156,1.776250958442688
8,0.6766381859779358,0.8453676700592041,0.469696968793869,1.4831137657165527
9,0.6892212629318237,0.816196620464325,0.5248917937278748,1.206512689590454
10,0.6896961331367493,0.798957884311676,0.5692640542984009,1.0356309413909912
11,0.6946818828582764,0.7794972658157349,0.5865800976753235,0.992235541343689
12,0.7113010287284851,0.7380739450454712,0.5865800976753235,0.9877655506134033
13,0.7134377956390381,0.7407196164131165,0.5865800976753235,0.9850285053253174
14,0.7153371572494507,0.7379782199859619,0.5941558480262756,0.9426977634429932
15,0.7172364592552185,0.7156315445899963,0.588744580745697,0.9700135588645935
16,0.7219848036766052,0.701078474521637,0.6179653406143188,0.9754371643066406
17,0.7352801561355591,0.6793354749679565,0.6222943663597107,0.9768935441970825
18,0.7329059839248657,0.6825929284095764,0.6309523582458496,0.9956028461456299
19,0.7345678806304932,0.6618732810020447,0.6298701167106628,0.9365436434745789
20,0.7357549667358398,0.6530887484550476,0.6082251071929932,0.9385021328926086
21,0.747863233089447,0.6459181904792786,0.6201298832893372,0.9717629551887512
22,0.7564102411270142,0.626641035079956,0.6038960814476013,0.9603416323661804
23,0.7502374053001404,0.6181693077087402,0.6309523582458496,0.9361942410469055
24,0.7611585855484009,0.6133015751838684,0.6244588494300842,1.0224961042404175
25,0.7656695246696472,0.5865277647972107,0.6266233921051025,0.9487430453300476
26,0.755698025226593,0.602628767490387,0.6298701167106628,0.9459962844848633
27,0.7706552743911743,0.5892729163169861,0.6201298832893372,1.1449116468429565
28,0.7585470080375671,0.5963097810745239,0.6320346593856812,0.9694665670394897
29,0.7678062915802002,0.5825778841972351,0.6352813839912415,0.9664353132247925
30,0.7687559127807617,0.5691320300102234,0.6331169009208679,1.0274460315704346
31,0.7670940160751343,0.572008490562439,0.6406926512718201,0.8970109224319458
32,0.7765907049179077,0.5657097697257996,0.6309523582458496,1.059867262840271
33,0.7761158347129822,0.561726450920105,0.6147186160087585,0.9857515096664429
34,0.7815764546394348,0.5413586497306824,0.6277056336402893,1.0056995153427124
35,0.7758784294128418,0.5519992709159851,0.6471861600875854,1.1003581285476685
36,0.7789648771286011,0.5570989847183228,0.6406926512718201,0.9328060150146484
37,0.7844254374504089,0.539374589920044,0.6461039185523987,0.9749895334243774
38,0.7844254374504089,0.5482495427131653,0.649350643157959,0.9607210755348206
39,0.7853751182556152,0.5264011025428772,0.6049783825874329,0.9613915085792542
40,0.7882241010665894,0.5186136364936829,0.6287878751754761,1.0649936199188232
41,0.7910731434822083,0.5175610780715942,0.6352813839912415,1.0914864540100098
42,0.7903608679771423,0.5173828601837158,0.6439393758773804,1.1056760549545288
43,0.7955840229988098,0.5045515894889832,0.6406926512718201,1.0554336309432983
44,0.7981956601142883,0.5013471245765686,0.6147186160087585,1.0743217468261719
45,0.8019943237304688,0.49943259358406067,0.6298701167106628,1.046629548072815
46,0.8043684959411621,0.4881644546985626,0.6601731777191162,0.9253138899803162
47,0.8103038668632507,0.48116278648376465,0.6309523582458496,1.0510551929473877
48,0.8105413317680359,0.47474315762519836,0.6341991424560547,0.9934653639793396
49,0.8084045648574829,0.47550836205482483,0.6590909361839294,1.0569669008255005
