epoch,accuracy,loss,val_accuracy,val_loss
0,0.3841405510902405,1.4415645599365234,0.2651515007019043,1.5890216827392578
1,0.5391737818717957,1.1557512283325195,0.2651515007019043,1.5453505516052246
2,0.5871319770812988,1.0667661428451538,0.20346319675445557,1.6203545331954956
3,0.6194207072257996,1.0085949897766113,0.24783550202846527,1.851013422012329
4,0.6198955178260803,0.9787077307701111,0.21536795794963837,2.1273396015167236
5,0.6415004730224609,0.9326308965682983,0.22077922523021698,2.2144389152526855
6,0.6479107141494751,0.9026586413383484,0.24783550202846527,2.087472915649414
7,0.6562203168869019,0.8824936747550964,0.2997835576534271,1.7773911952972412
8,0.6638176441192627,0.8608989715576172,0.4458874464035034,1.3989489078521729
9,0.666904091835022,0.8424608707427979,0.5194805264472961,1.1601790189743042
10,0.6818613409996033,0.8152109384536743,0.5703462958335876,1.0021626949310303
11,0.6882715821266174,0.7963322997093201,0.5670995712280273,0.9726805686950684
12,0.6994302272796631,0.7613124251365662,0.5898268222808838,0.9636264443397522
13,0.702754020690918,0.7528429627418518,0.5757575631141663,0.9825077652931213
14,0.7008547186851501,0.7449074983596802,0.5822510719299316,0.9759851098060608
15,0.7124881148338318,0.7280412912368774,0.588744580745697,1.0163798332214355
16,0.7196106314659119,0.7222132682800293,0.5746753215789795,0.9745097160339355
17,0.7253086566925049,0.705929160118103,0.5790043473243713,0.9858796000480652
18,0.7243589758872986,0.6855292320251465,0.5963203310966492,0.9601879715919495
19,0.730294406414032,0.6698825359344482,0.5952380895614624,0.9795202016830444
20,0.7352801561355591,0.6760333180427551,0.6309523582458496,0.890844464302063
21,0.732431173324585,0.6749728322029114,0.6093073487281799,0.902178168296814
22,0.7383665442466736,0.6519335508346558,0.6049783825874329,0.9988836646080017
23,0.7416903972625732,0.6429585814476013,0.6298701167106628,0.9704829454421997
24,0.7466761469841003,0.6344893574714661,0.6017315983772278,0.9632652401924133
25,0.7466761469841003,0.609451949596405,0.6060606241226196,0.9943146109580994
26,0.7514244914054871,0.6277394890785217,0.6309523582458496,0.9542180299758911
27,0.755698025226593,0.6100267171859741,0.6309523582458496,0.9192577004432678
28,0.7604463696479797,0.6131896376609802,0.6309523582458496,0.9146342873573303
29,0.7509496808052063,0.6014581322669983,0.6352813839912415,0.9880538582801819
30,0.7613959908485413,0.5912103056907654,0.6298701167106628,0.9829760193824768
31,0.7609211802482605,0.5833246111869812,0.6385281682014465,1.082112431526184
32,0.7723171710968018,0.5765774250030518,0.6331169009208679,1.0538301467895508
33,0.7632953524589539,0.5787938833236694,0.6417748928070068,1.0952407121658325
34,0.7765907049179077,0.5609549283981323,0.6352813839912415,1.1092407703399658
35,0.769705593585968,0.5636801719665527,0.6320346593856812,0.945824384689331
36,0.7782526016235352,0.5550107955932617,0.6244588494300842,0.9132014513015747
37,0.7770655155181885,0.5510627627372742,0.6201298832893372,1.0520919561386108
38,0.7787274718284607,0.542449951171875,0.6417748928070068,1.06247878074646
39,0.7801519632339478,0.5429078340530396,0.6396104097366333,1.0092636346817017
40,0.7846628427505493,0.5251134037971497,0.6396104097366333,1.115709662437439
41,0.7867996096611023,0.5249223113059998,0.6396104097366333,1.0360435247421265
42,0.7799145579338074,0.5286247730255127,0.6341991424560547,1.1314928531646729
43,0.791547954082489,0.5209782123565674,0.6352813839912415,1.131366491317749
44,0.787986695766449,0.5207874178886414,0.6320346593856812,1.1034297943115234
45,0.7886989712715149,0.5091218948364258,0.6482684016227722,1.1205419301986694
