epoch,accuracy,loss,val_accuracy,val_loss
0,0.3960113823413849,1.4368771314620972,0.350649356842041,1.5633912086486816
1,0.5603038668632507,1.1713900566101074,0.32575756311416626,1.5333698987960815
2,0.602801501750946,1.0584453344345093,0.32575756311416626,1.7000855207443237
3,0.6189458966255188,1.0128090381622314,0.380952388048172,1.9779207706451416
4,0.632478654384613,0.9674006700515747,0.3030303120613098,2.1894538402557373
5,0.646486222743988,0.9382398724555969,0.26623377203941345,2.377511501312256
6,0.6664292216300964,0.8986489176750183,0.2554112672805786,2.4132187366485596
7,0.6635802388191223,0.8816539645195007,0.2922077775001526,2.199065685272217
8,0.6721272468566895,0.8581200242042542,0.3787878751754761,1.7902588844299316
9,0.6768755912780762,0.8399826288223267,0.5183982849121094,1.3659251928329468
10,0.68660968542099,0.817169189453125,0.5378788113594055,1.114443063735962
11,0.702754020690918,0.8007620573043823,0.572510838508606,1.0033845901489258
12,0.7053655982017517,0.7738078832626343,0.5670995712280273,0.9728942513465881
13,0.7056030631065369,0.7697806358337402,0.5952380895614624,0.9265121817588806
14,0.7113010287284851,0.7575429677963257,0.5930736064910889,0.920382022857666
15,0.7143874764442444,0.7402596473693848,0.5919913649559021,0.9617329239845276
16,0.7198480367660522,0.727039635181427,0.6266233921051025,0.9563944935798645
17,0.730294406414032,0.7045672535896301,0.5963203310966492,0.9077327251434326
18,0.7331433892250061,0.6980226039886475,0.6168830990791321,0.8862580060958862
19,0.7286324501037598,0.6803176403045654,0.6341991424560547,0.9355747699737549
20,0.7371794581413269,0.6703826189041138,0.6277056336402893,0.9071646928787231
21,0.7421652674674988,0.6636866331100464,0.6287878751754761,0.8912218809127808
22,0.752136766910553,0.6492061018943787,0.6298701167106628,0.8960849642753601
23,0.7511870861053467,0.6433665156364441,0.6212121248245239,0.9255858659744263
24,0.7416903972625732,0.6526751518249512,0.6244588494300842,0.9452060461044312
25,0.7575973272323608,0.634087324142456,0.6082251071929932,1.0916072130203247
26,0.7604463696479797,0.6135868430137634,0.637445867061615,0.932400107383728
27,0.7533238530158997,0.6211236715316772,0.6580086350440979,0.9442768692970276
28,0.7623456716537476,0.6057283282279968,0.6396104097366333,0.9052391648292542
29,0.764007568359375,0.5908295512199402,0.6385281682014465,0.8795928955078125
30,0.7659069299697876,0.5912801027297974,0.637445867061615,0.9624526500701904
31,0.771842360496521,0.5861977338790894,0.6385281682014465,0.8871294856071472
32,0.7670940160751343,0.5771803259849548,0.6450216174125671,1.0300848484039307
33,0.7749287486076355,0.5682101249694824,0.6363636255264282,0.9314324855804443
34,0.7794396877288818,0.5633636116981506,0.6601731777191162,0.8893868327140808
35,0.7782526016235352,0.5579689741134644,0.6818181872367859,0.895634651184082
36,0.7765907049179077,0.555785059928894,0.6634199023246765,1.0970206260681152
37,0.7751662135124207,0.5557274222373962,0.6634199023246765,0.908555269241333
38,0.7898860573768616,0.5310518741607666,0.673160195350647,0.9799509644508362
39,0.7851377129554749,0.5454895496368408,0.6396104097366333,0.9732786417007446
40,0.7853751182556152,0.5244645476341248,0.6428571343421936,0.9501442909240723
41,0.7953466176986694,0.5261538028717041,0.6601731777191162,0.9096930027008057
42,0.7882241010665894,0.5243219137191772,0.6645021438598633,0.9727556705474854
43,0.7891737818717957,0.5294791460037231,0.6623376607894897,1.0142261981964111
44,0.7934473156929016,0.5127187371253967,0.6515151262283325,1.1275051832199097
45,0.7962962985038757,0.5145502090454102,0.6720778942108154,1.1049972772598267
46,0.7913105487823486,0.5030191540718079,0.6666666865348816,0.9024686217308044
47,0.8027065396308899,0.49793848395347595,0.6428571343421936,1.0242279767990112
48,0.8017568588256836,0.489046186208725,0.6569263935089111,0.976933479309082
49,0.8124406337738037,0.4807632863521576,0.6547619104385376,1.0316423177719116
