epoch,accuracy,loss,val_accuracy,val_loss
0,0.43209877610206604,1.3723063468933105,0.32575756311416626,1.5439388751983643
1,0.5826210975646973,1.1209073066711426,0.32575756311416626,1.61008882522583
2,0.6125355958938599,1.0364265441894531,0.32575756311416626,1.840686559677124
3,0.6272554397583008,0.9911594390869141,0.399350643157959,2.1248135566711426
4,0.6424501538276672,0.9413353800773621,0.2738095223903656,2.334306478500366
5,0.6483855843544006,0.9205544590950012,0.25,2.4569637775421143
6,0.6597815752029419,0.8939354419708252,0.24783550202846527,2.370929718017578
7,0.6699904799461365,0.854019284248352,0.2997835576534271,1.9881079196929932
8,0.6692782640457153,0.8405295610427856,0.4285714328289032,1.5364278554916382
9,0.6811491250991821,0.824618935585022,0.5270562767982483,1.1930965185165405
10,0.6737892031669617,0.8153818845748901,0.5660173296928406,1.009651780128479
11,0.6868470907211304,0.7901618480682373,0.572510838508606,0.9399585127830505
12,0.704890787601471,0.7717220187187195,0.5681818127632141,0.9429149627685547
13,0.7155745625495911,0.7463557720184326,0.5703462958335876,0.9351692199707031
14,0.7148622870445251,0.732093095779419,0.5963203310966492,0.9510466456413269
15,0.7196106314659119,0.7289804220199585,0.6136363744735718,0.9450626969337463
16,0.710588812828064,0.7273703217506409,0.6168830990791321,0.894324004650116
17,0.7269705533981323,0.7098036408424377,0.6244588494300842,0.8952579498291016
18,0.7319563031196594,0.6877113580703735,0.6244588494300842,0.9187797904014587
19,0.7321937084197998,0.6886427998542786,0.6212121248245239,0.9361277222633362
20,0.731718897819519,0.6795786023139954,0.6461039185523987,0.8956721425056458
21,0.7409781813621521,0.6699848771095276,0.6396104097366333,0.9357232451438904
22,0.7509496808052063,0.6352929472923279,0.637445867061615,0.9586917757987976
23,0.7376543283462524,0.656061589717865,0.6536796689033508,0.9651286602020264
24,0.7511870861053467,0.6374284625053406,0.6385281682014465,0.9519974589347839
25,0.7552231550216675,0.622571587562561,0.6309523582458496,0.9139168858528137
26,0.745726466178894,0.6297937631607056,0.6547619104385376,0.9518609642982483
27,0.7554605603218079,0.6133883595466614,0.649350643157959,0.9174181222915649
28,0.754273533821106,0.6133440136909485,0.6558441519737244,1.0211387872695923
29,0.7635327577590942,0.5989277958869934,0.6461039185523987,0.8689192533493042
30,0.7587844133377075,0.6005808711051941,0.6439393758773804,0.9912830591201782
31,0.7637701630592346,0.5891340970993042,0.6688311696052551,0.926607072353363
32,0.7744539380073547,0.5756793022155762,0.6699134111404419,0.8382364511489868
33,0.7666192054748535,0.5742432475090027,0.673160195350647,1.0403939485549927
34,0.7632953524589539,0.5820477604866028,0.6796537041664124,0.9981659650802612
35,0.7711300849914551,0.5648469924926758,0.6861472129821777,0.939215362071991
36,0.7787274718284607,0.5488561391830444,0.677489161491394,0.8930516242980957
37,0.7730294466018677,0.564835786819458,0.6569263935089111,0.9068653583526611
38,0.7924976348876953,0.5320581197738647,0.6720778942108154,0.9503918290138245
39,0.787986695766449,0.537803053855896,0.673160195350647,0.9712425470352173
40,0.7834757566452026,0.5373900532722473,0.6796537041664124,1.0682604312896729
41,0.7886989712715149,0.524121105670929,0.6547619104385376,0.9570366144180298
42,0.7922602295875549,0.5234419107437134,0.6839826703071594,0.9013175964355469
43,0.7924976348876953,0.5189052820205688,0.6623376607894897,1.0897074937820435
44,0.7927350401878357,0.5247719883918762,0.6417748928070068,1.0063111782073975
45,0.7896486520767212,0.5169987678527832,0.6580086350440979,0.9512584209442139
46,0.7953466176986694,0.5014809966087341,0.6677489280700684,0.9560326337814331
47,0.8022317290306091,0.5018063187599182,0.6796537041664124,1.0232735872268677
48,0.7986704707145691,0.49542126059532166,0.6839826703071594,0.9828563928604126
49,0.7979581952095032,0.5027186870574951,0.6709956526756287,1.0108307600021362
