epoch,accuracy,loss,val_accuracy,val_loss
0,0.4059829115867615,1.4083911180496216,0.3712121248245239,1.566288948059082
1,0.5465337038040161,1.1561310291290283,0.32575756311416626,1.5576835870742798
2,0.5866571664810181,1.0594691038131714,0.35281383991241455,1.7024229764938354
3,0.6122981905937195,0.9973225593566895,0.29004329442977905,1.8592571020126343
4,0.6284425258636475,0.9543465971946716,0.22186146676540375,2.0358595848083496
5,0.650759756565094,0.9111630320549011,0.1937229484319687,2.239746570587158
6,0.6581196784973145,0.8894827365875244,0.2110389620065689,2.271069288253784
7,0.6728395223617554,0.8537685871124268,0.268398255109787,2.01424241065979
8,0.6799620389938354,0.8402741551399231,0.41450217366218567,1.623424768447876
9,0.6849477887153625,0.8214696049690247,0.5151515007019043,1.2601733207702637
10,0.6847103238105774,0.7897886633872986,0.5584415793418884,1.0687366724014282
11,0.6980056762695312,0.7723839282989502,0.5800865888595581,0.9824857115745544
12,0.7075023651123047,0.7504955530166626,0.572510838508606,0.9171467423439026
13,0.7124881148338318,0.7393190264701843,0.5952380895614624,0.9480963945388794
14,0.7150996923446655,0.7246249318122864,0.5844155550003052,0.9451834559440613
15,0.7160493731498718,0.7101671695709229,0.6320346593856812,0.9500682353973389
16,0.7167616486549377,0.6983524560928345,0.6266233921051025,0.9678666591644287
17,0.7253086566925049,0.6819542646408081,0.6590909361839294,0.9523506760597229
18,0.7345678806304932,0.6650495529174805,0.6525974273681641,0.9452263712882996
19,0.7357549667358398,0.6696949005126953,0.6385281682014465,0.9460865259170532
20,0.7383665442466736,0.6602263450622559,0.6287878751754761,1.006333827972412
21,0.7333807945251465,0.6501646637916565,0.6471861600875854,0.9090660810470581
22,0.7435897588729858,0.6394996047019958,0.6471861600875854,0.9081650376319885
23,0.7390788197517395,0.643280029296875,0.6320346593856812,0.9198741912841797
24,0.7438271641731262,0.624663770198822,0.6266233921051025,0.9958903789520264
25,0.7454890608787537,0.6252325773239136,0.637445867061615,0.9255141615867615
26,0.7545109391212463,0.609088659286499,0.6439393758773804,1.1486445665359497
27,0.7552231550216675,0.596304714679718,0.6547619104385376,0.900940477848053
28,0.7490503191947937,0.6036556363105774,0.6796537041664124,0.9824820756912231
29,0.7635327577590942,0.5779005289077759,0.6666666865348816,0.97696852684021
30,0.7625830769538879,0.5781896710395813,0.6818181872367859,0.9201087355613708
31,0.7590218186378479,0.596966564655304,0.6709956526756287,0.9369505047798157
32,0.767568826675415,0.5749790072441101,0.6471861600875854,0.9634919166564941
33,0.7613959908485413,0.5644576549530029,0.6471861600875854,1.042902946472168
34,0.7784900069236755,0.561870276927948,0.6580086350440979,0.9171610474586487
35,0.768281102180481,0.5617349147796631,0.6482684016227722,1.0101431608200073
36,0.7689933776855469,0.5560656189918518,0.6807359457015991,1.0025378465652466
37,0.7670940160751343,0.5486693978309631,0.637445867061615,0.9984214901924133
38,0.7758784294128418,0.532031774520874,0.6428571343421936,1.0918858051300049
39,0.773979127407074,0.5396397113800049,0.6720778942108154,0.908693790435791
40,0.7704178690910339,0.5390616655349731,0.6709956526756287,1.0334303379058838
41,0.782288670539856,0.5301080346107483,0.6753246784210205,0.957585334777832
42,0.7865622043609619,0.521670401096344,0.6569263935089111,1.0369445085525513
43,0.7820512652397156,0.5299287438392639,0.6439393758773804,0.9631689190864563
44,0.7884615659713745,0.5142189264297485,0.6396104097366333,0.9945170879364014
45,0.7806267738342285,0.5208783745765686,0.6699134111404419,0.9675403237342834
46,0.7962962985038757,0.5022357702255249,0.673160195350647,1.0054264068603516
47,0.7948718070983887,0.49934419989585876,0.6829004287719727,0.9972636103630066
48,0.7943969368934631,0.5008041858673096,0.6688311696052551,1.0207037925720215
49,0.7924976348876953,0.4971016049385071,0.6569263935089111,1.0355722904205322
