epoch,accuracy,loss,val_accuracy,val_loss
0,0.38152897357940674,1.4752970933914185,0.2651515007019043,1.5793052911758423
1,0.5389363765716553,1.1789519786834717,0.338744580745697,1.5321764945983887
2,0.5826210975646973,1.0937201976776123,0.32575756311416626,1.6735644340515137
3,0.604938268661499,1.0318279266357422,0.3452380895614624,1.9573159217834473
4,0.6322411894798279,0.972301185131073,0.3896103799343109,2.1780319213867188
5,0.6531339287757874,0.9370226263999939,0.2922077775001526,2.1858747005462646
6,0.6457740068435669,0.9117449522018433,0.3041125535964966,2.0668139457702637
7,0.6645299196243286,0.8847836256027222,0.380952388048172,1.7890652418136597
8,0.6783000826835632,0.8462830781936646,0.49242424964904785,1.448791265487671
9,0.6780626773834229,0.8383266925811768,0.5692640542984009,1.1928551197052002
10,0.6977682709693909,0.7998602986335754,0.5692640542984009,1.0209400653839111
11,0.6873219609260559,0.7990959286689758,0.5919913649559021,0.9321940541267395
12,0.7022792100906372,0.7788053750991821,0.5919913649559021,0.9363224506378174
13,0.6939696073532104,0.7610110640525818,0.588744580745697,0.9690470099449158
14,0.7034662961959839,0.7553640604019165,0.5638527870178223,1.0050461292266846
15,0.708452045917511,0.7356999516487122,0.5995671153068542,0.9491663575172424
16,0.7217473983764648,0.7199474573135376,0.5616883039474487,1.0222804546356201
17,0.7196106314659119,0.7046562433242798,0.600649356842041,0.942866325378418
18,0.7203229069709778,0.7084136009216309,0.5984848737716675,1.0178337097167969
19,0.7326685786247253,0.6856311559677124,0.5963203310966492,1.0145155191421509
20,0.7376543283462524,0.6678022742271423,0.6439393758773804,0.9496433734893799
21,0.7279202342033386,0.6710808873176575,0.588744580745697,0.9917320013046265
22,0.7431148886680603,0.6559786796569824,0.6298701167106628,0.941730260848999
23,0.7371794581413269,0.6480996608734131,0.6277056336402893,0.9696486592292786
24,0.7421652674674988,0.6428712010383606,0.6298701167106628,0.975223958492279
25,0.7559354305267334,0.6151387095451355,0.6309523582458496,0.977941632270813
26,0.7492877244949341,0.6246435642242432,0.6385281682014465,1.0000253915786743
27,0.7514244914054871,0.6190272569656372,0.6385281682014465,0.9271586537361145
28,0.7554605603218079,0.6061485409736633,0.6352813839912415,1.0314353704452515
29,0.7585470080375671,0.5993490815162659,0.6417748928070068,0.9689940214157104
30,0.7590218186378479,0.6005686521530151,0.6352813839912415,1.0434049367904663
31,0.7561728358268738,0.5938410758972168,0.6439393758773804,1.0011190176010132
32,0.7649572491645813,0.5744183659553528,0.6461039185523987,0.9445447325706482
33,0.7706552743911743,0.576539933681488,0.6471861600875854,0.9873453378677368
34,0.7583096027374268,0.5791162848472595,0.6461039185523987,0.9538963437080383
35,0.769705593585968,0.5590783953666687,0.6461039185523987,0.9594396352767944
36,0.7756410241127014,0.5551170706748962,0.649350643157959,0.9151345491409302
37,0.7708926796913147,0.5590787529945374,0.6471861600875854,0.945439338684082
38,0.7735042572021484,0.5469831228256226,0.6331169009208679,1.0366986989974976
39,0.7846628427505493,0.528864324092865,0.637445867061615,1.048061728477478
40,0.7813390493392944,0.5394440293312073,0.6417748928070068,1.079350233078003
41,0.7756410241127014,0.5346032977104187,0.6396104097366333,1.0028916597366333
42,0.7846628427505493,0.5292162895202637,0.6428571343421936,1.0958586931228638
43,0.7815764546394348,0.5144823789596558,0.6428571343421936,1.0285594463348389
44,0.7886989712715149,0.5184309482574463,0.6406926512718201,1.0585871934890747
45,0.7875118851661682,0.5124348402023315,0.6363636255264282,1.0333847999572754
46,0.7896486520767212,0.5141045451164246,0.6385281682014465,1.00387704372406
47,0.7962962985038757,0.5037944316864014,0.6623376607894897,0.9011292457580566
48,0.7953466176986694,0.505672812461853,0.6428571343421936,0.9620811343193054
49,0.7974833846092224,0.4913983941078186,0.6450216174125671,1.0359110832214355
