epoch,accuracy,loss,val_accuracy,val_loss
0,0.4100189805030823,1.4311881065368652,0.32575756311416626,1.5497063398361206
1,0.5550807118415833,1.1771626472473145,0.32575756311416626,1.5668920278549194
2,0.6001899242401123,1.07892906665802,0.32575756311416626,1.7334240674972534
3,0.6172839403152466,1.0171207189559937,0.32575756311416626,1.9367321729660034
4,0.6298670172691345,0.9673083424568176,0.4134199023246765,2.0284764766693115
5,0.6490978002548218,0.9331640005111694,0.26082250475883484,2.1459264755249023
6,0.6602563858032227,0.8900918364524841,0.2564935088157654,2.1789166927337646
7,0.6569325923919678,0.8871442079544067,0.3073593080043793,1.9959712028503418
8,0.6609686613082886,0.8591811060905457,0.4188311696052551,1.5934141874313354
9,0.6797245740890503,0.835737407207489,0.5194805264472961,1.2423059940338135
10,0.6847103238105774,0.8062455654144287,0.5746753215789795,1.0187865495681763
11,0.6980056762695312,0.785643458366394,0.5974025726318359,0.9377586841583252
12,0.6961063742637634,0.7696301937103271,0.6255411505699158,0.8957098126411438
13,0.7060778737068176,0.751613438129425,0.6504328846931458,0.930147111415863
14,0.7193732261657715,0.734459638595581,0.6655844449996948,0.9171065092086792
15,0.7174738645553589,0.7349967956542969,0.649350643157959,0.9662901759147644
16,0.7212725281715393,0.7191849946975708,0.6417748928070068,0.8889464735984802
17,0.7196106314659119,0.7145885229110718,0.6569263935089111,0.9280168414115906
18,0.7203229069709778,0.7006303668022156,0.6515151262283325,0.9449766874313354
19,0.7352801561355591,0.6783603429794312,0.6742424368858337,0.872290313243866
20,0.7326685786247253,0.6643500924110413,0.6590909361839294,0.9924512505531311
21,0.7381291389465332,0.6569274663925171,0.6839826703071594,0.9096605777740479
22,0.7476258277893066,0.6509249210357666,0.6764069199562073,0.9451608657836914
23,0.75356125831604,0.6339329481124878,0.6785714030265808,0.9433928728103638
24,0.7488129138946533,0.6258217692375183,0.6601731777191162,1.047713279724121
25,0.7509496808052063,0.6352657079696655,0.6753246784210205,0.9784296751022339
26,0.7585470080375671,0.6138248443603516,0.6709956526756287,1.0374242067337036
27,0.7559354305267334,0.6174286603927612,0.677489161491394,1.0181070566177368
28,0.7647198438644409,0.5865120887756348,0.6785714030265808,1.0186463594436646
29,0.7706552743911743,0.5868064761161804,0.6861472129821777,0.9315248131752014
30,0.7644824385643005,0.5862622261047363,0.6829004287719727,0.9429112672805786
31,0.768281102180481,0.5786262154579163,0.6850649118423462,0.9049092531204224
32,0.7765907049179077,0.564121425151825,0.6742424368858337,0.9984533786773682
33,0.771842360496521,0.5674583911895752,0.6829004287719727,0.9812672734260559
34,0.7765907049179077,0.5564459562301636,0.6764069199562073,0.9886828660964966
35,0.7815764546394348,0.5585925579071045,0.6699134111404419,1.1057124137878418
36,0.7960588932037354,0.5278846025466919,0.6829004287719727,1.0017178058624268
37,0.787986695766449,0.5257529616355896,0.6839826703071594,0.9669275879859924
38,0.7939221262931824,0.5411183834075928,0.6818181872367859,0.9397761821746826
39,0.7877492904663086,0.5275914669036865,0.6764069199562073,0.9332841038703918
40,0.7870370149612427,0.5339114665985107,0.6796537041664124,1.0105613470077515
41,0.8003323674201965,0.5181781649589539,0.6850649118423462,0.9415537118911743
42,0.7896486520767212,0.5214101076126099,0.6753246784210205,1.1064320802688599
43,0.8029439449310303,0.5040719509124756,0.6818181872367859,1.0491065979003906
44,0.7998575568199158,0.5030205845832825,0.6796537041664124,0.9568220973014832
