epoch,accuracy,loss,val_accuracy,val_loss
0,0.3877018094062805,1.431152582168579,0.32575756311416626,1.5497004985809326
1,0.5332383513450623,1.1604769229888916,0.32575756311416626,1.6447104215621948
2,0.5918803215026855,1.0560321807861328,0.32575756311416626,1.8750816583633423
3,0.6172839403152466,1.0061324834823608,0.33225107192993164,2.115718126296997
4,0.6396011114120483,0.9508567452430725,0.41558441519737244,2.2691476345062256
5,0.6462488174438477,0.9218006134033203,0.26298701763153076,2.248317241668701
6,0.6711775660514832,0.8716570138931274,0.28787878155708313,2.1328701972961426
7,0.6654796004295349,0.8643765449523926,0.3073593080043793,1.9267654418945312
8,0.6851851940155029,0.8337810039520264,0.46320345997810364,1.5221805572509766
9,0.69017094373703,0.8119058012962341,0.5476190447807312,1.2144107818603516
10,0.6942070126533508,0.7813761234283447,0.5746753215789795,1.0304009914398193
11,0.7015669345855713,0.779577910900116,0.5497835278511047,0.9951238036155701
12,0.7108262181282043,0.7446710467338562,0.6038960814476013,0.922759473323822
13,0.7134377956390381,0.7322052121162415,0.6190476417541504,0.9232911467552185
14,0.7217473983764648,0.7237793207168579,0.5995671153068542,0.9556691646575928
15,0.7226970791816711,0.7086054086685181,0.6017315983772278,0.9862145185470581
16,0.7193732261657715,0.7083210349082947,0.6082251071929932,0.9463530778884888
17,0.7267331480979919,0.6718825697898865,0.6060606241226196,1.0290195941925049
18,0.7276828289031982,0.6812272667884827,0.612554132938385,0.9667395949363708
19,0.7421652674674988,0.656715452671051,0.6298701167106628,1.0213398933410645
20,0.7381291389465332,0.6530222296714783,0.6298701167106628,1.0485990047454834
21,0.7530864477157593,0.6441661715507507,0.6287878751754761,0.9203574061393738
22,0.74643874168396,0.6352801322937012,0.637445867061615,0.9481461644172668
23,0.7495251893997192,0.6255818009376526,0.637445867061615,0.9607561230659485
24,0.7599714994430542,0.6041221618652344,0.6482684016227722,0.9783742427825928
25,0.7575973272323608,0.6105512380599976,0.6720778942108154,0.8959063291549683
26,0.7571225166320801,0.6113502979278564,0.6201298832893372,1.1436705589294434
27,0.7604463696479797,0.6037504076957703,0.6634199023246765,0.9614186882972717
28,0.7590218186378479,0.5882971882820129,0.6536796689033508,0.9832624793052673
29,0.7678062915802002,0.577019214630127,0.6450216174125671,1.0826632976531982
30,0.7642450332641602,0.58714759349823,0.6341991424560547,1.085228443145752
31,0.768281102180481,0.5733473896980286,0.6764069199562073,0.9284712672233582
32,0.7668566107749939,0.5731675624847412,0.6482684016227722,0.9892381429672241
33,0.7708926796913147,0.5716485977172852,0.6634199023246765,1.0298056602478027
34,0.7884615659713745,0.5397248268127441,0.6861472129821777,0.8833740949630737
35,0.7749287486076355,0.5532878041267395,0.6742424368858337,1.0566636323928833
36,0.775403618812561,0.5580253601074219,0.6461039185523987,1.0507774353027344
37,0.7870370149612427,0.5406530499458313,0.6688311696052551,0.9773587584495544
38,0.7773029208183289,0.5465826392173767,0.6406926512718201,0.9380298852920532
39,0.7735042572021484,0.5408799052238464,0.6558441519737244,1.0401756763458252
40,0.7882241010665894,0.5343285202980042,0.6515151262283325,0.9504345059394836
41,0.7860873937606812,0.52971351146698,0.6655844449996948,1.0429959297180176
42,0.7882241010665894,0.5212523937225342,0.6807359457015991,0.9565954804420471
43,0.7851377129554749,0.5166489481925964,0.661255419254303,1.0582643747329712
44,0.7927350401878357,0.5046517252922058,0.6569263935089111,1.03370201587677
45,0.7946344017982483,0.5007813572883606,0.6688311696052551,0.9109248518943787
46,0.7922602295875549,0.519069254398346,0.6406926512718201,1.1328208446502686
47,0.7920227646827698,0.5117946863174438,0.6406926512718201,1.0718355178833008
48,0.8043684959411621,0.4985411763191223,0.6428571343421936,1.0199633836746216
49,0.8038936257362366,0.48857447504997253,0.6601731777191162,0.9775483012199402
