epoch,accuracy,loss,val_accuracy,val_loss
0,0.5135327577590942,1.1844067573547363,0.32575756311416626,1.538936734199524
1,0.6353276371955872,0.9352227449417114,0.32575756311416626,1.7988945245742798
2,0.6657170057296753,0.8332360982894897,0.26298701763153076,2.143181324005127
3,0.6870844960212708,0.7633979320526123,0.2651515007019043,2.8203890323638916
4,0.7086894512176514,0.7144424319267273,0.2651515007019043,3.9702110290527344
5,0.7229344844818115,0.6879287362098694,0.32034632563591003,4.031990051269531
6,0.7395536303520203,0.6510124802589417,0.2824675440788269,3.9287126064300537
7,0.7528489828109741,0.6163659691810608,0.3419913351535797,2.9582557678222656
8,0.7419278025627136,0.6059483885765076,0.4199134111404419,2.3062644004821777
9,0.7642450332641602,0.5636175274848938,0.5,1.4523954391479492
10,0.781101644039154,0.5319797992706299,0.5584415793418884,1.4476796388626099
11,0.7723171710968018,0.5455834269523621,0.588744580745697,1.1205934286117554
12,0.7832383513450623,0.5174179673194885,0.5779221057891846,1.0673363208770752
13,0.793684720993042,0.5069944262504578,0.6948052048683167,0.8879753351211548
14,0.80982905626297,0.4694863259792328,0.6818181872367859,0.9747327566146851
15,0.8100664615631104,0.47153404355049133,0.6547619104385376,0.9624379873275757
16,0.8008072376251221,0.47205960750579834,0.5930736064910889,1.3402765989303589
17,0.8095916509628296,0.4522653818130493,0.6709956526756287,1.1021977663040161
18,0.8164767622947693,0.4418396055698395,0.5995671153068542,1.0040932893753052
19,0.8171889781951904,0.4389301538467407,0.6904761791229248,1.1587915420532227
20,0.8302469253540039,0.41252437233924866,0.6233766078948975,1.424816370010376
21,0.8276353478431702,0.4160782992839813,0.6385281682014465,1.2823817729949951
22,0.8437796831130981,0.3958132565021515,0.5032467246055603,1.465267300605774
23,0.8411681056022644,0.3959497809410095,0.6103895902633667,1.585421085357666
24,0.8499525189399719,0.36159664392471313,0.6753246784210205,1.3094754219055176
25,0.854938268661499,0.3604193329811096,0.6309523582458496,1.1321085691452026
26,0.8547008633613586,0.3671593964099884,0.6428571343421936,1.2492313385009766
27,0.854938268661499,0.3519226908683777,0.6298701167106628,1.3648546934127808
28,0.8551756739616394,0.35534152388572693,0.6406926512718201,0.9531328082084656
29,0.8632478713989258,0.34403958916664124,0.6450216174125671,1.0881165266036987
30,0.8734567761421204,0.33272024989128113,0.5919913649559021,1.4505590200424194
31,0.87321937084198,0.3172760009765625,0.6266233921051025,1.4228878021240234
32,0.87678062915802,0.3116549253463745,0.661255419254303,1.0218815803527832
33,0.8796296119689941,0.31091129779815674,0.5876623392105103,1.7604777812957764
34,0.8796296119689941,0.314115047454834,0.576839804649353,1.9362767934799194
35,0.8744064569473267,0.3063952922821045,0.6049783825874329,1.8106861114501953
36,0.8770180344581604,0.30741915106773376,0.551948070526123,1.5597143173217773
37,0.8777303099632263,0.31014370918273926,0.551948070526123,1.6412584781646729
38,0.8905507922172546,0.2894189953804016,0.5800865888595581,1.7120249271392822
