epoch,accuracy,loss,val_accuracy,val_loss
0,0.5113959908485413,1.210181474685669,0.32575756311416626,1.5377388000488281
1,0.6282051205635071,0.9710948467254639,0.32575756311416626,1.7205308675765991
2,0.6581196784973145,0.8593518733978271,0.19696970283985138,2.001616954803467
3,0.6832858324050903,0.7863572835922241,0.2651515007019043,2.66465163230896
4,0.7015669345855713,0.7403420805931091,0.2651515007019043,3.061417818069458
5,0.7238841652870178,0.66969895362854,0.2229437232017517,4.140442371368408
6,0.7440645694732666,0.6216318607330322,0.2586580216884613,3.8685872554779053
7,0.7537986636161804,0.6026608943939209,0.2997835576534271,3.1421616077423096
8,0.7580721974372864,0.5776776671409607,0.41774892807006836,2.4640626907348633
9,0.7668566107749939,0.5583474040031433,0.46645021438598633,1.8310960531234741
10,0.7853751182556152,0.5370241403579712,0.5378788113594055,1.475189447402954
11,0.7813390493392944,0.5272814035415649,0.5086579918861389,1.3350270986557007
12,0.7913105487823486,0.5057540535926819,0.6363636255264282,1.098074197769165
13,0.8027065396308899,0.47488126158714294,0.6590909361839294,0.9689434766769409
14,0.7989078760147095,0.4773116707801819,0.6341991424560547,1.2449642419815063
15,0.8093542456626892,0.45951420068740845,0.6147186160087585,1.3383028507232666
16,0.8171889781951904,0.4507182538509369,0.5854978561401367,1.1654354333877563
17,0.8114909529685974,0.44468724727630615,0.6558441519737244,1.0573841333389282
18,0.819088339805603,0.43979930877685547,0.649350643157959,1.0637435913085938
19,0.8205128312110901,0.4286700189113617,0.6309523582458496,1.285750389099121
20,0.8285849690437317,0.4152521789073944,0.6114718317985535,1.09665846824646
21,0.8276353478431702,0.4017179310321808,0.6666666865348816,1.0212490558624268
22,0.8454415798187256,0.3852563202381134,0.6482684016227722,1.2973300218582153
23,0.8433048725128174,0.3827091455459595,0.6525974273681641,0.9572178721427917
24,0.8485280275344849,0.37848708033561707,0.6331169009208679,1.2681888341903687
25,0.8501899242401123,0.3716350197792053,0.6158008575439453,1.3513357639312744
26,0.8594492077827454,0.3606637418270111,0.6536796689033508,0.9775751233100891
27,0.8603988885879517,0.351530522108078,0.6352813839912415,1.2431761026382446
28,0.8551756739616394,0.3598547875881195,0.6093073487281799,1.2379425764083862
29,0.8566001653671265,0.35368308424949646,0.7077922224998474,0.8423932194709778
30,0.8689458966255188,0.32251930236816406,0.5638527870178223,1.2788512706756592
31,0.8739316463470459,0.3244454264640808,0.6093073487281799,1.060624122619629
32,0.8682336211204529,0.32198765873908997,0.5963203310966492,1.1592460870742798
33,0.878917396068573,0.3125917315483093,0.6396104097366333,1.2585663795471191
34,0.8827160596847534,0.3082975149154663,0.6298701167106628,1.2075369358062744
35,0.8836657404899597,0.2962687313556671,0.6428571343421936,1.102068543434143
36,0.8808166980743408,0.2976994812488556,0.6082251071929932,1.6017285585403442
37,0.8808166980743408,0.3006022870540619,0.6190476417541504,1.0318727493286133
38,0.8853276371955872,0.29056188464164734,0.649350643157959,1.136225700378418
39,0.8839031457901001,0.28690603375434875,0.4740259647369385,1.9955905675888062
40,0.889363706111908,0.287455677986145,0.5162337422370911,1.4827793836593628
41,0.8855650424957275,0.27406060695648193,0.6244588494300842,1.233196496963501
42,0.8945869207382202,0.269884318113327,0.5909090638160706,1.5333139896392822
43,0.8974359035491943,0.2671411335468292,0.5833333134651184,1.3685643672943115
44,0.8948243260383606,0.28143754601478577,0.6569263935089111,1.414656162261963
45,0.8941120505332947,0.26549291610717773,0.6320346593856812,1.3547900915145874
46,0.9012345671653748,0.24865007400512695,0.6038960814476013,1.2681617736816406
47,0.9045584201812744,0.24616539478302002,0.6601731777191162,1.4720615148544312
48,0.9064577221870422,0.2388869673013687,0.5681818127632141,1.597206950187683
49,0.9071699976921082,0.2466091513633728,0.5649350881576538,1.6864041090011597
