epoch,accuracy,loss,val_accuracy,val_loss
0,0.5282526016235352,1.1958754062652588,0.32575756311416626,1.5413151979446411
1,0.6298670172691345,0.948991060256958,0.3333333432674408,1.752782940864563
2,0.6768755912780762,0.8463594913482666,0.20995670557022095,2.1127336025238037
3,0.6930199265480042,0.7832931280136108,0.2651515007019043,2.971952438354492
4,0.708452045917511,0.7451497912406921,0.2651515007019043,3.5399417877197266
5,0.7314814925193787,0.6867195963859558,0.2532467544078827,3.905522584915161
6,0.7386040091514587,0.6360522508621216,0.3095238208770752,3.727961778640747
7,0.755698025226593,0.608735203742981,0.2586580216884613,3.4834842681884766
8,0.7592592835426331,0.6033924221992493,0.3928571343421936,2.6014657020568848
9,0.7547483444213867,0.5874846577644348,0.49025973677635193,1.9261025190353394
10,0.7720797657966614,0.5587776303291321,0.5303030014038086,1.582377552986145
11,0.7725545763969421,0.5444051027297974,0.5649350881576538,1.3283448219299316
12,0.7806267738342285,0.5272189378738403,0.5735930800437927,1.3011796474456787
13,0.7787274718284607,0.5290353298187256,0.6147186160087585,1.0463635921478271
14,0.797245979309082,0.4880678951740265,0.6428571343421936,1.1512914896011353
15,0.8060303926467896,0.47521868348121643,0.6363636255264282,1.2164757251739502
16,0.811253547668457,0.46990180015563965,0.6255411505699158,1.3039737939834595
17,0.8145774006843567,0.45038801431655884,0.6233766078948975,1.3096683025360107
18,0.8228870034217834,0.449858695268631,0.6363636255264282,1.1099803447723389
19,0.8195631504058838,0.44152718782424927,0.6049783825874329,0.9155732989311218
20,0.8238366842269897,0.42754530906677246,0.5941558480262756,0.9891541004180908
21,0.8228870034217834,0.4347155690193176,0.5919913649559021,1.0586520433425903
22,0.8347578644752502,0.4104079008102417,0.6406926512718201,1.304706335067749
23,0.8340455889701843,0.40195557475090027,0.5898268222808838,1.2091823816299438
24,0.8399810194969177,0.3909457325935364,0.6190476417541504,1.0362790822982788
25,0.8437796831130981,0.3882525861263275,0.6396104097366333,1.1215119361877441
26,0.8454415798187256,0.3817596435546875,0.6222943663597107,1.1062675714492798
27,0.8487654328346252,0.37106654047966003,0.5963203310966492,1.707721471786499
28,0.8542259931564331,0.36304712295532227,0.6158008575439453,1.1952157020568848
29,0.8580247163772583,0.3463402986526489,0.6093073487281799,1.2923043966293335
30,0.8594492077827454,0.34844544529914856,0.5876623392105103,1.283582091331482
31,0.860636293888092,0.34563156962394714,0.5833333134651184,1.3999689817428589
32,0.8739316463470459,0.31528201699256897,0.5941558480262756,1.2641432285308838
33,0.8763058185577393,0.31918758153915405,0.6201298832893372,1.56048583984375
34,0.8668091297149658,0.32142168283462524,0.6049783825874329,1.1106476783752441
35,0.8763058185577393,0.30790871381759644,0.6049783825874329,1.2863117456436157
36,0.8772554397583008,0.3050917983055115,0.536796510219574,1.311759352684021
37,0.8793922066688538,0.3043147325515747,0.6547619104385376,0.8814328908920288
38,0.8765432238578796,0.301206111907959,0.5660173296928406,1.3874573707580566
39,0.8945869207382202,0.28173014521598816,0.5735930800437927,1.2146599292755127
40,0.8848528265953064,0.2941496968269348,0.6103895902633667,1.0329185724258423
41,0.8872269988059998,0.28630417585372925,0.6385281682014465,1.381145715713501
42,0.8919752836227417,0.2744080424308777,0.5865800976753235,1.9403185844421387
43,0.8917378783226013,0.27123743295669556,0.661255419254303,0.923690915107727
44,0.8917378783226013,0.2562906742095947,0.6331169009208679,1.1310009956359863
45,0.8974359035491943,0.26085737347602844,0.5822510719299316,1.7642202377319336
46,0.8960114121437073,0.26384785771369934,0.6222943663597107,1.4527291059494019
47,0.9028964638710022,0.24334102869033813,0.6341991424560547,1.1053107976913452
48,0.9081196784973145,0.24424506723880768,0.6504328846931458,0.9398413896560669
49,0.9014719724655151,0.25290200114250183,0.5292207598686218,1.4596264362335205
