epoch,accuracy,loss,val_accuracy,val_loss
0,0.5660018920898438,1.102555751800537,0.32575756311416626,1.529977798461914
1,0.6571699976921082,0.8843042850494385,0.32575756311416626,1.9158174991607666
2,0.6787749528884888,0.8022369742393494,0.21536795794963837,2.3337323665618896
3,0.7006173133850098,0.740388810634613,0.24025973677635193,3.1782147884368896
4,0.7310066223144531,0.6739176511764526,0.2651515007019043,4.779946804046631
5,0.7293447256088257,0.6484979391098022,0.21320345997810364,5.336627006530762
6,0.7507122755050659,0.6115292906761169,0.20454545319080353,4.971689224243164
7,0.7549857497215271,0.5836542844772339,0.20346319675445557,3.841137170791626
8,0.7509496808052063,0.5806514024734497,0.350649356842041,2.6482746601104736
9,0.7744539380073547,0.5570467114448547,0.488095223903656,1.5368163585662842
10,0.7853751182556152,0.5163431763648987,0.49891775846481323,1.4370867013931274
11,0.787986695766449,0.497452974319458,0.5898268222808838,1.165802240371704
12,0.7941595315933228,0.5027256011962891,0.6244588494300842,1.2694944143295288
13,0.7981956601142883,0.484740674495697,0.6461039185523987,1.055388331413269
14,0.8053181171417236,0.46202993392944336,0.5854978561401367,0.9606810808181763
15,0.8138651251792908,0.4528679847717285,0.6136363744735718,1.1943727731704712
16,0.8138651251792908,0.4514032006263733,0.6590909361839294,1.2360187768936157
17,0.8131529092788696,0.4445177912712097,0.6645021438598633,1.0030672550201416
18,0.8231244087219238,0.4240872263908386,0.6839826703071594,0.9276983141899109
19,0.8117284178733826,0.435662180185318,0.6482684016227722,1.4688290357589722
20,0.825973391532898,0.40718451142311096,0.6764069199562073,0.9207899570465088
21,0.8243114948272705,0.3996102511882782,0.6428571343421936,1.2263292074203491
22,0.8397436141967773,0.3840680420398712,0.6363636255264282,1.1829065084457397
23,0.8471035361289978,0.3709113299846649,0.5984848737716675,1.0625560283660889
24,0.8421177864074707,0.37753015756607056,0.6147186160087585,1.017618179321289
25,0.8497151136398315,0.3595931828022003,0.6428571343421936,1.22066330909729
26,0.8433048725128174,0.3877655863761902,0.5984848737716675,1.1859830617904663
27,0.8594492077827454,0.3423413634300232,0.6298701167106628,1.4678270816802979
28,0.8530389070510864,0.35678982734680176,0.6114718317985535,1.1517701148986816
29,0.8561253547668457,0.34871652722358704,0.6244588494300842,1.4219613075256348
30,0.8630104660987854,0.33093705773353577,0.6082251071929932,1.3564841747283936
31,0.8691833019256592,0.3161023259162903,0.6049783825874329,1.1055670976638794
32,0.8706077933311462,0.316490113735199,0.6071428656578064,0.9981982111930847
33,0.8611111044883728,0.3281404376029968,0.6179653406143188,1.1228663921356201
34,0.8649097681045532,0.3183949589729309,0.637445867061615,1.5805976390838623
35,0.8706077933311462,0.31347545981407166,0.5811688303947449,1.525768756866455
36,0.8815289735794067,0.29618117213249207,0.5800865888595581,1.6787550449371338
37,0.8748812675476074,0.30644673109054565,0.5984848737716675,1.2192744016647339
38,0.8786799907684326,0.29372748732566833,0.5670995712280273,1.2959305047988892
39,0.882478654384613,0.2997816801071167,0.6709956526756287,1.3805406093597412
40,0.8933998346328735,0.27482810616493225,0.6396104097366333,1.6955652236938477
41,0.889363706111908,0.27597352862358093,0.7088744640350342,0.9038576483726501
42,0.8915004730224609,0.26628586649894714,0.6233766078948975,1.2911840677261353
43,0.8952991366386414,0.2630455195903778,0.6363636255264282,1.1833728551864624
44,0.8936372399330139,0.25914105772972107,0.5800865888595581,1.6988495588302612
45,0.8831908702850342,0.27124395966529846,0.5898268222808838,1.1306921243667603
46,0.8960114121437073,0.25125184655189514,0.6266233921051025,1.7189970016479492
47,0.9085944890975952,0.2470933198928833,0.5227272510528564,1.8655872344970703
48,0.9078822135925293,0.24316661059856415,0.5779221057891846,1.8371119499206543
49,0.8995726704597473,0.24847166240215302,0.6482684016227722,1.3413327932357788
