epoch,accuracy,loss,val_accuracy,val_loss
0,0.5420227646827698,1.1602436304092407,0.32575756311416626,1.5576943159103394
1,0.6369895339012146,0.928299605846405,0.33441558480262756,1.7020833492279053
2,0.6711775660514832,0.8304311633110046,0.1872294396162033,2.02004075050354
3,0.7003798484802246,0.7681344151496887,0.2651515007019043,3.414734125137329
4,0.7191358208656311,0.7073593735694885,0.2651515007019043,4.792876243591309
5,0.7383665442466736,0.6758695840835571,0.26406925916671753,5.120543003082275
6,0.752136766910553,0.6344199180603027,0.2229437232017517,4.232089996337891
7,0.75,0.6193837523460388,0.3008657991886139,3.2469851970672607
8,0.7670940160751343,0.5746425986289978,0.4285714328289032,2.471982955932617
9,0.7618708610534668,0.5719072222709656,0.49025973677635193,1.646518588066101
10,0.7773029208183289,0.5534022450447083,0.5389610528945923,1.1816514730453491
11,0.7870370149612427,0.5305038094520569,0.5183982849121094,1.3610014915466309
12,0.7889363765716553,0.521983802318573,0.5800865888595581,1.2554500102996826
13,0.8084045648574829,0.47815191745758057,0.6103895902633667,1.1030462980270386
14,0.7977207899093628,0.47825002670288086,0.6688311696052551,0.9959366917610168
15,0.8129155039787292,0.46052080392837524,0.6428571343421936,1.1671448945999146
16,0.8202754259109497,0.4393210709095001,0.649350643157959,1.2297580242156982
17,0.8183760643005371,0.45160800218582153,0.5919913649559021,1.470584511756897
18,0.8262107968330383,0.4252147078514099,0.6266233921051025,1.1637502908706665
19,0.8297720551490784,0.4132263958454132,0.6753246784210205,1.1666841506958008
20,0.8321462273597717,0.4121246337890625,0.6439393758773804,1.101536750793457
21,0.8402184247970581,0.3891509175300598,0.6114718317985535,1.1740365028381348
22,0.830959141254425,0.40482866764068604,0.6742424368858337,0.8213149309158325
23,0.8442544937133789,0.3837839961051941,0.6688311696052551,0.9304985404014587
24,0.8425925970077515,0.3807026743888855,0.7251082062721252,0.8317398428916931
25,0.8551756739616394,0.36226218938827515,0.6471861600875854,1.2029389142990112
26,0.8563627600669861,0.358047753572464,0.6742424368858337,1.1577272415161133
27,0.8497151136398315,0.36303427815437317,0.6655844449996948,1.2130837440490723
28,0.8551756739616394,0.34893032908439636,0.6580086350440979,1.2063394784927368
29,0.8622981905937195,0.3389425575733185,0.6179653406143188,1.1667430400848389
30,0.8727445602416992,0.32417014241218567,0.6428571343421936,1.425657868385315
31,0.8670465350151062,0.33261966705322266,0.6093073487281799,1.786569356918335
32,0.8618233799934387,0.33727478981018066,0.637445867061615,1.301339030265808
33,0.8758309483528137,0.30569955706596375,0.588744580745697,1.3730049133300781
34,0.87321937084198,0.3126668930053711,0.6114718317985535,1.1386562585830688
35,0.8793922066688538,0.3044349253177643,0.689393937587738,1.040853500366211
36,0.8884140253067017,0.28565090894699097,0.5616883039474487,1.3238403797149658
37,0.8862773180007935,0.29970791935920715,0.6363636255264282,1.9461513757705688
38,0.8898385763168335,0.27288249135017395,0.6590909361839294,1.3089631795883179
39,0.8891263008117676,0.28184348344802856,0.6396104097366333,0.9618421792984009
40,0.8976733088493347,0.25984492897987366,0.5551947951316833,1.7452946901321411
41,0.8943494558334351,0.257325142621994,0.6417748928070068,1.2896182537078857
42,0.8979107141494751,0.2642735242843628,0.6461039185523987,1.2939510345458984
43,0.8988603949546814,0.24976684153079987,0.6569263935089111,1.2183170318603516
44,0.8962488174438477,0.2586106061935425,0.5389610528945923,1.6994832754135132
45,0.902184247970581,0.2502209544181824,0.5757575631141663,1.1621546745300293
46,0.909069299697876,0.2336721271276474,0.6406926512718201,1.3864315748214722
47,0.9076448082923889,0.2329017072916031,0.6547619104385376,1.5908219814300537
