epoch,accuracy,loss,val_accuracy,val_loss
0,0.5384615659713745,1.1802525520324707,0.32575756311416626,1.5441309213638306
1,0.648622989654541,0.9227545261383057,0.3722943663597107,1.7256739139556885
2,0.6806742548942566,0.8116544485092163,0.2651515007019043,2.2901041507720947
3,0.6989553570747375,0.7451167702674866,0.2651515007019043,3.224262237548828
4,0.7219848036766052,0.697172999382019,0.2651515007019043,3.925994634628296
5,0.7310066223144531,0.6527642607688904,0.35281383991241455,4.2882399559021
6,0.7497625946998596,0.6155992150306702,0.31385281682014465,4.0215067863464355
7,0.7485755085945129,0.6078125834465027,0.2564935088157654,3.2492876052856445
8,0.7635327577590942,0.5777745842933655,0.44155845046043396,2.388622760772705
9,0.7763532996177673,0.554942786693573,0.4556277096271515,1.596633791923523
10,0.7832383513450623,0.5264889597892761,0.5497835278511047,1.2834354639053345
11,0.7934473156929016,0.5098843574523926,0.5919913649559021,1.1567175388336182
12,0.7934473156929016,0.49593818187713623,0.6287878751754761,1.24216890335083
13,0.8084045648574829,0.4739381670951843,0.6601731777191162,1.1669127941131592
14,0.8088793754577637,0.4737246036529541,0.612554132938385,1.3347184658050537
15,0.81339031457901,0.465894490480423,0.6482684016227722,1.2655373811721802
16,0.8216999173164368,0.44114813208580017,0.6580086350440979,1.2207796573638916
17,0.8224121332168579,0.4456816017627716,0.6352813839912415,1.0828672647476196
18,0.825973391532898,0.4302622973918915,0.600649356842041,1.0826653242111206
19,0.8278727531433105,0.41513583064079285,0.6060606241226196,1.367977261543274
20,0.8307217359542847,0.40814363956451416,0.6515151262283325,0.9724794626235962
21,0.8442544937133789,0.38146498799324036,0.6569263935089111,1.0887045860290527
22,0.8300095200538635,0.40306565165519714,0.5562770366668701,1.0997377634048462
23,0.8435422778129578,0.39900070428848267,0.5909090638160706,1.4929180145263672
24,0.8509021997451782,0.36053335666656494,0.6742424368858337,1.1336305141448975
25,0.8613485097885132,0.35514843463897705,0.6158008575439453,1.6151158809661865
26,0.8580247163772583,0.3506736755371094,0.572510838508606,1.2101411819458008
27,0.851377010345459,0.3635389804840088,0.6309523582458496,1.1515947580337524
28,0.8634852766990662,0.35164743661880493,0.6720778942108154,1.011217713356018
29,0.8596866130828857,0.34677913784980774,0.6861472129821777,0.9879938364028931
30,0.871082603931427,0.33155885338783264,0.6482684016227722,1.327880620956421
31,0.8741690516471863,0.32519054412841797,0.6147186160087585,1.4133139848709106
32,0.8708451986312866,0.3219722509384155,0.6450216174125671,1.2856366634368896
33,0.8779677152633667,0.3149634897708893,0.4945887327194214,1.8211426734924316
34,0.8777303099632263,0.3080027997493744,0.5811688303947449,1.594892144203186
35,0.8831908702850342,0.2985756993293762,0.6558441519737244,1.0212368965148926
36,0.8801044821739197,0.2968960702419281,0.6255411505699158,1.7780191898345947
37,0.8784425258636475,0.30364274978637695,0.6222943663597107,1.2995582818984985
38,0.8843779563903809,0.29070189595222473,0.6547619104385376,1.5446995496749878
39,0.8898385763168335,0.28131574392318726,0.5670995712280273,1.2135741710662842
40,0.8872269988059998,0.27747082710266113,0.6688311696052551,1.5678894519805908
41,0.896486222743988,0.27208420634269714,0.6558441519737244,1.244844913482666
42,0.8974359035491943,0.2608526647090912,0.5779221057891846,1.5306105613708496
43,0.8998100757598877,0.25423508882522583,0.5097402334213257,2.3525333404541016
44,0.896486222743988,0.2509346008300781,0.5248917937278748,1.7234989404678345
45,0.9024216532707214,0.25187844038009644,0.523809552192688,2.133692979812622
