epoch,accuracy,loss,val_accuracy,val_loss
0,0.5522317290306091,1.123517632484436,0.32575756311416626,1.5487887859344482
1,0.6474359035491943,0.8935665488243103,0.32575756311416626,1.824825406074524
2,0.6839981079101562,0.7949587106704712,0.2023809552192688,2.2319085597991943
3,0.7025166153907776,0.7481929659843445,0.2651515007019043,3.163501262664795
4,0.7191358208656311,0.6911690831184387,0.2651515007019043,3.745123863220215
5,0.7405033111572266,0.649999737739563,0.2716450095176697,3.728109836578369
6,0.7312440872192383,0.6473742723464966,0.22402597963809967,3.2250611782073975
7,0.7561728358268738,0.6013381481170654,0.24783550202846527,3.2334067821502686
8,0.7606837749481201,0.5834777355194092,0.46645021438598633,2.226945161819458
9,0.768281102180481,0.5575048327445984,0.4978354871273041,1.6959689855575562
10,0.7744539380073547,0.5448630452156067,0.5746753215789795,1.1659358739852905
11,0.7777777910232544,0.5290394425392151,0.576839804649353,1.2739630937576294
12,0.787986695766449,0.5130260586738586,0.5779221057891846,1.3550065755844116
13,0.7929724454879761,0.502986490726471,0.7196969985961914,0.8266206979751587
14,0.7934473156929016,0.48795440793037415,0.6883116960525513,0.8627292513847351
15,0.7993826866149902,0.4742822051048279,0.6277056336402893,1.14566171169281
16,0.8043684959411621,0.47824496030807495,0.6655844449996948,0.9365169405937195
17,0.8117284178733826,0.450447142124176,0.649350643157959,1.0740199089050293
18,0.8200379610061646,0.43526706099510193,0.6796537041664124,1.0521559715270996
19,0.8224121332168579,0.4395753741264343,0.6212121248245239,0.9918597340583801
20,0.8247863054275513,0.42795681953430176,0.6439393758773804,1.3928279876708984
21,0.827397882938385,0.41021573543548584,0.5779221057891846,1.0507607460021973
22,0.8359448909759521,0.4049406349658966,0.6158008575439453,1.3089874982833862
23,0.8433048725128174,0.3816903233528137,0.6688311696052551,1.0938524007797241
24,0.8357074856758118,0.3994784355163574,0.6580086350440979,0.8520498275756836
25,0.8421177864074707,0.3849647641181946,0.6147186160087585,0.9628936648368835
26,0.835232675075531,0.39170026779174805,0.6439393758773804,1.2069593667984009
27,0.8518518805503845,0.36596471071243286,0.6201298832893372,1.018343210220337
28,0.8449667692184448,0.37044110894203186,0.6255411505699158,1.1158831119537354
29,0.8518518805503845,0.3568544089794159,0.6060606241226196,1.319606065750122
30,0.8530389070510864,0.35227927565574646,0.5930736064910889,0.9257330894470215
31,0.8601614236831665,0.3416769802570343,0.6179653406143188,1.3808180093765259
32,0.8584995269775391,0.34004706144332886,0.5963203310966492,1.0414308309555054
33,0.867521345615387,0.31666597723960876,0.5844155550003052,1.026978611946106
34,0.8703703880310059,0.32510578632354736,0.6331169009208679,1.3675062656402588
35,0.8665717244148254,0.32622861862182617,0.6580086350440979,1.369550108909607
36,0.8670465350151062,0.31466081738471985,0.6298701167106628,1.2626667022705078
37,0.8744064569473267,0.3049667477607727,0.5692640542984009,1.4595911502838135
38,0.87321937084198,0.3176182508468628,0.6071428656578064,1.1415237188339233
