epoch,accuracy,loss,val_accuracy,val_loss
0,0.5512820482254028,1.165008306503296,0.32575756311416626,1.5227802991867065
1,0.6467236280441284,0.9206095337867737,0.2261904776096344,1.7496051788330078
2,0.6733143329620361,0.8341474533081055,0.2651515007019043,2.2392449378967285
3,0.6930199265480042,0.7630152106285095,0.2651515007019043,3.226698875427246
4,0.7155745625495911,0.7053273916244507,0.2651515007019043,4.239232540130615
5,0.7236467003822327,0.6753305196762085,0.33549782633781433,4.692660808563232
6,0.7314814925193787,0.6538901329040527,0.3235930800437927,4.560006618499756
7,0.7492877244949341,0.6123681664466858,0.32034632563591003,3.666088819503784
8,0.7647198438644409,0.5860334038734436,0.4166666567325592,2.2044808864593506
9,0.7820512652397156,0.5504284501075745,0.46212121844291687,1.6278282403945923
10,0.7813390493392944,0.537366509437561,0.551948070526123,1.2108720541000366
11,0.7799145579338074,0.5381554961204529,0.6136363744735718,1.1276171207427979
12,0.7917853593826294,0.5024301409721375,0.6190476417541504,0.9850963950157166
13,0.7939221262931824,0.49594518542289734,0.6785714030265808,0.9622021317481995
14,0.7979581952095032,0.4792453646659851,0.5735930800437927,1.17063570022583
15,0.809116780757904,0.4618600904941559,0.6341991424560547,1.0707998275756836
16,0.81695157289505,0.4570844769477844,0.6482684016227722,1.000007152557373
17,0.811253547668457,0.44662609696388245,0.5963203310966492,1.0987169742584229
18,0.8314340114593506,0.4105721414089203,0.6461039185523987,1.2994165420532227
19,0.8290598392486572,0.42782169580459595,0.6049783825874329,1.4509104490280151
20,0.8202754259109497,0.43364179134368896,0.7240259647369385,0.8574923276901245
21,0.8449667692184448,0.38393136858940125,0.6309523582458496,1.2962312698364258
22,0.8347578644752502,0.39683476090431213,0.5584415793418884,1.0790718793869019
23,0.8463912606239319,0.379448801279068,0.6168830990791321,1.3732877969741821
24,0.8501899242401123,0.3668305575847626,0.6190476417541504,1.1797963380813599
25,0.8577872514724731,0.35185202956199646,0.6168830990791321,1.2825583219528198
26,0.8568376302719116,0.3527728021144867,0.6255411505699158,0.9388041496276855
27,0.8577872514724731,0.34036558866500854,0.6569263935089111,1.3459068536758423
28,0.8589743375778198,0.34821733832359314,0.5541125535964966,1.118878960609436
29,0.867521345615387,0.3302064836025238,0.5844155550003052,1.320550799369812
30,0.8679962158203125,0.3248327970504761,0.6114718317985535,1.9459034204483032
31,0.8715574741363525,0.32363981008529663,0.6136363744735718,1.4389280080795288
32,0.8817663788795471,0.3155600428581238,0.6688311696052551,1.3286882638931274
33,0.8779677152633667,0.30128157138824463,0.6114718317985535,1.2373324632644653
34,0.8850902318954468,0.30202874541282654,0.6103895902633667,1.3084830045700073
35,0.8831908702850342,0.2942486107349396,0.6439393758773804,1.050894021987915
36,0.8855650424957275,0.2857510447502136,0.5822510719299316,1.5016430616378784
37,0.8822411894798279,0.28842803835868835,0.588744580745697,1.2107914686203003
38,0.8881766200065613,0.28327739238739014,0.6114718317985535,1.1368125677108765
39,0.8952991366386414,0.26017990708351135,0.6266233921051025,1.543086290359497
40,0.8998100757598877,0.2607198655605316,0.540043294429779,1.545469880104065
41,0.8962488174438477,0.2645007073879242,0.6168830990791321,1.387724757194519
42,0.9036087393760681,0.25599515438079834,0.5941558480262756,1.7611323595046997
43,0.9014719724655151,0.25626206398010254,0.6093073487281799,1.338352918624878
44,0.9028964638710022,0.249846950173378,0.6114718317985535,1.5919592380523682
45,0.9050332307815552,0.2510969936847687,0.5898268222808838,1.6377168893814087
