epoch,accuracy,loss,val_accuracy,val_loss
0,0.5346628427505493,1.1833540201187134,0.32575756311416626,1.5370217561721802
1,0.6426875591278076,0.9373462200164795,0.32575756311416626,1.941001296043396
2,0.6697530746459961,0.8418964743614197,0.24025973677635193,2.207052230834961
3,0.7077397704124451,0.7553070187568665,0.2554112672805786,3.027360200881958
4,0.7262583374977112,0.6975440979003906,0.2651515007019043,4.549868583679199
5,0.7286324501037598,0.6665710806846619,0.25432899594306946,4.981469631195068
6,0.7421652674674988,0.6413164138793945,0.1634199172258377,4.431643486022949
7,0.7559354305267334,0.602493405342102,0.28354978561401367,3.525125503540039
8,0.7623456716537476,0.5772413015365601,0.4458874464035034,2.6480166912078857
9,0.7761158347129822,0.5461236834526062,0.4783549904823303,1.7588582038879395
10,0.7787274718284607,0.5450493693351746,0.5411255359649658,1.4035004377365112
11,0.7841880321502686,0.5203117728233337,0.5822510719299316,1.2078577280044556
12,0.795109212398529,0.5034646987915039,0.5876623392105103,1.1969363689422607
13,0.7953466176986694,0.4875931143760681,0.6017315983772278,1.301754117012024
14,0.8095916509628296,0.4719163477420807,0.6580086350440979,0.9923189878463745
15,0.8126780390739441,0.4585840106010437,0.6785714030265808,0.9832918643951416
16,0.8171889781951904,0.4419638216495514,0.7218614816665649,0.9858366250991821
17,0.8183760643005371,0.4358430802822113,0.6060606241226196,1.6076016426086426
18,0.8214625120162964,0.44457828998565674,0.6428571343421936,1.2352821826934814
19,0.829534649848938,0.4198227822780609,0.677489161491394,0.9063918590545654
20,0.8304843306541443,0.42249175906181335,0.6038960814476013,1.1484001874923706
21,0.8376068472862244,0.3980112075805664,0.6222943663597107,1.2903363704681396
22,0.8411681056022644,0.38723424077033997,0.6709956526756287,1.1677498817443848
23,0.8475783467292786,0.37346377968788147,0.6482684016227722,1.5752700567245483
24,0.8442544937133789,0.3676525354385376,0.6168830990791321,1.3244266510009766
25,0.847815752029419,0.366664856672287,0.7067099809646606,1.077911138534546
26,0.847815752029419,0.37353456020355225,0.6103895902633667,1.322571873664856
27,0.8542259931564331,0.35537484288215637,0.6331169009208679,1.2057243585586548
28,0.8544634580612183,0.35755354166030884,0.4642857015132904,2.4814069271087646
29,0.8618233799934387,0.33895519375801086,0.6103895902633667,1.0956363677978516
30,0.874643862247467,0.32935017347335815,0.5173160433769226,1.349174976348877
31,0.8601614236831665,0.3395584225654602,0.6222943663597107,1.4572502374649048
32,0.8649097681045532,0.33324113488197327,0.6201298832893372,1.1725633144378662
33,0.8611111044883728,0.3375716209411621,0.6331169009208679,1.106946587562561
34,0.8703703880310059,0.3167318105697632,0.6341991424560547,1.1280745267868042
35,0.8755935430526733,0.3085329830646515,0.5205627679824829,1.975426435470581
36,0.8727445602416992,0.3166007995605469,0.5898268222808838,1.3184654712677002
37,0.8772554397583008,0.3083818852901459,0.6093073487281799,1.3108855485916138
38,0.8777303099632263,0.2968892455101013,0.6439393758773804,1.3431013822555542
39,0.878917396068573,0.29403141140937805,0.560606062412262,1.773461103439331
40,0.8867521286010742,0.2883265018463135,0.6266233921051025,0.9645072817802429
41,0.8872269988059998,0.28617891669273376,0.6461039185523987,1.0658894777297974
42,0.8974359035491943,0.2630545496940613,0.6450216174125671,1.8233808279037476
43,0.8943494558334351,0.26826009154319763,0.588744580745697,1.5749036073684692
44,0.8955365419387817,0.2631334364414215,0.548701286315918,1.9586845636367798
