epoch,accuracy,loss,val_accuracy,val_loss
0,0.5085470080375671,1.2451409101486206,0.32575756311416626,1.5265986919403076
1,0.6348528265953064,0.9678241610527039,0.32575756311416626,1.8492178916931152
2,0.6597815752029419,0.8628819584846497,0.23701298236846924,2.330965280532837
3,0.6996676325798035,0.7883928418159485,0.2651515007019043,3.2391648292541504
4,0.7091643214225769,0.7338680028915405,0.2651515007019043,3.942061424255371
5,0.7336182594299316,0.6781258583068848,0.2564935088157654,4.54700231552124
6,0.7329059839248657,0.6615302562713623,0.25757575035095215,4.453632354736328
7,0.7492877244949341,0.6215853691101074,0.30519479513168335,3.432837724685669
8,0.7590218186378479,0.5999652147293091,0.4166666567325592,2.502066135406494
9,0.7587844133377075,0.5800898671150208,0.5108225345611572,1.7613985538482666
10,0.7637701630592346,0.5671027898788452,0.5411255359649658,1.2192891836166382
11,0.7841880321502686,0.5345548391342163,0.6136363744735718,0.9731162190437317
12,0.7796770930290222,0.5327663421630859,0.6244588494300842,1.151750087738037
13,0.7877492904663086,0.5126364827156067,0.6525974273681641,0.971684992313385
14,0.7993826866149902,0.4918951988220215,0.6190476417541504,1.0268309116363525
15,0.8069800734519958,0.46144184470176697,0.6601731777191162,0.8437010049819946
16,0.7993826866149902,0.4742012917995453,0.6666666865348816,0.8709791302680969
17,0.8186134696006775,0.45010414719581604,0.6525974273681641,1.2043029069900513
18,0.8057929873466492,0.45731672644615173,0.5995671153068542,1.062652349472046
19,0.8193257451057434,0.43398550152778625,0.6331169009208679,0.9716333150863647
20,0.8378442525863647,0.4138433337211609,0.6341991424560547,1.0194344520568848
21,0.8297720551490784,0.4029983878135681,0.6417748928070068,0.9700247645378113
22,0.8240740895271301,0.42486679553985596,0.6331169009208679,1.3235924243927002
23,0.8307217359542847,0.40517380833625793,0.5909090638160706,1.224604845046997
24,0.8397436141967773,0.3900254964828491,0.5790043473243713,1.1360948085784912
25,0.8395061492919922,0.39340293407440186,0.588744580745697,1.1167008876800537
26,0.8466286659240723,0.38103944063186646,0.588744580745697,1.3602503538131714
27,0.854938268661499,0.3690597116947174,0.6396104097366333,1.0974332094192505
28,0.847815752029419,0.3597482740879059,0.6341991424560547,1.1442874670028687
29,0.8504273295402527,0.37040266394615173,0.6190476417541504,1.3579853773117065
30,0.8668091297149658,0.34697574377059937,0.6471861600875854,1.2010871171951294
31,0.8603988885879517,0.3461238741874695,0.5,1.750495433807373
32,0.8696581125259399,0.3339773416519165,0.6590909361839294,0.929014265537262
33,0.8796296119689941,0.3141217827796936,0.5508658289909363,1.5501770973205566
34,0.871082603931427,0.3187643885612488,0.5692640542984009,1.6193684339523315
35,0.8725070953369141,0.31939035654067993,0.5930736064910889,1.4407240152359009
36,0.8810541033744812,0.2998281419277191,0.5541125535964966,1.2458088397979736
37,0.8817663788795471,0.29694634675979614,0.6038960814476013,1.1988168954849243
38,0.8793922066688538,0.3011171817779541,0.5790043473243713,1.4158785343170166
39,0.8855650424957275,0.2884139120578766,0.5714285969734192,1.202646017074585
40,0.8881766200065613,0.2882542908191681,0.5313853025436401,1.5214223861694336
