epoch,accuracy,loss,val_accuracy,val_loss
0,0.4595448672771454,1.0229748487472534,0.438069224357605,1.0945544242858887
1,0.5558364987373352,0.9115705490112305,0.49908924102783203,0.9164355993270874
2,0.5910240411758423,0.8709383010864258,0.6539162397384644,0.8557313680648804
3,0.6139907240867615,0.842006266117096,0.6748633980751038,0.8415015339851379
4,0.6251580119132996,0.8220393061637878,0.6730418801307678,0.8180961012840271
5,0.6352717876434326,0.795279860496521,0.682149350643158,0.7929074764251709
6,0.6477033495903015,0.7838897705078125,0.686703085899353,0.7856309413909912
7,0.6561315059661865,0.7618615627288818,0.6994535326957703,0.7759354114532471
8,0.6691951155662537,0.7460330128669739,0.6967213153839111,0.7682596445083618
9,0.6801517009735107,0.7160155773162842,0.6794171333312988,0.7638955116271973
10,0.6831015348434448,0.711277961730957,0.6794171333312988,0.7538357377052307
11,0.712178647518158,0.6847389936447144,0.6557376980781555,0.7538163661956787
12,0.7136536240577698,0.671966016292572,0.6575592160224915,0.751960039138794
13,0.7155499458312988,0.6620345711708069,0.68123859167099,0.7532585263252258
14,0.7166034579277039,0.6523680686950684,0.6903460621833801,0.7417309880256653
15,0.7248209118843079,0.647314190864563,0.6994535326957703,0.745182454586029
16,0.728402853012085,0.637450098991394,0.688524603843689,0.7438963651657104
17,0.737673819065094,0.6207696199417114,0.6894353628158569,0.7355555891990662
18,0.745680570602417,0.6137959361076355,0.7112932801246643,0.7362662553787231
19,0.745259165763855,0.6083235740661621,0.6976320743560791,0.743067741394043
20,0.7517910003662109,0.5930335521697998,0.7021858096122742,0.7399078011512756
21,0.752844512462616,0.5876860022544861,0.6994535326957703,0.742131769657135
22,0.7564264535903931,0.583191454410553,0.7021858096122742,0.737260103225708
23,0.7511588931083679,0.5825735926628113,0.7131147384643555,0.7416286468505859
24,0.7600084543228149,0.5714467763900757,0.7076502442359924,0.7307793498039246
25,0.7661188244819641,0.5565455555915833,0.7185792326927185,0.7335764169692993
26,0.7772861123085022,0.5376792550086975,0.7285974621772766,0.7387481331825256
27,0.7648546099662781,0.5577600598335266,0.755009114742279,0.699655294418335
28,0.7751790881156921,0.5462915301322937,0.7404371500015259,0.7210164070129395
29,0.7800253033638,0.5324473977088928,0.7404371500015259,0.7078106999397278
30,0.7838179469108582,0.5273697972297668,0.744990885257721,0.7220771312713623
31,0.7918246984481812,0.5193570852279663,0.7613843083381653,0.6920105814933777
32,0.7812895178794861,0.520952045917511,0.744990885257721,0.708751380443573
33,0.7865570783615112,0.5123904943466187,0.7632058262825012,0.7048373222351074
34,0.7951959371566772,0.4951050579547882,0.7677595615386963,0.6949862837791443
35,0.7960387468338013,0.5050755739212036,0.7422586679458618,0.6957753300666809
36,0.7981458306312561,0.4919454753398895,0.7795992493629456,0.6886394619941711
37,0.7943531274795532,0.49296095967292786,0.7714025378227234,0.6883483529090881
38,0.7977244257926941,0.48318836092948914,0.744080126285553,0.6916257739067078
39,0.8042562007904053,0.4759172201156616,0.7668488025665283,0.6868295073509216
40,0.8002528548240662,0.482639878988266,0.7777777910232544,0.6660506129264832
41,0.7996207475662231,0.486680805683136,0.7668488025665283,0.679663360118866
42,0.8131057620048523,0.46671271324157715,0.7604736089706421,0.7133270502090454
43,0.8048883080482483,0.467143177986145,0.7641165852546692,0.696090042591095
44,0.8164770603179932,0.45281562209129333,0.7732240557670593,0.6790388822555542
45,0.8150020837783813,0.4584157466888428,0.7741348147392273,0.6770427227020264
46,0.8164770603179932,0.45109739899635315,0.7714025378227234,0.6619256138801575
47,0.8126843571662903,0.4571366608142853,0.7777777910232544,0.658420979976654
