epoch,accuracy,loss,val_accuracy,val_loss
0,0.4138221740722656,1.0878410339355469,0.438069224357605,1.076226830482483
1,0.5398229956626892,0.9481397271156311,0.5400728583335876,0.951529860496521
2,0.5872313380241394,0.8876560926437378,0.6593806743621826,0.8771988749504089
3,0.6101980805397034,0.8436675667762756,0.6602914333343506,0.8600888848304749
4,0.6487568616867065,0.8047240376472473,0.6675773859024048,0.8368815779685974
5,0.6599241495132446,0.7768135666847229,0.6703096628189087,0.8176746368408203
6,0.6668773889541626,0.7539910674095154,0.6903460621833801,0.7839574813842773
7,0.6856300234794617,0.7278211116790771,0.6721311211585999,0.7745888829231262
8,0.6925832033157349,0.7119352221488953,0.6848816275596619,0.753456175327301
9,0.7024862766265869,0.6968569755554199,0.6948997974395752,0.7432112097740173
10,0.712178647518158,0.6770334243774414,0.6921675801277161,0.7283152937889099
11,0.7187104821205139,0.6610725522041321,0.7131147384643555,0.73006272315979
12,0.727981448173523,0.6351008415222168,0.7112932801246643,0.7260536551475525
13,0.728824257850647,0.6313846707344055,0.7149362564086914,0.7329917550086975
14,0.738095223903656,0.6237793564796448,0.7358834147453308,0.7214357256889343
15,0.7334597706794739,0.6165263652801514,0.7204007506370544,0.739283561706543
16,0.754319429397583,0.5933722853660583,0.7468124032020569,0.7588304877281189
17,0.752633810043335,0.5957403779029846,0.7613843083381653,0.7295409440994263
18,0.7570585608482361,0.5794970989227295,0.7604736089706421,0.7288645505905151
19,0.7593762874603271,0.5842432379722595,0.7477231621742249,0.7380663752555847
20,0.7654867172241211,0.5608992576599121,0.7686703205108643,0.7099383473396301
21,0.769700825214386,0.5524567365646362,0.7622950673103333,0.7098037004470825
22,0.7745469808578491,0.5490851402282715,0.7814207673072815,0.6985956430435181
23,0.778550386428833,0.5420919060707092,0.7914389967918396,0.7241417169570923
24,0.770754337310791,0.546092689037323,0.7987249493598938,0.705430805683136
25,0.7871891856193542,0.5416700839996338,0.7987249493598938,0.7084189653396606
26,0.7842393517494202,0.5220744609832764,0.7686703205108643,0.691419780254364
27,0.7842393517494202,0.5205740928649902,0.7832422852516174,0.6974025964736938
28,0.7892962694168091,0.5106267929077148,0.7714025378227234,0.680219292640686
29,0.7981458306312561,0.5026909708976746,0.7786885499954224,0.6966676712036133
30,0.7943531274795532,0.5059958696365356,0.7786885499954224,0.6680368781089783
31,0.8008849620819092,0.4902048110961914,0.7868852615356445,0.6936918497085571
32,0.7943531274795532,0.5020710825920105,0.8032786846160889,0.7131239771842957
33,0.7949852347373962,0.4920703172683716,0.806010901927948,0.6894821524620056
34,0.8103666305541992,0.48001977801322937,0.7805100083351135,0.6750800609588623
35,0.8040454983711243,0.4753210246562958,0.7969034314155579,0.6788977980613708
36,0.8008849620819092,0.486911416053772,0.7896174788475037,0.7615289688110352
37,0.8046776056289673,0.47714290022850037,0.8051002025604248,0.6744363903999329
38,0.8234302401542664,0.451778382062912,0.7877960205078125,0.689232587814331
39,0.8154234886169434,0.4601209759712219,0.7941712141036987,0.6937768459320068
40,0.8122629523277283,0.4606146514415741,0.813296914100647,0.7051898837089539
41,0.8084703087806702,0.45718711614608765,0.7859745025634766,0.6493287086486816
42,0.8259587287902832,0.44468173384666443,0.7905282378196716,0.6733242869377136
43,0.8192161917686462,0.44489967823028564,0.7877960205078125,0.6452600359916687
44,0.8206911087036133,0.44762715697288513,0.7850637435913086,0.6719444394111633
45,0.8209018111228943,0.452965646982193,0.813296914100647,0.6795520186424255
46,0.8221660256385803,0.44174256920814514,0.7859745025634766,0.7044116854667664
47,0.8204804062843323,0.43859678506851196,0.7859745025634766,0.7025764584541321
48,0.8339654207229614,0.4201590120792389,0.8105646371841431,0.6560683846473694
49,0.8371260166168213,0.41586410999298096,0.8096539378166199,0.65662682056427
