epoch,accuracy,loss,val_accuracy,val_loss
0,0.48251157999038696,1.0032521486282349,0.45719489455223083,1.1818701028823853
1,0.5672144889831543,0.9008732438087463,0.4581056535243988,0.9706622958183289
2,0.6045090556144714,0.8525530099868774,0.6584699749946594,0.8253037929534912
3,0.6297935247421265,0.8165285587310791,0.6757741570472717,0.7997025847434998
4,0.6466498374938965,0.7885592579841614,0.6703096628189087,0.7865649461746216
5,0.6626632809638977,0.7582884430885315,0.6748633980751038,0.7663731575012207
6,0.6759376525878906,0.7301238179206848,0.6721311211585999,0.7571547031402588
7,0.6809945106506348,0.7227430939674377,0.6593806743621826,0.7617265582084656
8,0.6845765113830566,0.7052627801895142,0.6775956153869629,0.7475832104682922
9,0.7003792524337769,0.6830545663833618,0.6848816275596619,0.7484608888626099
10,0.7142857313156128,0.6641659736633301,0.6775956153869629,0.7448090314865112
11,0.719763994216919,0.6459829807281494,0.6994535326957703,0.7517150640487671
12,0.729034960269928,0.6247899532318115,0.6921675801277161,0.7290608882904053
13,0.7345132827758789,0.6231794357299805,0.6894353628158569,0.7422837018966675
14,0.736620306968689,0.6155300140380859,0.7176684737205505,0.7386718392372131
15,0.746944785118103,0.5923351049423218,0.7358834147453308,0.7404031753540039
16,0.7416772246360779,0.6009264588356018,0.7422586679458618,0.736439049243927
17,0.754108726978302,0.5876259207725525,0.7313296794891357,0.7251451015472412
18,0.761694073677063,0.5665960907936096,0.751366138458252,0.7463981509208679
19,0.7562157511711121,0.5722278952598572,0.7741348147392273,0.7573938369750977
20,0.761483371257782,0.5666320323944092,0.7431694269180298,0.7187346816062927
21,0.7745469808578491,0.5403141379356384,0.7659380435943604,0.7366030216217041
22,0.7772861123085022,0.5439189672470093,0.7613843083381653,0.740515410900116
23,0.7743362784385681,0.5290893316268921,0.7723132967948914,0.7193257808685303
24,0.7850821614265442,0.52269047498703,0.7704917788505554,0.7363179922103882
25,0.7821323275566101,0.5145255327224731,0.7741348147392273,0.7070432901382446
26,0.7804467082023621,0.5230374932289124,0.7795992493629456,0.7079811692237854
27,0.7935103178024292,0.5080457329750061,0.7759562730789185,0.7000577449798584
28,0.7951959371566772,0.5044988989830017,0.7823315262794495,0.6930488348007202
29,0.7958280444145203,0.493466317653656,0.7759562730789185,0.7175173163414001
30,0.8053097128868103,0.47891589999198914,0.7841529846191406,0.6873318552970886
31,0.7932996153831482,0.4969235062599182,0.7859745025634766,0.6882919669151306
32,0.8025705814361572,0.4776902496814728,0.7805100083351135,0.713021993637085
33,0.8084703087806702,0.46955788135528564,0.7823315262794495,0.6896824240684509
34,0.8059418201446533,0.47158360481262207,0.7859745025634766,0.6985803246498108
35,0.8088917136192322,0.47261443734169006,0.7868852615356445,0.6935247182846069
36,0.8168984651565552,0.4573926329612732,0.7786885499954224,0.6786471009254456
37,0.8173198699951172,0.45173099637031555,0.7850637435913086,0.6831839680671692
38,0.8128950595855713,0.45926710963249207,0.7841529846191406,0.6884897351264954
39,0.8202697038650513,0.4462163746356964,0.7877960205078125,0.6547354459762573
40,0.8095238208770752,0.4577459692955017,0.7978141903877258,0.6817415356636047
41,0.8225874304771423,0.4393276572227478,0.8051002025604248,0.7085493803024292
42,0.8242730498313904,0.43639349937438965,0.7805100083351135,0.6664856672286987
43,0.8156341910362244,0.4396216571331024,0.7814207673072815,0.6656734347343445
44,0.8158448934555054,0.4395436644554138,0.813296914100647,0.6972883939743042
45,0.8253265619277954,0.4300248324871063,0.7959927320480347,0.677796483039856
46,0.8282764554023743,0.4243882894515991,0.7841529846191406,0.6584885716438293
47,0.8204804062843323,0.4373800456523895,0.8196721076965332,0.6844536066055298
48,0.8291192650794983,0.4241896867752075,0.7877960205078125,0.6781466007232666
49,0.8320690989494324,0.4143991470336914,0.7877960205078125,0.6807506084442139
