epoch,accuracy,loss,val_accuracy,val_loss
0,0.4355246424674988,1.0429139137268066,0.40163934230804443,1.0834877490997314
1,0.5486725568771362,0.9307973980903625,0.4890710413455963,0.9487086534500122
2,0.5844922065734863,0.8796773552894592,0.6566484570503235,0.8741961121559143
3,0.6198904514312744,0.8361299633979797,0.6684881448745728,0.849945604801178
4,0.6344289779663086,0.8155329823493958,0.6794171333312988,0.8369757533073425
5,0.6363252997398376,0.795600414276123,0.6584699749946594,0.8149539232254028
6,0.6607669591903687,0.7656980156898499,0.6757741570472717,0.7868494987487793
7,0.6698272228240967,0.7455874085426331,0.6721311211585999,0.7738224864006042
8,0.6790981888771057,0.7307533025741577,0.6612021923065186,0.778266191482544
9,0.6856300234794617,0.7154081463813782,0.6775956153869629,0.7710494995117188
10,0.7052254676818848,0.6898877024650574,0.688524603843689,0.7642379999160767
11,0.6982722282409668,0.6820564270019531,0.6903460621833801,0.7561711668968201
12,0.7155499458312988,0.6604629755020142,0.693989098072052,0.7516907453536987
13,0.7193425893783569,0.6440933346748352,0.6921675801277161,0.7583616971969604
14,0.7191318869590759,0.6384919881820679,0.6830601096153259,0.7426701188087463
15,0.7332490682601929,0.618783175945282,0.693989098072052,0.7389052510261536
16,0.739780843257904,0.5996788740158081,0.7040072679519653,0.7392481565475464
17,0.74420565366745,0.5949101448059082,0.68123859167099,0.737504243850708
18,0.7490518093109131,0.5852648615837097,0.693078339099884,0.7702476978302002
19,0.7579013705253601,0.5769683122634888,0.7076502442359924,0.7265902161598206
20,0.76316899061203,0.565589427947998,0.6830601096153259,0.7590899467468262
21,0.7644332051277161,0.5586540102958679,0.7204007506370544,0.7158262133598328
22,0.761483371257782,0.5551160573959351,0.7468124032020569,0.7131823897361755
23,0.770122230052948,0.5399107336997986,0.7285974621772766,0.8029261231422424
24,0.7779182195663452,0.5274662971496582,0.7285974621772766,0.7040733695030212
25,0.7842393517494202,0.5259911417961121,0.7459016442298889,0.6985882520675659
26,0.7770754098892212,0.5257132053375244,0.750455379486084,0.7111327648162842
27,0.7821323275566101,0.5162917375564575,0.7468124032020569,0.7216654419898987
28,0.7865570783615112,0.5113042593002319,0.7404371500015259,0.7084032297134399
29,0.7804467082023621,0.510063648223877,0.7650273442268372,0.6936346292495728
30,0.7956173419952393,0.49572598934173584,0.7659380435943604,0.6894879937171936
31,0.7888748645782471,0.49587908387184143,0.7641165852546692,0.7139810919761658
32,0.8000421524047852,0.4873945116996765,0.7595628499984741,0.6852603554725647
33,0.7951959371566772,0.4889698326587677,0.7595628499984741,0.692542314529419
34,0.8027812838554382,0.47402429580688477,0.7723132967948914,0.6862848401069641
35,0.8040454983711243,0.4766124486923218,0.7613843083381653,0.7205088138580322
36,0.8080489039421082,0.46576255559921265,0.7823315262794495,0.6755309104919434
37,0.8082596063613892,0.45807987451553345,0.7650273442268372,0.6984533071517944
38,0.8109987378120422,0.4596703350543976,0.7768670320510864,0.6750161647796631
39,0.8093131184577942,0.4573609232902527,0.7877960205078125,0.6451064348220825
40,0.8168984651565552,0.447588175535202,0.7777777910232544,0.6772140860557556
41,0.8173198699951172,0.4424850642681122,0.7887067198753357,0.6598865985870361
42,0.8194268941879272,0.43436399102211,0.7714025378227234,0.7004467844963074
43,0.8234302401542664,0.4320000410079956,0.7795992493629456,0.7070602178573608
44,0.8196375966072083,0.4389476478099823,0.7786885499954224,0.649016797542572
45,0.8295406699180603,0.42163991928100586,0.7613843083381653,0.66974276304245
46,0.8234302401542664,0.4294743537902832,0.7877960205078125,0.648541271686554
47,0.8276443481445312,0.4201514422893524,0.7768670320510864,0.6522354483604431
48,0.8333333134651184,0.420274555683136,0.7714025378227234,0.6539801955223083
49,0.8331226110458374,0.4150371849536896,0.7941712141036987,0.6281471848487854
