epoch,accuracy,loss,val_accuracy,val_loss
0,0.5642646551132202,0.8898178935050964,0.4726775884628296,1.4833059310913086
1,0.6725663542747498,0.737236499786377,0.4781420826911926,1.025122880935669
2,0.7130215167999268,0.6558986306190491,0.688524603843689,0.7806850671768188
3,0.7427307367324829,0.6023721694946289,0.7695810794830322,0.7340899705886841
4,0.761694073677063,0.5613309144973755,0.7167577147483826,0.7520321011543274
5,0.7901390790939331,0.5172267556190491,0.7431694269180298,0.7087589502334595
6,0.7956173419952393,0.5039147138595581,0.7340619564056396,0.6829586625099182
7,0.8057311177253723,0.4732593595981598,0.7723132967948914,0.6542022824287415
8,0.8219553232192993,0.44526687264442444,0.8214936256408691,0.6463338732719421
9,0.8196375966072083,0.43350574374198914,0.813296914100647,0.7472949028015137
10,0.8350189924240112,0.4112466871738434,0.8169398903846741,0.6931731104850769
11,0.8377581238746643,0.41266724467277527,0.8078324198722839,0.6297045350074768
12,0.8436577916145325,0.38075411319732666,0.806921660900116,0.6027123928070068
13,0.8478718996047974,0.38189613819122314,0.8260473608970642,0.6425281167030334
14,0.8556679487228394,0.368038147687912,0.8096539378166199,0.6024907827377319
15,0.8613569140434265,0.3483780324459076,0.8087431788444519,0.669330894947052
16,0.8628318309783936,0.35308364033699036,0.7850637435913086,0.6920046210289001
17,0.8670459389686584,0.3376212418079376,0.7823315262794495,0.6640825271606445
18,0.8702064752578735,0.3266807198524475,0.7996357083320618,0.6548936367034912
19,0.8765276074409485,0.312849223613739,0.806921660900116,0.5860082507133484
20,0.8822166323661804,0.30555403232574463,0.7723132967948914,0.661911129951477
21,0.8916983008384705,0.28941610455513,0.817850649356842,0.6694727540016174
22,0.8834808468818665,0.29844096302986145,0.7613843083381653,0.6565178632736206
23,0.8870627880096436,0.2826420068740845,0.8023679256439209,0.6705121397972107
24,0.8992835879325867,0.26403874158859253,0.751366138458252,0.6732022166252136
25,0.8999156951904297,0.2610311210155487,0.812386155128479,0.6629669070243835
26,0.8978086709976196,0.2569100260734558,0.811475396156311,0.6591861248016357
27,0.9058154225349426,0.23957683145999908,0.7313296794891357,0.7342002391815186
28,0.9115044474601746,0.23265786468982697,0.6848816275596619,0.8309928774833679
29,0.9093973636627197,0.23691898584365845,0.7932604551315308,0.5601233839988708
