epoch,accuracy,loss,val_accuracy,val_loss
0,0.5408765077590942,0.9178464412689209,0.44899818301200867,1.3754440546035767
1,0.6483354568481445,0.7741376757621765,0.47723132371902466,0.8901440501213074
2,0.6932153105735779,0.6862837672233582,0.682149350643158,0.8249568939208984
3,0.7262958288192749,0.6249092817306519,0.6903460621833801,0.8763538002967834
4,0.744416356086731,0.5890061259269714,0.7076502442359924,0.7948011755943298
5,0.769068717956543,0.5518693327903748,0.7459016442298889,0.7629268765449524
6,0.7821323275566101,0.5048178434371948,0.7094717621803284,0.8043903112411499
7,0.7987779378890991,0.4871024787425995,0.7704917788505554,0.8504850268363953
8,0.8093131184577942,0.46477439999580383,0.7595628499984741,0.6312145590782166
9,0.8196375966072083,0.4481481909751892,0.7686703205108643,0.6926624774932861
10,0.8291192650794983,0.4287225008010864,0.7841529846191406,0.7368976473808289
11,0.8335440158843994,0.40916314721107483,0.7868852615356445,0.749673068523407
12,0.8375474214553833,0.39074230194091797,0.7932604551315308,0.7210628390312195
13,0.8445006608963013,0.39203059673309326,0.7613843083381653,0.7127448916435242
14,0.8478718996047974,0.36809757351875305,0.7877960205078125,0.7429122924804688
15,0.8680994510650635,0.3546328842639923,0.7540983557701111,0.7953006029129028
16,0.8695743680000305,0.33850210905075073,0.7604736089706421,0.6511924862861633
17,0.8691529631614685,0.3312890827655792,0.7841529846191406,0.7068555355072021
18,0.8874841928482056,0.3150923550128937,0.7677595615386963,0.7129539251327515
19,0.8744205832481384,0.31739816069602966,0.8087431788444519,0.5723198652267456
20,0.8870627880096436,0.30706724524497986,0.7969034314155579,0.5738769769668579
21,0.8820058703422546,0.29959502816200256,0.7896174788475037,0.7880948781967163
22,0.8868520855903625,0.2878478765487671,0.7613843083381653,0.655475914478302
23,0.8940160274505615,0.281598299741745,0.8342440724372864,0.5733522772789001
24,0.8978086709976196,0.26580753922462463,0.7823315262794495,0.7237873673439026
25,0.9018120765686035,0.2555195093154907,0.7668488025665283,0.7678861618041992
26,0.9066582322120667,0.2551252245903015,0.7768670320510864,0.861752986907959
27,0.9056047201156616,0.24627098441123962,0.8342440724372864,0.6087216734886169
28,0.9100294709205627,0.23220723867416382,0.744990885257721,0.7521433234214783
29,0.9070796370506287,0.24061326682567596,0.7650273442268372,0.7109833359718323
