epoch,accuracy,loss,val_accuracy,val_loss
0,0.5423514246940613,0.927661657333374,0.4508196711540222,1.478205919265747
1,0.6477033495903015,0.7772637009620667,0.5127504467964172,0.9822841286659241
2,0.7071217894554138,0.6861048340797424,0.7131147384643555,0.7314755916595459
3,0.7241888046264648,0.6347962617874146,0.6967213153839111,0.7583045363426208
4,0.746734082698822,0.5983210206031799,0.7695810794830322,0.7834875583648682
5,0.7673830389976501,0.5609428286552429,0.7322404384613037,0.7241701483726501
6,0.7779182195663452,0.5353275537490845,0.7240437269210815,0.7205656170845032
7,0.7899283766746521,0.4982728958129883,0.7923497557640076,0.7300882339477539
8,0.7996207475662231,0.4877146780490875,0.7832422852516174,0.7571362257003784
9,0.8095238208770752,0.4687196612358093,0.7395263910293579,0.7797086834907532
10,0.8120522499084473,0.45831552147865295,0.7714025378227234,0.655105710029602
11,0.8209018111228943,0.4296887516975403,0.7859745025634766,0.6466195583343506
12,0.8322798013687134,0.4118279218673706,0.7641165852546692,0.6970837712287903
13,0.8459755778312683,0.39892512559890747,0.7996357083320618,0.7180220484733582
14,0.8487147092819214,0.3841783404350281,0.7714025378227234,0.7549867630004883
15,0.8438684940338135,0.3801610469818115,0.8051002025604248,0.6999963521957397
16,0.8512431383132935,0.3757244348526001,0.7249544858932495,0.75890052318573
17,0.8704171776771545,0.33900186419487,0.7741348147392273,0.634716808795929
18,0.8647282123565674,0.33928266167640686,0.7714025378227234,0.7186146378517151
19,0.8670459389686584,0.34314584732055664,0.7777777910232544,0.6764644980430603
20,0.8735777735710144,0.3242779076099396,0.8105646371841431,0.6066912412643433
21,0.8836915493011475,0.31006667017936707,0.7468124032020569,0.6634919047355652
22,0.8805309534072876,0.3043351173400879,0.7459016442298889,0.8273301124572754
23,0.8851664662361145,0.29814592003822327,0.7349726557731628,0.6510620713233948
24,0.8963337540626526,0.2852397859096527,0.8296903371810913,0.5509442090988159
25,0.8908554315567017,0.28208693861961365,0.8205828666687012,0.510283350944519
26,0.9034976959228516,0.2595515251159668,0.8169398903846741,0.5427952408790588
27,0.8950695395469666,0.27470776438713074,0.6903460621833801,0.8304901123046875
28,0.9034976959228516,0.26167750358581543,0.8315118551254272,0.5182320475578308
29,0.9020227789878845,0.25199633836746216,0.7832422852516174,0.6566154956817627
