epoch,accuracy,loss,val_accuracy,val_loss
0,0.5368731617927551,0.9277374744415283,0.438069224357605,1.2407609224319458
1,0.6590813398361206,0.7541489601135254,0.5018215179443359,0.8873587846755981
2,0.7113358378410339,0.667716920375824,0.7103825211524963,0.7220426797866821
3,0.745469868183136,0.6011618971824646,0.7586520910263062,0.6915464997291565
4,0.7665402293205261,0.5653265714645386,0.8078324198722839,0.6631801724433899
5,0.7747576832771301,0.526727020740509,0.7950819730758667,0.6848375201225281
6,0.7977244257926941,0.4977307617664337,0.7814207673072815,0.7440235614776611
7,0.8063632249832153,0.4798080325126648,0.8023679256439209,0.6680192351341248
8,0.8145806789398193,0.4545477032661438,0.811475396156311,0.6574114561080933
9,0.8221660256385803,0.4331165850162506,0.8023679256439209,0.5951637029647827
10,0.8337547183036804,0.421317458152771,0.7805100083351135,0.7988238334655762
11,0.8411293625831604,0.4100073575973511,0.7868852615356445,0.6484326720237732
12,0.8423935770988464,0.39706936478614807,0.8433515429496765,0.5626894235610962
13,0.8510324358940125,0.3832160532474518,0.8214936256408691,0.6963183879852295
14,0.8544037342071533,0.3713243305683136,0.8287795782089233,0.6238679885864258
15,0.8554572463035583,0.3649264872074127,0.7959927320480347,0.6708797812461853
16,0.8647282123565674,0.3545253872871399,0.8196721076965332,0.7057177424430847
17,0.8645175099372864,0.339952677488327,0.8014571666717529,0.6023926138877869
18,0.8758955001831055,0.33076152205467224,0.8306010961532593,0.650160014629364
19,0.8761062026023865,0.32200297713279724,0.7750455141067505,0.5535793304443359
20,0.8773704171180725,0.3061559498310089,0.748633861541748,0.6580726504325867
21,0.8801095485687256,0.30418717861175537,0.7577413320541382,0.8547471165657043
22,0.8876948952674866,0.2942097783088684,0.7641165852546692,0.7944040894508362
23,0.8935946226119995,0.27565667033195496,0.7859745025634766,0.7671316266059875
24,0.8946481347084045,0.2726238965988159,0.7040072679519653,0.9690085649490356
25,0.8963337540626526,0.28148898482322693,0.8096539378166199,0.5787988305091858
26,0.9049726128578186,0.2588711082935333,0.7622950673103333,0.743372917175293
27,0.9041298031806946,0.2512197494506836,0.7950819730758667,0.6910536289215088
28,0.9060261249542236,0.25125065445899963,0.81876140832901,0.5459504127502441
29,0.9064475297927856,0.24654962122440338,0.7987249493598938,0.6259902715682983
