epoch,accuracy,loss,val_accuracy,val_loss
0,0.5636325478553772,0.9060968160629272,0.438069224357605,1.4205738306045532
1,0.6704593300819397,0.7366155982017517,0.5318761467933655,0.9912012815475464
2,0.7083860039710999,0.669463038444519,0.682149350643158,0.7778525352478027
3,0.7357774972915649,0.6135180592536926,0.6803278923034668,0.7823489308357239
4,0.746734082698822,0.585858166217804,0.7395263910293579,0.6978986859321594
5,0.7728613615036011,0.543467104434967,0.7677595615386963,0.778215229511261
6,0.7859249711036682,0.5177063345909119,0.744080126285553,0.7176732420921326
7,0.7926675081253052,0.4975118935108185,0.7677595615386963,0.7782813310623169
8,0.7970922589302063,0.48774272203445435,0.7996357083320618,0.6981943249702454
9,0.8120522499084473,0.4534321427345276,0.7668488025665283,0.6683957576751709
10,0.8139485716819763,0.4476754069328308,0.7577413320541382,0.6909987330436707
11,0.8234302401542664,0.4294949173927307,0.7996357083320618,0.6462504863739014
12,0.8238516449928284,0.42294377088546753,0.8169398903846741,0.7501481771469116
13,0.8394437432289124,0.4067622721195221,0.7659380435943604,0.6957482695579529
14,0.8400758504867554,0.40334683656692505,0.8087431788444519,0.7775689363479614
15,0.8455541729927063,0.38858121633529663,0.7659380435943604,0.7913118600845337
16,0.8632532954216003,0.35808831453323364,0.7650273442268372,0.7812204957008362
17,0.8594605922698975,0.36131709814071655,0.7905282378196716,0.5553017258644104
18,0.8689422607421875,0.3416663706302643,0.7531875967979431,0.638192892074585
19,0.8674673438072205,0.3398725986480713,0.7540983557701111,0.7613768577575684
20,0.8712599873542786,0.33190056681632996,0.7969034314155579,0.7003504037857056
21,0.8742098808288574,0.3169933259487152,0.8032786846160889,0.7118133306503296
22,0.8841129541397095,0.3028618097305298,0.812386155128479,0.5936392545700073
23,0.8777918219566345,0.30792897939682007,0.7795992493629456,0.6746134757995605
24,0.8887484073638916,0.2894914150238037,0.8160291314125061,0.49982789158821106
25,0.8862199783325195,0.28510308265686035,0.7786885499954224,0.6919668316841125
26,0.8994942903518677,0.2666141092777252,0.7923497557640076,0.7124261856079102
27,0.8957016468048096,0.26571789383888245,0.7914389967918396,0.7236055731773376
28,0.9047619104385376,0.2561819553375244,0.7595628499984741,0.6292113065719604
29,0.9064475297927856,0.24733223021030426,0.7668488025665283,0.6532686948776245
