epoch,accuracy,loss,val_accuracy,val_loss
0,0.5358196496963501,0.914283812046051,0.4781420826911926,1.3167543411254883
1,0.6597134470939636,0.7566609382629395,0.5072859525680542,0.9243274927139282
2,0.6972187161445618,0.6770265698432922,0.6593806743621826,0.7531126737594604
3,0.73683100938797,0.6186105608940125,0.7258651852607727,0.7338099479675293
4,0.7511588931083679,0.5811470746994019,0.7167577147483826,0.736436665058136
5,0.7772861123085022,0.5443976521492004,0.7386156916618347,0.6915894746780396
6,0.7741255760192871,0.526758074760437,0.7112932801246643,0.7464156746864319
7,0.788242757320404,0.5023103952407837,0.755919873714447,0.7227197885513306
8,0.7960387468338013,0.49037131667137146,0.751366138458252,0.7447046637535095
9,0.8015170693397522,0.4779118597507477,0.7477231621742249,0.7405030131340027
10,0.8120522499084473,0.45633161067962646,0.7941712141036987,0.7133156061172485
11,0.8190054893493652,0.43670400977134705,0.7650273442268372,0.7668315172195435
12,0.8333333134651184,0.4234609007835388,0.8233151435852051,0.6760843992233276
13,0.8303834795951843,0.4173167943954468,0.817850649356842,0.6456015706062317
14,0.8447113633155823,0.39182040095329285,0.7413479089736938,0.7013813257217407
15,0.8449220657348633,0.38999706506729126,0.7295082211494446,0.7396264672279358
16,0.8560893535614014,0.3666548728942871,0.8242258429527283,0.6670696139335632
17,0.8548251390457153,0.36320269107818604,0.8233151435852051,0.6962696313858032
18,0.8592498898506165,0.3602779805660248,0.7668488025665283,0.8254159688949585
19,0.8689422607421875,0.33344337344169617,0.806010901927948,0.7202004790306091
20,0.8712599873542786,0.33505263924598694,0.8433515429496765,0.714139997959137
21,0.8807416558265686,0.3144615888595581,0.8224043846130371,0.7196258306503296
22,0.8786346316337585,0.3078157901763916,0.8096539378166199,0.6926624774932861
23,0.8860092759132385,0.2993636131286621,0.7431694269180298,0.7090708613395691
24,0.8843236565589905,0.2924332320690155,0.755919873714447,0.8213432431221008
25,0.8942267298698425,0.28245073556900024,0.7905282378196716,0.6870611310005188
26,0.8910661339759827,0.2875555455684662,0.8233151435852051,0.5896518230438232
27,0.8931732177734375,0.27986425161361694,0.7367941737174988,0.6226732730865479
28,0.8978086709976196,0.2689896821975708,0.7723132967948914,0.8767337203025818
29,0.8984407782554626,0.25478869676589966,0.7723132967948914,0.8156085014343262
