epoch,accuracy,loss,val_accuracy,val_loss
0,0.5583649277687073,0.9075572490692139,0.4444444477558136,1.4271786212921143
1,0.6573957204818726,0.7567819952964783,0.5091074705123901,0.9710021018981934
2,0.7144964337348938,0.6743677854537964,0.7049180269241333,0.7305135726928711
3,0.7338811755180359,0.6103857159614563,0.755919873714447,0.7646494507789612
4,0.7684365510940552,0.5595242977142334,0.749544620513916,0.6883237957954407
5,0.7833965420722961,0.5330610871315002,0.751366138458252,0.6311889290809631
6,0.7979351282119751,0.498943954706192,0.7914389967918396,0.6856104135513306
7,0.8053097128868103,0.4815443754196167,0.8041894435882568,0.6717504858970642
8,0.8080489039421082,0.46939873695373535,0.7322404384613037,0.8276811242103577
9,0.8171091675758362,0.4532761871814728,0.7768670320510864,0.6817779541015625
10,0.8310155868530273,0.42396658658981323,0.8096539378166199,0.602323055267334
11,0.8400758504867554,0.4144325852394104,0.7887067198753357,0.7078455686569214
12,0.8402865529060364,0.399290531873703,0.8023679256439209,0.6009993553161621
13,0.8453434705734253,0.39412564039230347,0.8096539378166199,0.7282388210296631
14,0.8504003286361694,0.3787112236022949,0.81876140832901,0.6429615616798401
15,0.8529287576675415,0.36796849966049194,0.7322404384613037,0.74966961145401
16,0.8664138317108154,0.34271642565727234,0.7950819730758667,0.6849835515022278
17,0.8693636655807495,0.35037466883659363,0.8142076730728149,0.6773313283920288
18,0.8699957728385925,0.33201393485069275,0.8023679256439209,0.6162336468696594
19,0.8784239292144775,0.3222382366657257,0.7832422852516174,0.5780544281005859
20,0.8872734904289246,0.3009631931781769,0.811475396156311,0.6520729660987854
21,0.8828487396240234,0.2972615361213684,0.8051002025604248,0.5760181546211243
22,0.8866413831710815,0.2938194274902344,0.7905282378196716,0.5887895822525024
23,0.8798988461494446,0.2967964708805084,0.8142076730728149,0.5817861557006836
24,0.8942267298698425,0.28303834795951843,0.8105646371841431,0.7134786248207092
25,0.8994942903518677,0.2705318331718445,0.7823315262794495,0.7072285413742065
26,0.9024441838264465,0.2533327341079712,0.7604736089706421,0.7468068599700928
27,0.9007585048675537,0.25665703415870667,0.8096539378166199,0.6646367907524109
28,0.9066582322120667,0.25093770027160645,0.7695810794830322,0.8367130160331726
29,0.9081331491470337,0.23544278740882874,0.7595628499984741,0.5808384418487549
