epoch,accuracy,loss,val_accuracy,val_loss
0,0.5724821090698242,0.8841937780380249,0.4653916358947754,1.7326688766479492
1,0.6563422083854675,0.7618316411972046,0.5145719647407532,0.928594708442688
2,0.6967973113059998,0.6888399124145508,0.6912568211555481,0.7473570704460144
3,0.7258744239807129,0.630267858505249,0.7377049326896667,0.7508937120437622
4,0.7416772246360779,0.5929920077323914,0.7276867032051086,0.7844564914703369
5,0.762747585773468,0.552827000617981,0.7295082211494446,0.7350754141807556
6,0.7812895178794861,0.5194547772407532,0.7777777910232544,0.7248498797416687
7,0.8008849620819092,0.49096325039863586,0.8169398903846741,0.7050778865814209
8,0.8036240935325623,0.48481079936027527,0.7531875967979431,0.7105957269668579
9,0.8255373239517212,0.4397495687007904,0.7841529846191406,0.727550208568573
10,0.8249051570892334,0.4339619576931,0.8032786846160889,0.7074778079986572
11,0.8352296948432922,0.41800954937934875,0.7477231621742249,0.7242514491081238
12,0.8434470891952515,0.3943968713283539,0.7832422852516174,0.7456969618797302
13,0.8436577916145325,0.3900017738342285,0.7896174788475037,0.7165287733078003
14,0.8596712946891785,0.3613777160644531,0.7850637435913086,0.6346290111541748
15,0.8567214608192444,0.3546332120895386,0.7650273442268372,0.7403230667114258
16,0.8687315583229065,0.3418363332748413,0.7832422852516174,0.643416702747345
17,0.8680994510650635,0.32949715852737427,0.7413479089736938,0.8460612893104553
18,0.8765276074409485,0.3232118487358093,0.812386155128479,0.6484919190406799
19,0.8777918219566345,0.30583301186561584,0.8014571666717529,0.595858097076416
20,0.8876948952674866,0.2956063449382782,0.7750455141067505,0.6325628161430359
21,0.8910661339759827,0.2853165566921234,0.7267759442329407,0.76434326171875
22,0.8973872661590576,0.2680909335613251,0.8242258429527283,0.5244635343551636
23,0.8990728855133057,0.2680489420890808,0.7832422852516174,0.7887717485427856
24,0.8988621830940247,0.26336389780044556,0.81876140832901,0.6672821044921875
25,0.9034976959228516,0.26064956188201904,0.8051002025604248,0.678638756275177
26,0.9129793643951416,0.23594684898853302,0.7122039794921875,1.390108585357666
27,0.9053940176963806,0.2439272403717041,0.7422586679458618,0.7821783423423767
28,0.9148756861686707,0.22568979859352112,0.6857923269271851,0.8086565136909485
29,0.9171934127807617,0.23140938580036163,0.7659380435943604,0.7731142640113831
