epoch,accuracy,loss,val_accuracy,val_loss
0,0.5585756301879883,0.927475094795227,0.4644808769226074,1.4881689548492432
1,0.6502317786216736,0.7722604870796204,0.5018215179443359,0.9334251880645752
2,0.6970080137252808,0.6782159209251404,0.7085610032081604,0.7429161667823792
3,0.720606803894043,0.6353532671928406,0.7103825211524963,0.7437286376953125
4,0.746944785118103,0.5881375074386597,0.6848816275596619,0.799231231212616
5,0.7568478584289551,0.5525987148284912,0.7249544858932495,0.7296885251998901
6,0.7821323275566101,0.5134457945823669,0.7759562730789185,0.7349686622619629
7,0.8017277717590332,0.48187968134880066,0.7358834147453308,0.8075255155563354
8,0.8008849620819092,0.4823243021965027,0.8041894435882568,0.7379845976829529
9,0.8118415474891663,0.4611768424510956,0.7322404384613037,0.7635142207145691
10,0.8162663578987122,0.4387041926383972,0.7732240557670593,0.7031102180480957
11,0.8278550505638123,0.414274662733078,0.8096539378166199,0.7050651907920837
12,0.8369153141975403,0.39885252714157104,0.7877960205078125,0.6508533954620361
13,0.8419721722602844,0.39465224742889404,0.7978141903877258,0.6579781174659729
14,0.8455541729927063,0.38524413108825684,0.817850649356842,0.718666672706604
15,0.8619890213012695,0.3571789264678955,0.7969034314155579,0.7465560436248779
16,0.8624104261398315,0.35804957151412964,0.7577413320541382,0.7101529836654663
17,0.8691529631614685,0.3355048894882202,0.817850649356842,0.8311488628387451
18,0.8754740953445435,0.32751667499542236,0.812386155128479,0.6805007457733154
19,0.8697850704193115,0.3248279094696045,0.7677595615386963,0.799999475479126
20,0.8790560364723206,0.30132707953453064,0.755919873714447,0.6731570363044739
21,0.8788453340530396,0.30203893780708313,0.8224043846130371,0.5727561116218567
22,0.8916983008384705,0.282539427280426,0.7887067198753357,0.7975648045539856
23,0.8969658613204956,0.27629271149635315,0.7887067198753357,0.8774223327636719
24,0.8975979685783386,0.27026283740997314,0.806010901927948,0.5659134387969971
25,0.8978086709976196,0.26185986399650574,0.8151183724403381,0.5661476850509644
26,0.8969658613204956,0.2572532594203949,0.7914389967918396,0.764369010925293
27,0.9079224467277527,0.23730525374412537,0.7859745025634766,0.8436840772628784
28,0.9127686619758606,0.2367783635854721,0.8214936256408691,0.5856683254241943
29,0.9041298031806946,0.25165238976478577,0.693989098072052,0.7531965374946594
