epoch,accuracy,loss,val_accuracy,val_loss
0,0.5773282647132874,0.8936333656311035,0.47449907660484314,1.6628174781799316
1,0.6721449494361877,0.7504818439483643,0.46265938878059387,1.131872534751892
2,0.7039612531661987,0.6733025312423706,0.7322404384613037,0.7178214192390442
3,0.736409604549408,0.6090254783630371,0.686703085899353,0.758700966835022
4,0.7564264535903931,0.5681467652320862,0.7613843083381653,0.728675127029419
5,0.7774968147277832,0.5380661487579346,0.7340619564056396,0.7275725603103638
6,0.7945638298988342,0.4982254207134247,0.7768670320510864,0.6870064735412598
7,0.7983565330505371,0.47351959347724915,0.8096539378166199,0.7086148262023926
8,0.8074167966842651,0.4683536887168884,0.7932604551315308,0.6463720202445984
9,0.8084703087806702,0.45222026109695435,0.7632058262825012,0.7016581296920776
10,0.8179519772529602,0.432475209236145,0.7459016442298889,0.7828572392463684
11,0.8261694312095642,0.41794800758361816,0.7686703205108643,0.7479742765426636
12,0.8350189924240112,0.4091557562351227,0.8160291314125061,0.6252514719963074
13,0.8383902311325073,0.3941643536090851,0.7786885499954224,0.6696622967720032
14,0.8436577916145325,0.381192684173584,0.7695810794830322,0.7436516284942627
15,0.8548251390457153,0.3675942122936249,0.7969034314155579,0.6645557880401611
16,0.8619890213012695,0.34378308057785034,0.8142076730728149,0.6445214152336121
17,0.8676780462265015,0.3320966362953186,0.8023679256439209,0.6692132353782654
18,0.8662031292915344,0.33145809173583984,0.8214936256408691,0.5486903786659241
19,0.8765276074409485,0.31771954894065857,0.8169398903846741,0.6389052271842957
20,0.8809523582458496,0.29863911867141724,0.8224043846130371,0.6004430651664734
21,0.8839022517204285,0.29113101959228516,0.7777777910232544,0.6788459420204163
22,0.8887484073638916,0.28588107228279114,0.7659380435943604,0.6550318598747253
23,0.8900126218795776,0.2777651250362396,0.7768670320510864,0.8065581917762756
24,0.9051833152770996,0.26048412919044495,0.8397085666656494,0.5457640886306763
25,0.9032869935035706,0.2612742781639099,0.7959927320480347,0.6712924242019653
26,0.9075010418891907,0.250942200422287,0.7012750506401062,0.8357692956924438
27,0.9110830426216125,0.23663464188575745,0.8269581198692322,0.6444966197013855
28,0.9060261249542236,0.23889808356761932,0.811475396156311,0.6654987931251526
29,0.9085545539855957,0.2390703409910202,0.8214936256408691,0.5035650730133057
