epoch,accuracy,loss,lr,val_accuracy,val_loss
0,0.46447861194610596,1.3686798810958862,0.001,0.3252595067024231,1.6443809270858765
1,0.6522642374038696,0.8988610506057739,0.001,0.31833910942077637,1.688599705696106
2,0.7390943169593811,0.6811450123786926,0.001,0.31833910942077637,1.9605525732040405
3,0.7640215754508972,0.6059964299201965,0.001,0.26874279975891113,1.8345731496810913
4,0.786871612071991,0.5444628000259399,0.001,0.3448673486709595,1.9307845830917358
5,0.8055670857429504,0.4862438440322876,0.001,0.31949248909950256,2.2567715644836426
6,0.8059825301170349,0.4956289529800415,0.001,0.3483275771141052,2.449603796005249
7,0.8155379891395569,0.46786296367645264,0.001,0.3921568691730499,2.6557726860046387
8,0.8284171223640442,0.41719910502433777,0.001,0.334486722946167,3.0774614810943604
9,0.8313252925872803,0.4159587621688843,0.001,0.37485581636428833,2.9771687984466553
10,0.823431670665741,0.4227943420410156,0.001,0.334486722946167,3.9482262134552
11,0.8433734774589539,0.384782612323761,0.0003,0.3783160448074341,3.957566738128662
12,0.8412961959838867,0.40064626932144165,0.0003,0.4117647111415863,3.5688202381134033
13,0.8433734774589539,0.38358578085899353,0.0003,0.35524797439575195,3.9428694248199463
14,0.844619870185852,0.3745490312576294,0.0003,0.3679354190826416,3.6602063179016113
15,0.8520980477333069,0.3683467507362366,0.0003,0.3171856999397278,3.7616398334503174
16,0.8421271443367004,0.3815537989139557,0.0003,0.36447519063949585,3.788069248199463
17,0.8462817072868347,0.3669949471950531,0.0003,0.38177624344825745,4.094996452331543
18,0.8483589291572571,0.3637913763523102,0.0003,0.3967704772949219,4.0614495277404785
19,0.8591607809066772,0.34744030237197876,0.0003,0.4129181206226349,3.97916579246521
20,0.8508516550064087,0.3653917908668518,0.0003,0.39907726645469666,3.921173095703125
21,0.8570834994316101,0.3444456160068512,9e-05,0.39100345969200134,4.004771709442139
22,0.8583298921585083,0.34087294340133667,9e-05,0.38985005021095276,3.948498487472534
23,0.8558371663093567,0.33889028429985046,9e-05,0.3886966407299042,4.11566686630249
24,0.8745326399803162,0.32358527183532715,9e-05,0.39100345969200134,4.1592912673950195
25,0.8608226180076599,0.3562052845954895,9e-05,0.38292965292930603,4.126972675323486
26,0.8658080697059631,0.33085915446281433,9e-05,0.3840830326080322,4.19711971282959
27,0.8658080697059631,0.3273928463459015,9e-05,0.3702422082424164,3.885950803756714
28,0.8616535067558289,0.34348583221435547,9e-05,0.38062283396720886,3.9958205223083496
29,0.8599916696548462,0.3395095467567444,9e-05,0.39907726645469666,3.996912717819214
30,0.8658080697059631,0.3371356427669525,9e-05,0.40023067593574524,4.034188747406006
31,0.8533444404602051,0.36035650968551636,2.7e-05,0.3863898515701294,4.036031246185303
32,0.8674699068069458,0.3463957905769348,2.7e-05,0.38292965292930603,4.04954719543457
33,0.855006217956543,0.34496110677719116,2.7e-05,0.3840830326080322,4.096263885498047
34,0.8658080697059631,0.3462843894958496,2.7e-05,0.387543261051178,4.058247089385986
35,0.8562526106834412,0.3556942045688629,2.7e-05,0.3840830326080322,4.105618476867676
36,0.8666389584541321,0.3249968886375427,2.7e-05,0.3886966407299042,4.0334391593933105
37,0.8649771213531494,0.3254002630710602,2.7e-05,0.3886966407299042,4.045756816864014
38,0.855006217956543,0.3409910798072815,2.7e-05,0.38985005021095276,4.043968200683594
39,0.8591607809066772,0.3314073085784912,2.7e-05,0.3852364420890808,4.068883895874023
40,0.8674699068069458,0.32261303067207336,2.7e-05,0.3852364420890808,4.058032989501953
41,0.8587453365325928,0.33285489678382874,8.1e-06,0.3840830326080322,4.069563388824463
42,0.8653926253318787,0.3236857056617737,8.1e-06,0.3863898515701294,4.0477094650268555
43,0.8558371663093567,0.3424730896949768,8.1e-06,0.38292965292930603,4.050848960876465
44,0.8624843955039978,0.3334862291812897,8.1e-06,0.3863898515701294,4.058858871459961
45,0.8653926253318787,0.3228267431259155,8.1e-06,0.3863898515701294,4.050889015197754
46,0.8662235140800476,0.3311260938644409,8.1e-06,0.387543261051178,4.04995059967041
47,0.8608226180076599,0.3207217752933502,8.1e-06,0.3863898515701294,4.063137531280518
48,0.8554216623306274,0.34548717737197876,8.1e-06,0.3863898515701294,4.068180084228516
49,0.8537598848342896,0.34410667419433594,8.1e-06,0.3886966407299042,4.065427780151367
50,0.8591607809066772,0.33867862820625305,8.1e-06,0.3886966407299042,4.047305107116699
51,0.8641462326049805,0.3367157280445099,2.43e-06,0.3863898515701294,4.064528465270996
52,0.863730788230896,0.3360866904258728,2.43e-06,0.3886966407299042,4.049489974975586
53,0.8649771213531494,0.32840442657470703,2.43e-06,0.3852364420890808,4.061596870422363
54,0.8512671589851379,0.34345531463623047,2.43e-06,0.3863898515701294,4.05961275100708
55,0.8707935214042664,0.3267926275730133,2.43e-06,0.3840830326080322,4.073771953582764
56,0.863730788230896,0.3422398567199707,2.43e-06,0.3840830326080322,4.07059383392334
57,0.8595762252807617,0.33942991495132446,2.43e-06,0.3840830326080322,4.074635028839111
58,0.8616535067558289,0.33884790539741516,2.43e-06,0.3852364420890808,4.0598039627075195
59,0.8604071736335754,0.33992800116539,2.43e-06,0.3852364420890808,4.053558826446533
60,0.8537598848342896,0.35322004556655884,2.43e-06,0.3863898515701294,4.061925888061523
61,0.8520980477333069,0.3505459725856781,1e-06,0.3863898515701294,4.061764240264893
62,0.8641462326049805,0.3314034938812256,1e-06,0.3852364420890808,4.06721305847168
63,0.8529289364814758,0.3413355052471161,1e-06,0.3852364420890808,4.068267345428467
64,0.8658080697059631,0.3249686062335968,1e-06,0.3852364420890808,4.073920249938965
65,0.8695471286773682,0.30997544527053833,1e-06,0.3863898515701294,4.072413921356201
66,0.8591607809066772,0.33694928884506226,1e-06,0.3852364420890808,4.077671527862549
67,0.8737016916275024,0.3164343535900116,1e-06,0.3852364420890808,4.0812530517578125
68,0.8624843955039978,0.3272065222263336,1e-06,0.3852364420890808,4.068289279937744
69,0.8616535067558289,0.33098742365837097,1e-06,0.3863898515701294,4.066517353057861
70,0.8583298921585083,0.335222452878952,1e-06,0.3863898515701294,4.071224212646484
71,0.8641462326049805,0.3361304700374603,1e-06,0.3863898515701294,4.064123153686523
72,0.8699626326560974,0.33003315329551697,1e-06,0.3863898515701294,4.07231330871582
73,0.8599916696548462,0.33963003754615784,1e-06,0.3852364420890808,4.075163841247559
74,0.8633153438568115,0.35397231578826904,1e-06,0.387543261051178,4.061485290527344
75,0.8658080697059631,0.3278692066669464,1e-06,0.3863898515701294,4.061483383178711
76,0.8641462326049805,0.3367536664009094,1e-06,0.3863898515701294,4.06434965133667
77,0.8504362106323242,0.34428444504737854,1e-06,0.3863898515701294,4.062720775604248
78,0.8595762252807617,0.3348393738269806,1e-06,0.3852364420890808,4.066647052764893
79,0.8749480843544006,0.31074896454811096,1e-06,0.3863898515701294,4.065443992614746
80,0.8616535067558289,0.33369526267051697,1e-06,0.3852364420890808,4.073261737823486
81,0.8641462326049805,0.33445626497268677,1e-06,0.3863898515701294,4.064400672912598
82,0.8712089657783508,0.3258178234100342,1e-06,0.3863898515701294,4.0609564781188965
83,0.8653926253318787,0.325024276971817,1e-06,0.3852364420890808,4.063047885894775
84,0.8624843955039978,0.3402878940105438,1e-06,0.3863898515701294,4.0572991371154785
85,0.8703780770301819,0.31018319725990295,1e-06,0.3863898515701294,4.066525459289551
86,0.8716244101524353,0.3241184651851654,1e-06,0.3863898515701294,4.060417652130127
87,0.8653926253318787,0.3371118903160095,1e-06,0.3863898515701294,4.065968036651611
88,0.8728708028793335,0.31677985191345215,1e-06,0.3852364420890808,4.071416854858398
89,0.8683007955551147,0.32630032300949097,1e-06,0.3852364420890808,4.067554950714111
90,0.8562526106834412,0.33698076009750366,1e-06,0.3852364420890808,4.069719314575195
91,0.8695471286773682,0.31910017132759094,1e-06,0.3852364420890808,4.065432548522949
92,0.8687162399291992,0.33617204427719116,1e-06,0.3863898515701294,4.066605567932129
93,0.8616535067558289,0.3271821439266205,1e-06,0.3863898515701294,4.065964221954346
94,0.8645616769790649,0.3396783471107483,1e-06,0.3863898515701294,4.071160316467285
95,0.8786871433258057,0.319439172744751,1e-06,0.3863898515701294,4.0619096755981445
96,0.8599916696548462,0.3299345374107361,1e-06,0.3840830326080322,4.073486804962158
97,0.8633153438568115,0.327134907245636,1e-06,0.3840830326080322,4.074833869934082
98,0.8645616769790649,0.3249496519565582,1e-06,0.3852364420890808,4.066622734069824
99,0.8662235140800476,0.327444851398468,1e-06,0.3840830326080322,4.078169822692871
100,0.8653926253318787,0.3263954520225525,1e-06,0.3863898515701294,4.068346977233887
