epoch,accuracy,loss,lr,val_accuracy,val_loss
0,0.46447861194610596,1.343433141708374,0.001,0.3252595067024231,1.6365046501159668
1,0.6360614895820618,0.894101083278656,0.001,0.31833910942077637,1.7398861646652222
2,0.7374324798583984,0.6398617625236511,0.001,0.3356401324272156,1.7850663661956787
3,0.7789779901504517,0.5532631874084473,0.001,0.31833910942077637,2.138551712036133
4,0.7922725677490234,0.5032753348350525,0.001,0.334486722946167,2.090592861175537
5,0.8009970784187317,0.4795096814632416,0.001,0.45213380455970764,2.2080271244049072
6,0.8014125227928162,0.46520987153053284,0.001,0.3333333432674408,2.4993624687194824
7,0.8101370930671692,0.4648425877094269,0.001,0.3402537405490875,3.073881149291992
8,0.823431670665741,0.410867840051651,0.001,0.38177624344825745,3.7113966941833496
9,0.8292480111122131,0.41757965087890625,0.001,0.43252596259117126,3.5644900798797607
10,0.835895299911499,0.4080549478530884,0.001,0.35409456491470337,3.6070315837860107
11,0.8433734774589539,0.369911789894104,0.0003,0.38062283396720886,4.105738639831543
12,0.8425425887107849,0.3777642846107483,0.0003,0.3933102786540985,3.663719892501831
13,0.841711699962616,0.3667866885662079,0.0003,0.387543261051178,3.9064574241638184
14,0.8442044258117676,0.36794576048851013,0.0003,0.3483275771141052,4.050644874572754
15,0.8566680550575256,0.34649521112442017,0.0003,0.3886966407299042,4.202602863311768
16,0.854175329208374,0.346833735704422,0.0003,0.43483275175094604,3.866014003753662
17,0.8529289364814758,0.3571925461292267,0.0003,0.3794694244861603,4.296172618865967
18,0.8566680550575256,0.33285778760910034,0.0003,0.35640138387680054,4.379387378692627
19,0.8475280404090881,0.3639981150627136,0.0003,0.3933102786540985,4.2205986976623535
20,0.8512671589851379,0.3596266508102417,0.0003,0.39100345969200134,4.095616340637207
21,0.8633153438568115,0.34053725004196167,9e-05,0.3690887987613678,4.230854034423828
22,0.8674699068069458,0.32345378398895264,9e-05,0.38177624344825745,4.127849102020264
23,0.8475280404090881,0.36617591977119446,9e-05,0.36447519063949585,4.192445278167725
24,0.8666389584541321,0.33272871375083923,9e-05,0.3575547933578491,4.2282843589782715
25,0.8520980477333069,0.3591602146625519,9e-05,0.36447519063949585,4.128358364105225
26,0.8591607809066772,0.3243325352668762,9e-05,0.37485581636428833,4.299704551696777
27,0.8624843955039978,0.3458341658115387,9e-05,0.3783160448074341,4.168185710906982
28,0.8533444404602051,0.33711493015289307,9e-05,0.37254902720451355,4.101858615875244
29,0.862899899482727,0.32932937145233154,9e-05,0.3840830326080322,4.193614959716797
30,0.8749480843544006,0.3190225064754486,9e-05,0.37485581636428833,4.183920860290527
31,0.8707935214042664,0.3258703351020813,2.7e-05,0.38177624344825745,4.201809883117676
32,0.8712089657783508,0.3212275505065918,2.7e-05,0.3771626353263855,4.212738037109375
33,0.8703780770301819,0.3154272437095642,2.7e-05,0.38062283396720886,4.271213531494141
34,0.8649771213531494,0.3228762447834015,2.7e-05,0.3794694244861603,4.236796855926514
35,0.872455358505249,0.32334113121032715,2.7e-05,0.3840830326080322,4.226807594299316
36,0.8558371663093567,0.33616915345191956,2.7e-05,0.3852364420890808,4.197472095489502
37,0.8624843955039978,0.33599695563316345,2.7e-05,0.37485581636428833,4.226816654205322
38,0.8616535067558289,0.3326987624168396,2.7e-05,0.3794694244861603,4.203543663024902
39,0.8649771213531494,0.3122560381889343,2.7e-05,0.3794694244861603,4.253829479217529
40,0.8683007955551147,0.32396936416625977,2.7e-05,0.3771626353263855,4.262322425842285
41,0.8666389584541321,0.3231997787952423,8.1e-06,0.3794694244861603,4.285733699798584
42,0.8591607809066772,0.3211900293827057,8.1e-06,0.38177624344825745,4.284650802612305
43,0.8570834994316101,0.34040287137031555,8.1e-06,0.38177624344825745,4.28739595413208
44,0.8653926253318787,0.32620975375175476,8.1e-06,0.38177624344825745,4.260918617248535
45,0.8649771213531494,0.32124340534210205,8.1e-06,0.38292965292930603,4.2617411613464355
46,0.8633153438568115,0.32849106192588806,8.1e-06,0.38292965292930603,4.276252269744873
47,0.8525134921073914,0.3571918308734894,8.1e-06,0.38177624344825745,4.266270160675049
48,0.8666389584541321,0.3308473229408264,8.1e-06,0.38062283396720886,4.278553485870361
49,0.8649771213531494,0.3340095579624176,8.1e-06,0.38177624344825745,4.288168430328369
50,0.8591607809066772,0.35040396451950073,8.1e-06,0.38292965292930603,4.2610955238342285
51,0.8562526106834412,0.34341639280319214,2.43e-06,0.38292965292930603,4.260757923126221
52,0.8645616769790649,0.32533499598503113,2.43e-06,0.38177624344825745,4.267642498016357
53,0.8707935214042664,0.32522445917129517,2.43e-06,0.38177624344825745,4.275306224822998
54,0.8795180916786194,0.30294284224510193,2.43e-06,0.38177624344825745,4.288487911224365
55,0.8604071736335754,0.33309268951416016,2.43e-06,0.38177624344825745,4.274835109710693
56,0.8658080697059631,0.3240787386894226,2.43e-06,0.38177624344825745,4.275630950927734
57,0.8728708028793335,0.31995952129364014,2.43e-06,0.38177624344825745,4.284423828125
58,0.8678853511810303,0.3184076249599457,2.43e-06,0.38177624344825745,4.268306732177734
59,0.8587453365325928,0.33690956234931946,2.43e-06,0.38177624344825745,4.265833377838135
60,0.8741171360015869,0.31388962268829346,2.43e-06,0.38177624344825745,4.273534774780273
61,0.8604071736335754,0.3347310721874237,1e-06,0.38177624344825745,4.265190124511719
62,0.8649771213531494,0.32642102241516113,1e-06,0.38177624344825745,4.269359111785889
63,0.8770253658294678,0.3178254961967468,1e-06,0.38177624344825745,4.286384582519531
64,0.8587453365325928,0.33524176478385925,1e-06,0.38177624344825745,4.287985324859619
65,0.8728708028793335,0.3178478479385376,1e-06,0.38177624344825745,4.269409656524658
66,0.8624843955039978,0.3339090049266815,1e-06,0.38177624344825745,4.284144401550293
67,0.8595762252807617,0.3466815948486328,1e-06,0.38177624344825745,4.282726764678955
68,0.8678853511810303,0.31331780552864075,1e-06,0.38177624344825745,4.292336463928223
69,0.8658080697059631,0.32251638174057007,1e-06,0.38177624344825745,4.277458667755127
70,0.8658080697059631,0.3253963887691498,1e-06,0.38177624344825745,4.272812366485596
71,0.8591607809066772,0.3396555781364441,1e-06,0.38177624344825745,4.273121356964111
72,0.863730788230896,0.3278625011444092,1e-06,0.38177624344825745,4.285064697265625
73,0.8728708028793335,0.30801576375961304,1e-06,0.38177624344825745,4.283651351928711
74,0.8703780770301819,0.3264630138874054,1e-06,0.38177624344825745,4.274662017822266
75,0.8645616769790649,0.3094601333141327,1e-06,0.38177624344825745,4.280656337738037
76,0.8616535067558289,0.3391801714897156,1e-06,0.38177624344825745,4.288320064544678
77,0.8678853511810303,0.3235909044742584,1e-06,0.38177624344825745,4.285189628601074
78,0.8525134921073914,0.33586278557777405,1e-06,0.38177624344825745,4.2675628662109375
79,0.8653926253318787,0.32843536138534546,1e-06,0.38062283396720886,4.2666802406311035
80,0.8545907735824585,0.3478151261806488,1e-06,0.38062283396720886,4.268923282623291
81,0.8691316843032837,0.3284992277622223,1e-06,0.38177624344825745,4.270880699157715
82,0.8583298921585083,0.33637043833732605,1e-06,0.38177624344825745,4.274825096130371
83,0.8624843955039978,0.33513176441192627,1e-06,0.38177624344825745,4.280230522155762
84,0.8716244101524353,0.3180386424064636,1e-06,0.38177624344825745,4.275446891784668
85,0.8574989438056946,0.33023521304130554,1e-06,0.38177624344825745,4.266795635223389
86,0.863730788230896,0.30871492624282837,1e-06,0.38062283396720886,4.269071102142334
87,0.8653926253318787,0.3299068510532379,1e-06,0.38177624344825745,4.276957035064697
88,0.8678853511810303,0.3318467140197754,1e-06,0.38177624344825745,4.281437873840332
89,0.8745326399803162,0.32092490792274475,1e-06,0.38062283396720886,4.291029930114746
90,0.8786871433258057,0.3034150004386902,1e-06,0.38062283396720886,4.292233467102051
91,0.8641462326049805,0.3234023153781891,1e-06,0.38062283396720886,4.289168357849121
92,0.8608226180076599,0.34284359216690063,1e-06,0.38177624344825745,4.277873516082764
93,0.8574989438056946,0.3408385217189789,1e-06,0.38177624344825745,4.277007102966309
94,0.8699626326560974,0.3189500570297241,1e-06,0.38177624344825745,4.270312786102295
95,0.8620689511299133,0.32811951637268066,1e-06,0.38062283396720886,4.264125823974609
96,0.8558371663093567,0.3474480211734772,1e-06,0.38177624344825745,4.274041652679443
97,0.8666389584541321,0.3174336850643158,1e-06,0.38177624344825745,4.280982971191406
98,0.8570834994316101,0.3397541046142578,1e-06,0.38062283396720886,4.290028095245361
99,0.8595762252807617,0.34206292033195496,1e-06,0.38177624344825745,4.287539005279541
100,0.862899899482727,0.3281896412372589,1e-06,0.38177624344825745,4.280290126800537
