epoch,accuracy,loss,lr,val_accuracy,val_loss
0,0.461154967546463,1.3541524410247803,0.001,0.3252595067024231,1.639350414276123
1,0.6738678812980652,0.8544954061508179,0.001,0.31833910942077637,1.7091196775436401
2,0.7536352276802063,0.6065179109573364,0.001,0.31833910942077637,1.9456067085266113
3,0.7764852643013,0.5499650239944458,0.001,0.31833910942077637,2.0077483654022217
4,0.786871612071991,0.5091249346733093,0.001,0.31833910942077637,2.2146992683410645
5,0.7972580194473267,0.47810786962509155,0.001,0.28373703360557556,2.2881102561950684
6,0.8109679818153381,0.44577333331108093,0.001,0.3702422082424164,2.3074965476989746
7,0.8047361969947815,0.45109453797340393,0.001,0.3690887987613678,2.882542848587036
8,0.813876211643219,0.4387260377407074,0.001,0.2549019753932953,3.011384963989258
9,0.8304944038391113,0.40847474336624146,0.001,0.3679354190826416,3.300602912902832
10,0.8259243965148926,0.40796008706092834,0.001,0.3252595067024231,3.57076096534729
11,0.836726188659668,0.3722270727157593,0.0003,0.42675894498825073,3.192725896835327
12,0.8404653072357178,0.38142645359039307,0.0003,0.366782009601593,3.771704912185669
13,0.8392189741134644,0.38327398896217346,0.0003,0.36216840147972107,3.413952112197876
14,0.836726188659668,0.3817378878593445,0.0003,0.4117647111415863,3.5319299697875977
15,0.8321561813354492,0.385210245847702,0.0003,0.4290657341480255,3.3243682384490967
16,0.8371416926383972,0.38530150055885315,0.0003,0.40023067593574524,3.2989840507507324
17,0.8562526106834412,0.35060474276542664,0.0003,0.3886966407299042,3.484907865524292
18,0.841711699962616,0.38451406359672546,0.0003,0.39907726645469666,3.344458818435669
19,0.8462817072868347,0.3800930380821228,0.0003,0.3921568691730499,3.258774757385254
20,0.8433734774589539,0.3603649139404297,0.0003,0.3794694244861603,3.7509331703186035
21,0.854175329208374,0.3553323745727539,9e-05,0.3967704772949219,3.6682636737823486
22,0.8496053218841553,0.3576699197292328,9e-05,0.387543261051178,3.7238075733184814
23,0.8500207662582397,0.3648306727409363,9e-05,0.3783160448074341,3.749734401702881
24,0.8450353145599365,0.36748820543289185,9e-05,0.38985005021095276,3.724802017211914
25,0.8491898775100708,0.34749770164489746,9e-05,0.3921568691730499,3.7071168422698975
26,0.8479434847831726,0.3617435693740845,9e-05,0.39100345969200134,3.6713707447052
27,0.8583298921585083,0.35067787766456604,9e-05,0.38985005021095276,3.74625825881958
28,0.8570834994316101,0.3418366014957428,9e-05,0.3840830326080322,3.7704577445983887
29,0.8433734774589539,0.3624855875968933,9e-05,0.3863898515701294,3.8521907329559326
30,0.857914388179779,0.34825852513313293,9e-05,0.3921568691730499,3.7056925296783447
31,0.8566680550575256,0.35877668857574463,2.7e-05,0.3933102786540985,3.669987201690674
32,0.8574989438056946,0.35614699125289917,2.7e-05,0.3886966407299042,3.695525884628296
33,0.8425425887107849,0.3583490550518036,2.7e-05,0.38177624344825745,3.6862876415252686
34,0.863730788230896,0.3394479751586914,2.7e-05,0.38985005021095276,3.6878461837768555
35,0.8487744331359863,0.36951661109924316,2.7e-05,0.3921568691730499,3.6583759784698486
36,0.8462817072868347,0.3644465208053589,2.7e-05,0.39792388677597046,3.6174073219299316
37,0.8520980477333069,0.35889381170272827,2.7e-05,0.387543261051178,3.7014801502227783
38,0.8487744331359863,0.35679131746292114,2.7e-05,0.387543261051178,3.690051317214966
39,0.8496053218841553,0.36160850524902344,2.7e-05,0.387543261051178,3.706251859664917
40,0.8471125960350037,0.3718651235103607,2.7e-05,0.39100345969200134,3.6548409461975098
41,0.8537598848342896,0.34762170910835266,8.1e-06,0.3886966407299042,3.6872527599334717
42,0.8558371663093567,0.3430161774158478,8.1e-06,0.3886966407299042,3.742683172225952
43,0.8570834994316101,0.35176676511764526,8.1e-06,0.387543261051178,3.705264091491699
44,0.8545907735824585,0.3476923406124115,8.1e-06,0.3886966407299042,3.6949007511138916
45,0.863730788230896,0.337363600730896,8.1e-06,0.3886966407299042,3.7011609077453613
46,0.8487744331359863,0.3548768162727356,8.1e-06,0.3886966407299042,3.6720433235168457
47,0.8479434847831726,0.3666747808456421,8.1e-06,0.39100345969200134,3.6758151054382324
48,0.8595762252807617,0.33931371569633484,8.1e-06,0.3886966407299042,3.6825053691864014
49,0.8616535067558289,0.3397306203842163,8.1e-06,0.3886966407299042,3.6699464321136475
50,0.8533444404602051,0.3491351008415222,8.1e-06,0.3886966407299042,3.688276529312134
51,0.8599916696548462,0.34220632910728455,2.43e-06,0.3886966407299042,3.688941478729248
52,0.8570834994316101,0.3393442928791046,2.43e-06,0.3886966407299042,3.69242787361145
53,0.8533444404602051,0.34086278080940247,2.43e-06,0.3886966407299042,3.672055721282959
54,0.8645616769790649,0.33337274193763733,2.43e-06,0.3886966407299042,3.671888828277588
55,0.8496053218841553,0.37574303150177,2.43e-06,0.3886966407299042,3.670614242553711
56,0.8496053218841553,0.34917116165161133,2.43e-06,0.3886966407299042,3.667201519012451
57,0.8691316843032837,0.34283122420310974,2.43e-06,0.3886966407299042,3.663362503051758
58,0.8554216623306274,0.34746405482292175,2.43e-06,0.3886966407299042,3.664689779281616
59,0.8516826033592224,0.35160431265830994,2.43e-06,0.3886966407299042,3.677682876586914
60,0.8670544028282166,0.328572541475296,2.43e-06,0.3886966407299042,3.679525136947632
61,0.8512671589851379,0.34458988904953003,1e-06,0.3886966407299042,3.671271324157715
62,0.844619870185852,0.367656409740448,1e-06,0.3886966407299042,3.67897367477417
63,0.8574989438056946,0.34527674317359924,1e-06,0.3886966407299042,3.6679019927978516
64,0.8529289364814758,0.3472519516944885,1e-06,0.3886966407299042,3.6641547679901123
65,0.8537598848342896,0.3488611876964569,1e-06,0.3886966407299042,3.6733551025390625
66,0.8545907735824585,0.35697200894355774,1e-06,0.3886966407299042,3.6814639568328857
67,0.8691316843032837,0.3316430151462555,1e-06,0.3886966407299042,3.686095714569092
68,0.8595762252807617,0.3360971212387085,1e-06,0.3886966407299042,3.688694477081299
69,0.8558371663093567,0.34867897629737854,1e-06,0.3886966407299042,3.674923896789551
70,0.8516826033592224,0.3468345105648041,1e-06,0.3886966407299042,3.6733131408691406
71,0.8545907735824585,0.35375067591667175,1e-06,0.3886966407299042,3.684875249862671
72,0.8599916696548462,0.34701773524284363,1e-06,0.3886966407299042,3.6888649463653564
73,0.8624843955039978,0.3271615505218506,1e-06,0.3886966407299042,3.682358741760254
74,0.8479434847831726,0.3717905580997467,1e-06,0.3886966407299042,3.6836063861846924
75,0.8591607809066772,0.3314419686794281,1e-06,0.3886966407299042,3.683192014694214
76,0.8516826033592224,0.33752942085266113,1e-06,0.3886966407299042,3.6874125003814697
77,0.8483589291572571,0.3822851777076721,1e-06,0.3886966407299042,3.684211254119873
78,0.8558371663093567,0.36014389991760254,1e-06,0.3886966407299042,3.676551103591919
79,0.8653926253318787,0.3357948660850525,1e-06,0.3886966407299042,3.693485975265503
80,0.845450758934021,0.35967135429382324,1e-06,0.3886966407299042,3.677480459213257
81,0.857914388179779,0.3477557897567749,1e-06,0.3886966407299042,3.6771938800811768
82,0.854175329208374,0.3511008620262146,1e-06,0.3886966407299042,3.6872639656066895
83,0.8520980477333069,0.353550523519516,1e-06,0.3886966407299042,3.689295530319214
84,0.8649771213531494,0.33111289143562317,1e-06,0.3886966407299042,3.6849145889282227
85,0.8566680550575256,0.34355318546295166,1e-06,0.3886966407299042,3.6867895126342773
86,0.8641462326049805,0.33049848675727844,1e-06,0.3886966407299042,3.6855993270874023
87,0.855006217956543,0.34455814957618713,1e-06,0.3886966407299042,3.693732738494873
88,0.8529289364814758,0.35357072949409485,1e-06,0.3886966407299042,3.688091278076172
89,0.8533444404602051,0.34715837240219116,1e-06,0.3886966407299042,3.683563232421875
90,0.8574989438056946,0.34753134846687317,1e-06,0.3886966407299042,3.68497371673584
91,0.8479434847831726,0.36962413787841797,1e-06,0.3886966407299042,3.685999870300293
92,0.854175329208374,0.3460879623889923,1e-06,0.3886966407299042,3.6791746616363525
93,0.8458662033081055,0.36521676182746887,1e-06,0.3886966407299042,3.6880910396575928
94,0.8574989438056946,0.35373950004577637,1e-06,0.3886966407299042,3.6902496814727783
95,0.854175329208374,0.34465840458869934,1e-06,0.3886966407299042,3.685933828353882
96,0.8545907735824585,0.35634398460388184,1e-06,0.3886966407299042,3.6788973808288574
97,0.8674699068069458,0.3398246467113495,1e-06,0.3886966407299042,3.6738414764404297
98,0.8587453365325928,0.3424648940563202,1e-06,0.3886966407299042,3.6687633991241455
99,0.8570834994316101,0.35120439529418945,1e-06,0.3886966407299042,3.679938793182373
100,0.857914388179779,0.3314038813114166,1e-06,0.3886966407299042,3.68363356590271
