epoch,accuracy,loss,lr,val_accuracy,val_loss
0,0.6751142740249634,0.8919081091880798,0.001,0.3252595067024231,2.0470616817474365
1,0.7926880121231079,0.517558753490448,0.001,0.3252595067024231,4.391922473907471
2,0.8242625594139099,0.4249849319458008,0.001,0.3252595067024231,6.095719337463379
3,0.8479434847831726,0.3717484176158905,0.001,0.3252595067024231,7.888790607452393
4,0.845450758934021,0.35991916060447693,0.001,0.3252595067024231,8.526383399963379
5,0.8633153438568115,0.31972551345825195,0.001,0.3252595067024231,8.649945259094238
6,0.8869962692260742,0.27541595697402954,0.001,0.3252595067024231,7.091999530792236
7,0.8849189877510071,0.2792532742023468,0.001,0.33910036087036133,6.015606880187988
8,0.8807644248008728,0.30396220088005066,0.001,0.3483275771141052,3.8180322647094727
9,0.9173244833946228,0.22546686232089996,0.001,0.19838523864746094,4.367471694946289
10,0.913585364818573,0.23481018841266632,0.001,0.3794694244861603,4.992210388183594
11,0.9272953867912292,0.187811478972435,0.0003,0.21568627655506134,4.755262851715088
12,0.9418362975120544,0.17027364671230316,0.0003,0.3610149919986725,4.834406852722168
13,0.9464063048362732,0.16265878081321716,0.0003,0.19492502510547638,7.203582286834717
14,0.9285417795181274,0.1861494779586792,0.0003,0.1672433614730835,10.583019256591797
15,0.9401745200157166,0.17164354026317596,0.0003,0.5144175291061401,3.8629848957061768
16,0.9256335496902466,0.18222104012966156,0.0003,0.2560553550720215,5.5765461921691895
17,0.9343581199645996,0.17667007446289062,0.0003,0.38062283396720886,4.389052867889404
18,0.9488990306854248,0.15268313884735107,0.0003,0.32756632566452026,4.625315189361572
19,0.9472372531890869,0.14884863793849945,0.0003,0.3967704772949219,4.75687837600708
20,0.9505608677864075,0.13151010870933533,0.0003,0.34717416763305664,4.182364463806152
21,0.9484835863113403,0.1433311402797699,9e-05,0.36562860012054443,5.041403770446777
22,0.9472372531890869,0.13305185735225677,9e-05,0.3356401324272156,5.207552433013916
23,0.9447444677352905,0.134841650724411,9e-05,0.3137255012989044,5.811606407165527
24,0.9572081565856934,0.11694202572107315,9e-05,0.35640138387680054,5.350436687469482
25,0.9601163268089294,0.12029572576284409,9e-05,0.36332181096076965,5.105531692504883
26,0.9509763121604919,0.13137948513031006,9e-05,0.35640138387680054,5.505185127258301
27,0.9468217492103577,0.12985172867774963,9e-05,0.3598615825176239,5.145847797393799
28,0.9576236009597778,0.11099062860012054,9e-05,0.35063436627388,5.42774772644043
29,0.9488990306854248,0.13378389179706573,9e-05,0.3771626353263855,4.775357246398926
30,0.9488990306854248,0.13493134081363678,9e-05,0.3494809567928314,5.34074068069458
31,0.9576236009597778,0.12308827042579651,2.7e-05,0.3840830326080322,4.868736267089844
32,0.9522227048873901,0.12784406542778015,2.7e-05,0.4025374948978424,4.743730545043945
33,0.9567927122116089,0.12287162989377975,2.7e-05,0.40023067593574524,4.8086934089660645
34,0.9609472155570984,0.11148656904697418,2.7e-05,0.37485581636428833,5.09906530380249
35,0.9655172228813171,0.1134454607963562,2.7e-05,0.3679354190826416,5.371563911437988
36,0.9563772082328796,0.12621426582336426,2.7e-05,0.3702422082424164,5.254443645477295
37,0.9567927122116089,0.11866336315870285,2.7e-05,0.34717416763305664,5.295804023742676
38,0.9534690380096436,0.1258874088525772,2.7e-05,0.40023067593574524,4.783788204193115
39,0.9567927122116089,0.12723390758037567,2.7e-05,0.3771626353263855,5.071319103240967
40,0.9530535936355591,0.12687745690345764,2.7e-05,0.38292965292930603,5.1349406242370605
41,0.9663481712341309,0.10394470393657684,8.1e-06,0.3886966407299042,5.005499839782715
42,0.9547154307365417,0.12428531795740128,8.1e-06,0.38292965292930603,5.001830577850342
43,0.9621936082839966,0.11039425432682037,8.1e-06,0.38292965292930603,5.041341304779053
44,0.9592854380607605,0.11565090715885162,8.1e-06,0.3852364420890808,5.01368522644043
45,0.9651017785072327,0.11341484636068344,8.1e-06,0.3702422082424164,5.178684234619141
46,0.9651017785072327,0.1056399792432785,8.1e-06,0.3840830326080322,4.955665111541748
47,0.9642708897590637,0.10688366740942001,8.1e-06,0.3840830326080322,4.940929889678955
48,0.96343994140625,0.11578618735074997,8.1e-06,0.3610149919986725,5.192689418792725
49,0.9584544897079468,0.11880572885274887,8.1e-06,0.37370243668556213,5.107028961181641
50,0.9621936082839966,0.11354734003543854,8.1e-06,0.38062283396720886,5.1397294998168945
51,0.9592854380607605,0.11607316881418228,2.43e-06,0.3794694244861603,5.13377046585083
52,0.9601163268089294,0.12142577767372131,2.43e-06,0.3840830326080322,5.0791544914245605
53,0.9588699340820312,0.11589531600475311,2.43e-06,0.38177624344825745,5.0605926513671875
54,0.9563772082328796,0.11376272141933441,2.43e-06,0.38062283396720886,5.11696720123291
55,0.9580390453338623,0.12060824781656265,2.43e-06,0.38292965292930603,5.124250411987305
56,0.9584544897079468,0.11702907085418701,2.43e-06,0.38062283396720886,5.117793560028076
57,0.9638554453849792,0.10632751137018204,2.43e-06,0.3760092258453369,5.197150707244873
58,0.9642708897590637,0.10699860751628876,2.43e-06,0.3794694244861603,5.134829044342041
59,0.96343994140625,0.11178170144557953,2.43e-06,0.38292965292930603,5.083447456359863
60,0.9601163268089294,0.11449288576841354,2.43e-06,0.38177624344825745,5.103416442871094
61,0.9601163268089294,0.1130746528506279,1e-06,0.38062283396720886,5.122019290924072
62,0.9505608677864075,0.12957485020160675,1e-06,0.38177624344825745,5.123291969299316
63,0.9613627195358276,0.11165644973516464,1e-06,0.38177624344825745,5.109866142272949
64,0.9651017785072327,0.11373124271631241,1e-06,0.38062283396720886,5.132049560546875
65,0.9601163268089294,0.11202123016119003,1e-06,0.38062283396720886,5.122024059295654
66,0.9588699340820312,0.11758144199848175,1e-06,0.38062283396720886,5.119988441467285
67,0.9563772082328796,0.13135802745819092,1e-06,0.38062283396720886,5.124764442443848
68,0.9526381492614746,0.12240494042634964,1e-06,0.3794694244861603,5.126120090484619
69,0.9609472155570984,0.11580324172973633,1e-06,0.3794694244861603,5.12387752532959
70,0.9613627195358276,0.1061350479722023,1e-06,0.38177624344825745,5.115502834320068
71,0.9551308751106262,0.12264275550842285,1e-06,0.3794694244861603,5.137409687042236
72,0.9613627195358276,0.1177506074309349,1e-06,0.3794694244861603,5.147127628326416
73,0.9588699340820312,0.11227449029684067,1e-06,0.38062283396720886,5.111966609954834
74,0.9646863341331482,0.1019836887717247,1e-06,0.38177624344825745,5.111325740814209
75,0.9663481712341309,0.1017206683754921,1e-06,0.38062283396720886,5.106656551361084
76,0.962609052658081,0.10571888834238052,1e-06,0.38062283396720886,5.1145339012146
77,0.9530535936355591,0.1274997740983963,1e-06,0.38177624344825745,5.1035966873168945
78,0.9638554453849792,0.11139672994613647,1e-06,0.38177624344825745,5.119932651519775
79,0.9646863341331482,0.1016114130616188,1e-06,0.38292965292930603,5.09734582901001
80,0.9572081565856934,0.11630550771951675,1e-06,0.38177624344825745,5.126619338989258
81,0.9621936082839966,0.10988341271877289,1e-06,0.38177624344825745,5.112525463104248
82,0.9709181785583496,0.1002143993973732,1e-06,0.38292965292930603,5.098735332489014
83,0.9601163268089294,0.11253345012664795,1e-06,0.38177624344825745,5.115701675415039
84,0.9651017785072327,0.10892167687416077,1e-06,0.38062283396720886,5.129258155822754
85,0.9642708897590637,0.10764474421739578,1e-06,0.38292965292930603,5.101247787475586
86,0.9617781639099121,0.11089780926704407,1e-06,0.38292965292930603,5.098598003387451
87,0.9651017785072327,0.10764248669147491,1e-06,0.38292965292930603,5.090673446655273
88,0.9638554453849792,0.11012567579746246,1e-06,0.38177624344825745,5.109306812286377
89,0.9605317711830139,0.11290895193815231,1e-06,0.38177624344825745,5.1224541664123535
90,0.9592854380607605,0.11816905438899994,1e-06,0.38177624344825745,5.120515823364258
91,0.9601163268089294,0.11813981086015701,1e-06,0.3794694244861603,5.144792079925537
92,0.9609472155570984,0.10891649127006531,1e-06,0.38062283396720886,5.127120494842529
93,0.9551308751106262,0.12053124606609344,1e-06,0.38062283396720886,5.143209934234619
94,0.9588699340820312,0.11396786570549011,1e-06,0.38062283396720886,5.1414690017700195
95,0.9601163268089294,0.10954636335372925,1e-06,0.3794694244861603,5.1315598487854
96,0.9659326672554016,0.10735941678285599,1e-06,0.3794694244861603,5.136171340942383
97,0.9572081565856934,0.11663343012332916,1e-06,0.38062283396720886,5.12798547744751
98,0.9601163268089294,0.11094272136688232,1e-06,0.38062283396720886,5.13802433013916
99,0.9613627195358276,0.10834334790706635,1e-06,0.38062283396720886,5.152050495147705
100,0.9696717858314514,0.10067012906074524,1e-06,0.3794694244861603,5.14560604095459
