epoch,accuracy,loss,lr,val_accuracy,val_loss
0,0.6771914958953857,0.8963529467582703,0.001,0.3252595067024231,2.162374258041382
1,0.7719152569770813,0.5454770922660828,0.001,0.3252595067024231,4.71877908706665
2,0.8180307149887085,0.4330027103424072,0.001,0.3252595067024231,8.045700073242188
3,0.844619870185852,0.36516833305358887,0.001,0.3252595067024231,8.840869903564453
4,0.8412961959838867,0.354849249124527,0.001,0.3252595067024231,9.703447341918945
5,0.8604071736335754,0.3355088531970978,0.001,0.3252595067024231,9.060133934020996
6,0.8687162399291992,0.30761754512786865,0.001,0.3252595067024231,6.870843887329102
7,0.8782716989517212,0.29352763295173645,0.001,0.16262975335121155,5.716170787811279
8,0.8828417062759399,0.2709856927394867,0.001,0.1222606673836708,4.47903299331665
9,0.8878271579742432,0.2675568163394928,0.001,0.17762398719787598,8.806082725524902
10,0.8998753428459167,0.26905375719070435,0.001,0.28373703360557556,4.928764820098877
11,0.9177399277687073,0.2109811156988144,0.0003,0.41637831926345825,4.134499549865723
12,0.9202326536178589,0.19788271188735962,0.0003,0.5340253710746765,3.3944292068481445
13,0.9322808384895325,0.183061420917511,0.0003,0.3783160448074341,4.892568588256836
14,0.9268799424171448,0.19142968952655792,0.0003,0.38985005021095276,3.778986930847168
15,0.931865394115448,0.18190515041351318,0.0003,0.47750866413116455,3.969348430633545
16,0.9343581199645996,0.16940169036388397,0.0003,0.33679354190826416,5.314734935760498
17,0.9397590160369873,0.1695566624403,0.0003,0.33679354190826416,4.8714165687561035
18,0.9376817345619202,0.16860218346118927,0.0003,0.334486722946167,6.051586151123047
19,0.9418362975120544,0.15650048851966858,0.0003,0.4313725531101227,4.353834629058838
20,0.9476526975631714,0.14945721626281738,0.0003,0.4971165060997009,3.671510696411133
21,0.9459908604621887,0.154985249042511,9e-05,0.334486722946167,6.098382949829102
22,0.9472372531890869,0.1390036940574646,9e-05,0.34602075815200806,5.832245826721191
23,0.9472372531890869,0.13773329555988312,9e-05,0.41637831926345825,4.925341606140137
24,0.9468217492103577,0.14352810382843018,9e-05,0.41522490978240967,5.037254333496094
25,0.9588699340820312,0.12332592904567719,9e-05,0.3610149919986725,5.589476585388184
26,0.9455754160881042,0.14167103171348572,9e-05,0.3921568691730499,4.800427436828613
27,0.9542999863624573,0.13317212462425232,9e-05,0.3760092258453369,5.391298770904541
28,0.9555463194847107,0.12913529574871063,9e-05,0.3679354190826416,5.329968452453613
29,0.9555463194847107,0.1301410049200058,9e-05,0.3529411852359772,6.047138690948486
30,0.9542999863624573,0.13352736830711365,9e-05,0.38177624344825745,5.173864364624023
31,0.9588699340820312,0.11926549673080444,2.7e-05,0.3760092258453369,5.3461456298828125
32,0.9601163268089294,0.11357221007347107,2.7e-05,0.3886966407299042,5.1871018409729
33,0.9584544897079468,0.12039301544427872,2.7e-05,0.366782009601593,5.560826778411865
34,0.9534690380096436,0.12864507734775543,2.7e-05,0.36216840147972107,5.758075714111328
35,0.9609472155570984,0.11945351213216782,2.7e-05,0.3598615825176239,5.803117275238037
36,0.9563772082328796,0.12183354049921036,2.7e-05,0.3921568691730499,5.14749813079834
37,0.9526381492614746,0.13260796666145325,2.7e-05,0.3794694244861603,5.3153204917907715
38,0.9609472155570984,0.11357751488685608,2.7e-05,0.3679354190826416,5.711488246917725
39,0.9559617638587952,0.12171181291341782,2.7e-05,0.3702422082424164,5.722696781158447
40,0.9671790599822998,0.10536450892686844,2.7e-05,0.38062283396720886,5.423877239227295
41,0.9576236009597778,0.11344447731971741,8.1e-06,0.36447519063949585,5.684841156005859
42,0.9613627195358276,0.10552304238080978,8.1e-06,0.3840830326080322,5.373859882354736
43,0.9522227048873901,0.12411585450172424,8.1e-06,0.36447519063949585,5.686452388763428
44,0.9630244970321655,0.11363063752651215,8.1e-06,0.36447519063949585,5.67058801651001
45,0.9555463194847107,0.12707281112670898,8.1e-06,0.36216840147972107,5.707796096801758
46,0.9572081565856934,0.11987412720918655,8.1e-06,0.3690887987613678,5.608058452606201
47,0.9530535936355591,0.1278984397649765,8.1e-06,0.3690887987613678,5.601222991943359
48,0.9567927122116089,0.11603860557079315,8.1e-06,0.36562860012054443,5.643003940582275
49,0.9567927122116089,0.11823403835296631,8.1e-06,0.36562860012054443,5.659397602081299
