epoch,accuracy,loss,lr,val_accuracy,val_loss
0,0.6692978739738464,0.8960370421409607,0.001,0.3252595067024231,2.3207457065582275
1,0.7943497896194458,0.5064557194709778,0.001,0.3252595067024231,5.250954627990723
2,0.8284171223640442,0.42982280254364014,0.001,0.3252595067024231,7.505211353302002
3,0.8334025740623474,0.39943283796310425,0.001,0.3252595067024231,8.154059410095215
4,0.8537598848342896,0.34839990735054016,0.001,0.3252595067024231,8.721339225769043
5,0.8687162399291992,0.3202735483646393,0.001,0.35063436627388,8.600282669067383
6,0.8753635287284851,0.3111465275287628,0.001,0.32987311482429504,7.40285587310791
7,0.8940590023994446,0.2670877277851105,0.001,0.4013840854167938,6.207738399505615
8,0.8903198838233948,0.26079076528549194,0.001,0.471741646528244,4.1542887687683105
9,0.9077690243721008,0.2463408261537552,0.001,0.5109573006629944,3.8928446769714355
10,0.9156626462936401,0.2202337086200714,0.001,0.2283737063407898,5.630370616912842
11,0.926048994064331,0.20404815673828125,0.0003,0.32064589858055115,5.459707736968994
12,0.9306190013885498,0.19976171851158142,0.0003,0.4048442840576172,4.4516167640686035
13,0.9277108311653137,0.17635709047317505,0.0003,0.387543261051178,3.919686794281006
14,0.9360199570655823,0.1728101223707199,0.0003,0.3610149919986725,5.423120021820068
15,0.9401745200157166,0.1644311398267746,0.0003,0.24106113612651825,4.828790187835693
16,0.9360199570655823,0.18334905803203583,0.0003,0.3333333432674408,6.963459491729736
17,0.9418362975120544,0.15699689090251923,0.0003,0.3425605595111847,6.634610652923584
18,0.9376817345619202,0.16541020572185516,0.0003,0.25144174695014954,9.576947212219238
19,0.953884482383728,0.13564357161521912,0.0003,0.33794695138931274,5.890839099884033
20,0.9376817345619202,0.16195301711559296,0.0003,0.45213380455970764,5.488590240478516
21,0.9422517418861389,0.15717032551765442,9e-05,0.3956170678138733,4.753177642822266
22,0.9464063048362732,0.1431729644536972,9e-05,0.34717416763305664,5.311245918273926
23,0.9497299790382385,0.13782556354999542,9e-05,0.32987311482429504,7.094350814819336
24,0.9534690380096436,0.13156701624393463,9e-05,0.4636678099632263,4.207509994506836
25,0.9551308751106262,0.12426548451185226,9e-05,0.33794695138931274,6.3561177253723145
26,0.9567927122116089,0.12804213166236877,9e-05,0.4209919273853302,5.014911651611328
27,0.9605317711830139,0.12487047165632248,9e-05,0.35063436627388,5.994155406951904
28,0.9551308751106262,0.13584724068641663,9e-05,0.32987311482429504,6.634392261505127
29,0.9505608677864075,0.1383129209280014,9e-05,0.36447519063949585,5.511763572692871
30,0.9572081565856934,0.1256309598684311,9e-05,0.38062283396720886,5.4720282554626465
31,0.9488990306854248,0.13853435218334198,2.7e-05,0.3575547933578491,5.628576278686523
32,0.9601163268089294,0.11768308281898499,2.7e-05,0.3529411852359772,5.643454551696777
33,0.9567927122116089,0.1270277500152588,2.7e-05,0.35640138387680054,5.428225994110107
34,0.9522227048873901,0.13720767199993134,2.7e-05,0.3598615825176239,5.5525221824646
35,0.9592854380607605,0.11744343489408493,2.7e-05,0.3587082028388977,5.600272178649902
36,0.9547154307365417,0.12439010292291641,2.7e-05,0.37370243668556213,5.387823581695557
37,0.9592854380607605,0.12126052379608154,2.7e-05,0.3517877757549286,5.817678928375244
38,0.959700882434845,0.1140851303935051,2.7e-05,0.37485581636428833,5.454279899597168
39,0.9572081565856934,0.12148063629865646,2.7e-05,0.3575547933578491,5.806860446929932
40,0.9584544897079468,0.12774884700775146,2.7e-05,0.35063436627388,5.975782871246338
41,0.96343994140625,0.10943607240915298,8.1e-06,0.3587082028388977,5.818969249725342
42,0.9651017785072327,0.11710948497056961,8.1e-06,0.37254902720451355,5.567561149597168
43,0.9572081565856934,0.1201886460185051,8.1e-06,0.37370243668556213,5.578666687011719
44,0.9592854380607605,0.11906110495328903,8.1e-06,0.37254902720451355,5.602242946624756
45,0.9576236009597778,0.12343191355466843,8.1e-06,0.366782009601593,5.592517375946045
46,0.9605317711830139,0.11886490136384964,8.1e-06,0.36447519063949585,5.570083141326904
47,0.9530535936355591,0.12775322794914246,8.1e-06,0.36447519063949585,5.6435699462890625
48,0.9584544897079468,0.10830830782651901,8.1e-06,0.3587082028388977,5.707559585571289
49,0.959700882434845,0.1184021532535553,8.1e-06,0.3783160448074341,5.530257701873779
