epoch,accuracy,loss,lr,val_accuracy,val_loss
0,0.7199833989143372,0.7157064080238342,0.001,0.3252595067024231,5.166390895843506
1,0.7943497896194458,0.5006043314933777,0.001,0.3252595067024231,7.236278533935547
2,0.836726188659668,0.38785430788993835,0.001,0.35640138387680054,8.964027404785156
3,0.8583298921585083,0.3456645607948303,0.001,0.31833910942077637,12.34337043762207
4,0.8720398545265198,0.31178054213523865,0.001,0.3252595067024231,11.645682334899902
5,0.9052762985229492,0.2489337921142578,0.001,0.4486735761165619,8.844493865966797
6,0.8998753428459167,0.24732251465320587,0.001,0.36447519063949585,7.539785861968994
7,0.9152472019195557,0.2278706580400467,0.001,0.4636678099632263,9.010513305664062
8,0.9198172092437744,0.21652549505233765,0.001,0.5213379263877869,7.13277006149292
9,0.9173244833946228,0.18492861092090607,0.001,0.47058823704719543,2.950636625289917
10,0.9256335496902466,0.19630739092826843,0.001,0.4648212194442749,4.081630229949951
11,0.9389281272888184,0.14705456793308258,0.001,0.3771626353263855,4.131837844848633
12,0.9488990306854248,0.13555346429347992,0.001,0.2110726684331894,9.820806503295898
13,0.953884482383728,0.11948654800653458,0.001,0.33794695138931274,6.01345157623291
14,0.9468217492103577,0.14593206346035004,0.001,0.492502897977829,5.1114983558654785
15,0.9526381492614746,0.1326325684785843,0.001,0.4313725531101227,6.561820983886719
16,0.9534690380096436,0.12645016610622406,0.001,0.512110710144043,5.722535610198975
17,0.9563772082328796,0.1210908591747284,0.001,0.30911189317703247,11.82001781463623
18,0.9688408970832825,0.09329570084810257,0.001,0.4302191436290741,4.977344989776611
19,0.959700882434845,0.10400015860795975,0.001,0.21799308061599731,18.95984649658203
20,0.9788118004798889,0.0633590966463089,0.0003,0.40599769353866577,5.821747303009033
21,0.9829663634300232,0.05610079690814018,0.0003,0.39907726645469666,6.0128326416015625
22,0.9771499633789062,0.06537880003452301,0.0003,0.25720876455307007,13.991949081420898
23,0.9871209263801575,0.045314036309719086,0.0003,0.6343713998794556,4.662740230560303
24,0.9821354150772095,0.053403086960315704,0.0003,0.3852364420890808,7.604615688323975
25,0.9829663634300232,0.048198819160461426,0.0003,0.40023067593574524,9.356850624084473
26,0.9833818078041077,0.04457218572497368,0.0003,0.40715110301971436,6.787753582000732
27,0.990444540977478,0.03205587714910507,0.0003,0.387543261051178,6.475508213043213
28,0.9875363707542419,0.03515230864286423,0.0003,0.47750866413116455,5.942130088806152
29,0.9879518151283264,0.043949443846940994,0.0003,0.40023067593574524,8.595203399658203
30,0.9846281409263611,0.04528450965881348,9e-05,0.4579008221626282,7.257834434509277
31,0.9900290966033936,0.0327540822327137,9e-05,0.48558247089385986,6.443481922149658
32,0.9871209263801575,0.03855583444237709,9e-05,0.44175317883491516,8.077150344848633
33,0.9883672595024109,0.0343221016228199,9e-05,0.4648212194442749,6.888702392578125
34,0.9891981482505798,0.03102419525384903,9e-05,0.40599769353866577,8.317506790161133
35,0.9896136522293091,0.030801324173808098,9e-05,0.3944636583328247,7.715083122253418
36,0.9933527112007141,0.024316120892763138,9e-05,0.3575547933578491,7.910678863525391
37,0.9933527112007141,0.02484981343150139,9e-05,0.44290658831596375,9.396912574768066
38,0.9925218224525452,0.025452803820371628,9e-05,0.44405996799468994,7.552495002746582
39,0.9945991039276123,0.021496975794434547,9e-05,0.39792388677597046,7.412970066070557
40,0.991275429725647,0.02572697028517723,2.7e-05,0.45098039507865906,7.081067085266113
41,0.9875363707542419,0.035781487822532654,2.7e-05,0.4463667869567871,6.873258590698242
42,0.9908599853515625,0.026800252497196198,2.7e-05,0.3967704772949219,7.972499847412109
43,0.9921063780784607,0.024908870458602905,2.7e-05,0.4013840854167938,7.830214023590088
44,0.9929372668266296,0.018617520108819008,2.7e-05,0.40830451250076294,7.807904243469238
45,0.9925218224525452,0.02724979817867279,2.7e-05,0.43483275175094604,7.638333797454834
46,0.9916908740997314,0.02609478309750557,2.7e-05,0.41753172874450684,7.872725486755371
47,0.991275429725647,0.02205340750515461,2.7e-05,0.439446359872818,7.602100372314453
48,0.9933527112007141,0.02400263026356697,2.7e-05,0.42560553550720215,7.504370212554932
49,0.9933527112007141,0.022678766399621964,2.7e-05,0.3944636583328247,8.730402946472168
