epoch,accuracy,loss,lr,val_accuracy,val_loss
0,0.7137515544891357,0.7558228373527527,0.001,0.3252595067024231,3.8671398162841797
1,0.7922725677490234,0.4983738958835602,0.001,0.3252595067024231,7.136882781982422
2,0.8230162262916565,0.42525961995124817,0.001,0.3252595067024231,8.458584785461426
3,0.8608226180076599,0.33606255054473877,0.001,0.2906574308872223,8.398834228515625
4,0.8807644248008728,0.30258655548095703,0.001,0.3321799337863922,9.686466217041016
5,0.8774408102035522,0.30267348885536194,0.001,0.3252595067024231,10.190778732299805
6,0.9052762985229492,0.2529199719429016,0.001,0.3771626353263855,9.064115524291992
7,0.9085999131202698,0.23118172585964203,0.001,0.3863898515701294,6.080657482147217
8,0.9081844687461853,0.2296912968158722,0.001,0.3137255012989044,3.714811325073242
9,0.9169090390205383,0.21523764729499817,0.001,0.2802768051624298,7.980954647064209
10,0.909846305847168,0.21038542687892914,0.001,0.48673588037490845,5.339553356170654
11,0.931865394115448,0.1657980978488922,0.001,0.39100345969200134,6.3801751136779785
12,0.9434981346130371,0.1500539481639862,0.001,0.28489041328430176,9.085667610168457
13,0.9314499497413635,0.17033107578754425,0.001,0.33102652430534363,4.32887077331543
14,0.9347735643386841,0.17458251118659973,0.001,0.5570934414863586,4.497532844543457
15,0.9426672458648682,0.14558741450309753,0.001,0.16955018043518066,11.720440864562988
16,0.96343994140625,0.10857634246349335,0.001,0.3771626353263855,6.823400974273682
17,0.9530535936355591,0.12689457833766937,0.001,0.3448673486709595,8.984538078308105
18,0.9646863341331482,0.11026466637849808,0.001,0.4936562776565552,9.82699203491211
19,0.9663481712341309,0.09566809237003326,0.0003,0.42675894498825073,8.39711856842041
20,0.9746572375297546,0.07642640918493271,0.0003,0.5028834939002991,4.535969257354736
21,0.9788118004798889,0.059072770178318024,0.0003,0.46712803840637207,7.078896522521973
22,0.9725799560546875,0.08107957243919373,0.0003,0.38177624344825745,4.196248531341553
23,0.9742417931556702,0.06859763711690903,0.0003,0.5386390089988708,5.317484378814697
24,0.9792272448539734,0.05834408849477768,0.0003,0.4994232952594757,5.822431564331055
25,0.9829663634300232,0.05741635710000992,0.0003,0.43367934226989746,6.648508548736572
26,0.9821354150772095,0.048863496631383896,0.0003,0.47866204380989075,5.979938983917236
27,0.9833818078041077,0.059624508023262024,0.0003,0.4405997693538666,6.621391773223877
28,0.9842126965522766,0.04734776169061661,0.0003,0.44405996799468994,8.221179962158203
29,0.9804736375808716,0.04772000014781952,9e-05,0.45098039507865906,6.562105655670166
30,0.9825509190559387,0.05039478465914726,9e-05,0.47635525465011597,5.958350658416748
31,0.9875363707542419,0.04143279790878296,9e-05,0.3852364420890808,7.866170406341553
32,0.9825509190559387,0.04594133794307709,9e-05,0.43367934226989746,5.842328071594238
33,0.9846281409263611,0.044030968099832535,9e-05,0.4486735761165619,7.074859142303467
34,0.9879518151283264,0.03444821015000343,9e-05,0.37254902720451355,8.367748260498047
35,0.991275429725647,0.03038780950009823,9e-05,0.44290658831596375,7.702030181884766
36,0.9871209263801575,0.03826005011796951,9e-05,0.455594003200531,7.691590785980225
37,0.9850436449050903,0.04101863130927086,9e-05,0.4648212194442749,7.296417713165283
38,0.9887827038764954,0.03286813199520111,9e-05,0.455594003200531,7.231588840484619
39,0.9891981482505798,0.040705062448978424,2.7e-05,0.4302191436290741,7.627675533294678
40,0.9941836595535278,0.02755608595907688,2.7e-05,0.4405997693538666,7.411711692810059
41,0.9921063780784607,0.02780074253678322,2.7e-05,0.40599769353866577,7.673338890075684
42,0.9871209263801575,0.03549431636929512,2.7e-05,0.40599769353866577,7.810494899749756
43,0.9896136522293091,0.03330642729997635,2.7e-05,0.41868510842323303,7.464090824127197
44,0.9883672595024109,0.035961683839559555,2.7e-05,0.3967704772949219,7.830372333526611
45,0.991275429725647,0.02818278595805168,2.7e-05,0.40599769353866577,8.135889053344727
46,0.9883672595024109,0.030670257285237312,2.7e-05,0.3967704772949219,8.077569007873535
47,0.9929372668266296,0.026712236925959587,2.7e-05,0.4048442840576172,7.894344329833984
48,0.990444540977478,0.03555794060230255,2.7e-05,0.39100345969200134,8.331233978271484
49,0.9916908740997314,0.027287989854812622,8.1e-06,0.41868510842323303,7.760830402374268
