epoch,accuracy,loss,lr,val_accuracy,val_loss
0,0.7145824432373047,0.7624024152755737,0.001,0.3252595067024231,5.2544403076171875
1,0.7993353009223938,0.48093852400779724,0.001,0.3252595067024231,9.591554641723633
2,0.8063980340957642,0.46208274364471436,0.001,0.31833910942077637,10.720247268676758
3,0.8533444404602051,0.36210307478904724,0.001,0.3794694244861603,8.051135063171387
4,0.857914388179779,0.34945714473724365,0.001,0.33794695138931274,10.403539657592773
5,0.8911508321762085,0.28515103459358215,0.001,0.3252595067024231,13.376267433166504
6,0.8782716989517212,0.3012680411338806,0.001,0.3956170678138733,7.435398101806641
7,0.9007062911987305,0.24788446724414825,0.001,0.19723182916641235,4.315767765045166
8,0.9115080833435059,0.2255885750055313,0.001,0.16378316283226013,4.531505584716797
9,0.9056917428970337,0.23526360094547272,0.001,0.3068050742149353,4.432371139526367
10,0.9239717721939087,0.18953554332256317,0.001,0.4636678099632263,6.854105472564697
11,0.923140823841095,0.19400843977928162,0.001,0.4498269855976105,6.055132865905762
12,0.9277108311653137,0.17702911794185638,0.001,0.43252596259117126,5.6827192306518555
13,0.9422517418861389,0.14831683039665222,0.001,0.37370243668556213,5.314154624938965
14,0.9555463194847107,0.13190098106861115,0.001,0.3171856999397278,11.486146926879883
15,0.9484835863113403,0.13325601816177368,0.001,0.46943482756614685,5.472386360168457
16,0.9547154307365417,0.12620006501674652,0.001,0.4313725531101227,5.378174304962158
17,0.9426672458648682,0.14840729534626007,0.001,0.33910036087036133,4.308846473693848
18,0.9601163268089294,0.11047787964344025,0.001,0.35524797439575195,21.538211822509766
19,0.9526381492614746,0.12478254735469818,0.001,0.1741637885570526,10.094444274902344
20,0.9372662901878357,0.17861641943454742,0.001,0.2283737063407898,6.290358543395996
21,0.9451599717140198,0.14476843178272247,0.001,0.11764705926179886,18.590408325195312
22,0.9680099487304688,0.09186636656522751,0.001,0.23068051040172577,10.991277694702148
23,0.9705026745796204,0.08961854130029678,0.001,0.5201845169067383,4.399375915527344
24,0.972164511680603,0.08018773794174194,0.001,0.41753172874450684,7.513465881347656
25,0.9746572375297546,0.07068201154470444,0.001,0.3956170678138733,8.604618072509766
26,0.9717490673065186,0.06877723336219788,0.001,0.3771626353263855,6.2552032470703125
27,0.972164511680603,0.07471011579036713,0.001,0.3494809567928314,9.05407428741455
28,0.9850436449050903,0.043384987860918045,0.0003,0.4844290614128113,6.191112041473389
29,0.9800581932067871,0.05409441515803337,0.0003,0.4648212194442749,6.852173328399658
30,0.981719970703125,0.05179235711693764,0.0003,0.5363321900367737,4.510018825531006
31,0.9867054224014282,0.03852463141083717,0.0003,0.5167243480682373,6.559333324432373
32,0.9862899780273438,0.03945981338620186,0.0003,0.4728950262069702,6.095180988311768
33,0.9883672595024109,0.03825530409812927,0.0003,0.46828141808509827,5.9735026359558105
34,0.9821354150772095,0.051853373646736145,0.0003,0.5040369033813477,5.961381435394287
35,0.9867054224014282,0.035655830055475235,0.0003,0.3252595067024231,10.413446426391602
36,0.9908599853515625,0.02728399820625782,0.0003,0.4371395707130432,6.461594581604004
37,0.991275429725647,0.027104727923870087,0.0003,0.48788926005363464,6.650968074798584
38,0.9925218224525452,0.025166533887386322,9e-05,0.46136102080345154,6.825647354125977
39,0.9941836595535278,0.021723276004195213,9e-05,0.42675894498825073,7.223364353179932
40,0.9908599853515625,0.027285238727927208,9e-05,0.4036908745765686,7.802886486053467
41,0.9916908740997314,0.02393646538257599,9e-05,0.3921568691730499,7.453580379486084
42,0.9887827038764954,0.030886635184288025,9e-05,0.4129181206226349,7.777595043182373
43,0.9925218224525452,0.024521516636013985,9e-05,0.4625144302845001,7.231722354888916
44,0.9929372668266296,0.019061338156461716,9e-05,0.4221453368663788,7.271675109863281
45,0.9916908740997314,0.022685391828417778,9e-05,0.44405996799468994,6.799766540527344
46,0.9950145483016968,0.021367186680436134,9e-05,0.4625144302845001,6.21295166015625
47,0.9945991039276123,0.018905390053987503,9e-05,0.4636678099632263,6.9055328369140625
48,0.9929372668266296,0.023077862337231636,2.7e-05,0.4198385179042816,7.458032608032227
49,0.9916908740997314,0.02227717824280262,2.7e-05,0.4279123544692993,7.443180084228516
50,0.9945991039276123,0.019495170563459396,2.7e-05,0.4405997693538666,7.359766483306885
51,0.9921063780784607,0.0249191801995039,2.7e-05,0.45098039507865906,7.243553638458252
52,0.9950145483016968,0.017876040190458298,2.7e-05,0.45213380455970764,7.151111125946045
53,0.9933527112007141,0.018931418657302856,2.7e-05,0.45328718423843384,7.168142795562744
54,0.9933527112007141,0.021951964125037193,2.7e-05,0.4290657341480255,7.346675395965576
55,0.9933527112007141,0.018703725188970566,2.7e-05,0.45328718423843384,6.966256141662598
56,0.9945991039276123,0.018560294061899185,2.7e-05,0.4221453368663788,7.459924221038818
57,0.9954299926757812,0.01777966134250164,2.7e-05,0.455594003200531,7.047086238861084
58,0.9958454370498657,0.018311142921447754,8.1e-06,0.4498269855976105,7.1018805503845215
59,0.9929372668266296,0.0207538865506649,8.1e-06,0.43367934226989746,7.194986343383789
60,0.9950145483016968,0.017550382763147354,8.1e-06,0.42560553550720215,7.336155414581299
61,0.9937681555747986,0.018812265247106552,8.1e-06,0.42445212602615356,7.262526512145996
62,0.9954299926757812,0.015630895271897316,8.1e-06,0.4313725531101227,7.2847208976745605
63,0.9958454370498657,0.01441942062228918,8.1e-06,0.4302191436290741,7.38095235824585
64,0.9929372668266296,0.018232911825180054,8.1e-06,0.4405997693538666,7.253235340118408
65,0.9950145483016968,0.019678238779306412,8.1e-06,0.4382929503917694,7.213122844696045
66,0.9958454370498657,0.015884624794125557,8.1e-06,0.4279123544692993,7.362536907196045
67,0.9954299926757812,0.016273921355605125,8.1e-06,0.4290657341480255,7.304563999176025
68,0.9925218224525452,0.018287230283021927,2.43e-06,0.4313725531101227,7.317737579345703
69,0.9966763854026794,0.014878304675221443,2.43e-06,0.4313725531101227,7.364144802093506
70,0.9945991039276123,0.023612547665834427,2.43e-06,0.43367934226989746,7.33919620513916
71,0.9958454370498657,0.015260805375874043,2.43e-06,0.43598616123199463,7.331891059875488
72,0.9958454370498657,0.015723157674074173,2.43e-06,0.43598616123199463,7.332261562347412
73,0.9954299926757812,0.015322276391088963,2.43e-06,0.43367934226989746,7.347434997558594
74,0.9937681555747986,0.017366468906402588,2.43e-06,0.43367934226989746,7.323474884033203
75,0.9916908740997314,0.023481763899326324,2.43e-06,0.4382929503917694,7.303652286529541
76,0.9954299926757812,0.01399813499301672,2.43e-06,0.43598616123199463,7.30159854888916
77,0.9945991039276123,0.021481143310666084,2.43e-06,0.43252596259117126,7.327993392944336
78,0.9958454370498657,0.01576458476483822,1e-06,0.43367934226989746,7.313871383666992
79,0.9933527112007141,0.024144664406776428,1e-06,0.43252596259117126,7.306511878967285
80,0.9941836595535278,0.017129069194197655,1e-06,0.43367934226989746,7.300368785858154
81,0.9954299926757812,0.01520824059844017,1e-06,0.43252596259117126,7.320686340332031
82,0.9945991039276123,0.016973532736301422,1e-06,0.4313725531101227,7.3247971534729
83,0.9954299926757812,0.014078164473176003,1e-06,0.43367934226989746,7.3445940017700195
84,0.9937681555747986,0.018350450322031975,1e-06,0.43252596259117126,7.330409049987793
85,0.9925218224525452,0.024292798712849617,1e-06,0.43367934226989746,7.338139057159424
86,0.9937681555747986,0.019873593002557755,1e-06,0.43367934226989746,7.306370735168457
87,0.9958454370498657,0.014499221928417683,1e-06,0.43367934226989746,7.329574108123779
88,0.991275429725647,0.02877415157854557,1e-06,0.43367934226989746,7.325554847717285
89,0.9945991039276123,0.02128535322844982,1e-06,0.43367934226989746,7.2956366539001465
90,0.9929372668266296,0.023211726918816566,1e-06,0.4313725531101227,7.332659721374512
91,0.9958454370498657,0.016956718638539314,1e-06,0.4313725531101227,7.336915969848633
92,0.9950145483016968,0.01892344281077385,1e-06,0.4313725531101227,7.349094390869141
93,0.9975072741508484,0.010753162205219269,1e-06,0.43367934226989746,7.343208312988281
94,0.9945991039276123,0.02058180421590805,1e-06,0.4313725531101227,7.359167575836182
95,0.9921063780784607,0.019521081820130348,1e-06,0.43367934226989746,7.353625297546387
96,0.9958454370498657,0.01683320477604866,1e-06,0.43483275175094604,7.347884178161621
97,0.9933527112007141,0.02265120856463909,1e-06,0.4313725531101227,7.353052616119385
98,0.9941836595535278,0.017990829423069954,1e-06,0.43367934226989746,7.3229146003723145
99,0.9950145483016968,0.01543111726641655,1e-06,0.43367934226989746,7.352745056152344
100,0.9975072741508484,0.013243192806839943,1e-06,0.43367934226989746,7.343487739562988
101,0.9962608814239502,0.013626654632389545,1e-06,0.43367934226989746,7.345377445220947
102,0.9954299926757812,0.01574467495083809,1e-06,0.4313725531101227,7.35163688659668
103,0.9941836595535278,0.016268916428089142,1e-06,0.4313725531101227,7.342282295227051
104,0.9950145483016968,0.017945902422070503,1e-06,0.4313725531101227,7.352250099182129
105,0.9958454370498657,0.01817033253610134,1e-06,0.4313725531101227,7.366519927978516
106,0.9929372668266296,0.020710060372948647,1e-06,0.43367934226989746,7.36178731918335
107,0.9945991039276123,0.020608127117156982,1e-06,0.43367934226989746,7.332362174987793
108,0.9945991039276123,0.020761551335453987,1e-06,0.4313725531101227,7.340805530548096
109,0.9966763854026794,0.018179913982748985,1e-06,0.4313725531101227,7.323193073272705
110,0.9950145483016968,0.01604594476521015,1e-06,0.4313725531101227,7.327175617218018
111,0.9941836595535278,0.019068486988544464,1e-06,0.43252596259117126,7.324985980987549
112,0.9941836595535278,0.017032844945788383,1e-06,0.43252596259117126,7.350549221038818
113,0.9970918297767639,0.013390690088272095,1e-06,0.4313725531101227,7.3502278327941895
114,0.9929372668266296,0.026636429131031036,1e-06,0.4313725531101227,7.36435079574585
115,0.9945991039276123,0.016669776290655136,1e-06,0.4313725531101227,7.366658687591553
116,0.9933527112007141,0.020220180973410606,1e-06,0.4313725531101227,7.356909275054932
117,0.9958454370498657,0.01630411669611931,1e-06,0.4313725531101227,7.360859394073486
