epoch,accuracy,loss,lr,val_accuracy,val_loss
0,0.6884087920188904,0.7981176972389221,0.001,0.3252595067024231,5.9150495529174805
1,0.7881180047988892,0.5100130438804626,0.001,0.3933102786540985,8.176239013671875
2,0.8321561813354492,0.40908804535865784,0.001,0.40599769353866577,9.579237937927246
3,0.8442044258117676,0.38049837946891785,0.001,0.41753172874450684,11.140437126159668
4,0.8612380623817444,0.32788389921188354,0.001,0.5397923588752747,7.8564043045043945
5,0.8641462326049805,0.3282974064350128,0.001,0.3933102786540985,9.478775978088379
6,0.8649771213531494,0.32578447461128235,0.001,0.6089965105056763,6.061838150024414
7,0.8882426023483276,0.25032755732536316,0.001,0.5940023064613342,6.072567462921143
8,0.8811798691749573,0.31592604517936707,0.001,0.3944636583328247,7.614911079406738
9,0.8961362838745117,0.2610946595668793,0.001,0.09573241323232651,10.900603294372559
10,0.9044453501701355,0.23185105621814728,0.001,0.3160322904586792,5.093167781829834
11,0.931865394115448,0.18399271368980408,0.001,0.35524797439575195,4.239133834838867
12,0.9202326536178589,0.19560997188091278,0.001,0.3610149919986725,24.45551109313965
13,0.9439135789871216,0.1496511548757553,0.001,0.633217990398407,5.234013557434082
14,0.923140823841095,0.1906544715166092,0.001,0.35524797439575195,23.776439666748047
15,0.9464063048362732,0.12840308248996735,0.001,0.5905420780181885,3.3516128063201904
16,0.950145423412323,0.13587558269500732,0.001,0.3229527175426483,32.87696075439453
17,0.9476526975631714,0.1364491730928421,0.001,0.5882353186607361,6.738779067993164
18,0.9559617638587952,0.11202292889356613,0.001,0.48673588037490845,3.9497690200805664
19,0.959700882434845,0.11428005248308182,0.001,0.45098039507865906,6.477897644042969
20,0.9725799560546875,0.08301848918199539,0.001,0.5247981548309326,6.048171043395996
21,0.962609052658081,0.0999501422047615,0.001,0.3402537405490875,6.3210859298706055
22,0.9663481712341309,0.10713039338588715,0.001,0.13033448159694672,15.091808319091797
23,0.9688408970832825,0.09033158421516418,0.001,0.46712803840637207,4.691650867462158
24,0.9796426892280579,0.06632763147354126,0.001,0.5063437223434448,6.0540924072265625
25,0.9592854380607605,0.115142822265625,0.001,0.31833910942077637,17.4681453704834
26,0.9742417931556702,0.08591332286596298,0.0003,0.6735870838165283,2.3550431728363037
27,0.9804736375808716,0.05779643356800079,0.0003,0.5051903128623962,4.078233242034912
28,0.9862899780273438,0.04249144345521927,0.0003,0.6412917971611023,2.9814202785491943
29,0.9887827038764954,0.03848978504538536,0.0003,0.47981545329093933,5.243354797363281
30,0.9879518151283264,0.03285246714949608,0.0003,0.423298716545105,5.801220417022705
31,0.9891981482505798,0.02845500409603119,0.0003,0.49480968713760376,5.3505120277404785
32,0.990444540977478,0.03261766955256462,0.0003,0.3264129161834717,13.191630363464355
33,0.9891981482505798,0.02982228621840477,0.0003,0.46712803840637207,6.054437637329102
34,0.9933527112007141,0.02687523141503334,0.0003,0.45213380455970764,8.454033851623535
35,0.9896136522293091,0.029770737513899803,0.0003,0.4129181206226349,6.1214704513549805
36,0.9900290966033936,0.03054077737033367,0.0003,0.35063436627388,10.115880012512207
37,0.9900290966033936,0.02798430249094963,9e-05,0.46136102080345154,7.54248046875
38,0.9937681555747986,0.018321167677640915,9e-05,0.4625144302845001,6.73101806640625
39,0.9945991039276123,0.01802905835211277,9e-05,0.4659746289253235,6.708517551422119
40,0.9975072741508484,0.011683997698128223,9e-05,0.4890426695346832,5.503206253051758
41,0.9958454370498657,0.013863976113498211,9e-05,0.4463667869567871,7.21661901473999
42,0.9962608814239502,0.014726436696946621,9e-05,0.4405997693538666,7.987330436706543
43,0.9925218224525452,0.021657397970557213,9e-05,0.45328718423843384,6.615422248840332
44,0.9945991039276123,0.017586199566721916,9e-05,0.4544405937194824,7.443619728088379
45,0.9962608814239502,0.014656775631010532,9e-05,0.45328718423843384,8.404135704040527
46,0.9958454370498657,0.01329264510422945,9e-05,0.4544405937194824,6.694784164428711
47,0.9958454370498657,0.015575449913740158,2.7e-05,0.4463667869567871,7.5803022384643555
48,0.9933527112007141,0.0239238478243351,2.7e-05,0.4579008221626282,7.302286148071289
49,0.9954299926757812,0.01502065360546112,2.7e-05,0.45213380455970764,7.5757293701171875
