epoch,accuracy,loss,lr,val_accuracy,val_loss
0,0.726630687713623,0.745043933391571,0.001,0.3252595067024231,6.744647979736328
1,0.8018280267715454,0.4909995198249817,0.001,0.3252595067024231,9.297677040100098
2,0.8292480111122131,0.41080769896507263,0.001,0.3252595067024231,11.901884078979492
3,0.835895299911499,0.40905770659446716,0.001,0.3252595067024231,13.71638011932373
4,0.8558371663093567,0.34577223658561707,0.001,0.40023067593574524,11.17167854309082
5,0.8832571506500244,0.2839943766593933,0.001,0.4971165060997009,9.171781539916992
6,0.8919817209243774,0.2793886959552765,0.001,0.4048442840576172,7.787042140960693
7,0.8957208395004272,0.2646567225456238,0.001,0.6239907741546631,9.361427307128906
8,0.913585364818573,0.2218519151210785,0.001,0.3863898515701294,5.964460372924805
9,0.9102617502212524,0.2221119999885559,0.001,0.2629757821559906,8.828052520751953
10,0.9227253794670105,0.2005685418844223,0.001,0.1580161452293396,5.123124122619629
11,0.9285417795181274,0.18001192808151245,0.001,0.36332181096076965,5.31573486328125
12,0.9393435716629028,0.16765303909778595,0.001,0.2191464751958847,8.661026954650879
13,0.9480681419372559,0.13076090812683105,0.001,0.38062283396720886,5.278631687164307
14,0.950145423412323,0.13743504881858826,0.001,0.31833910942077637,105.16153717041016
15,0.9376817345619202,0.17007490992546082,0.001,0.07497116178274155,21.100582122802734
16,0.9472372531890869,0.16205260157585144,0.001,0.5340253710746765,4.516978740692139
17,0.9472372531890869,0.13758927583694458,0.001,0.41522490978240967,8.526876449584961
18,0.9646863341331482,0.09342397749423981,0.001,0.3944636583328247,7.059678077697754
19,0.9717490673065186,0.07436103373765945,0.001,0.49480968713760376,6.946821212768555
20,0.9738263487815857,0.07588256150484085,0.001,0.1764705926179886,15.838878631591797
21,0.9513917565345764,0.1591610312461853,0.001,0.35409456491470337,16.394542694091797
22,0.9651017785072327,0.09658326953649521,0.001,0.1234140694141388,22.952259063720703
23,0.9771499633789062,0.06807775795459747,0.001,0.15455594658851624,17.083335876464844
24,0.97798091173172,0.07313832640647888,0.001,0.46136102080345154,7.186153888702393
25,0.97798091173172,0.060636214911937714,0.001,0.4994232952594757,8.636816024780273
26,0.9767345190048218,0.062440402805805206,0.001,0.47058823704719543,9.187760353088379
27,0.9891981482505798,0.03600185364484787,0.0003,0.6435986161231995,5.64932107925415
28,0.9821354150772095,0.04485065117478371,0.0003,0.4901960790157318,7.769289016723633
29,0.991275429725647,0.034264273941516876,0.0003,0.3437139689922333,12.099733352661133
30,0.991275429725647,0.02668137475848198,0.0003,0.46712803840637207,9.029539108276367
31,0.9867054224014282,0.044173840433359146,0.0003,0.33910036087036133,13.455554962158203
32,0.9871209263801575,0.03808505833148956,0.0003,0.41522490978240967,6.675532341003418
33,0.9896136522293091,0.030849991366267204,0.0003,0.4648212194442749,6.989434719085693
34,0.9887827038764954,0.030158476904034615,0.0003,0.5317185521125793,5.960949897766113
35,0.9833818078041077,0.054808612912893295,0.0003,0.4498269855976105,5.675627708435059
36,0.990444540977478,0.028134727850556374,0.0003,0.2918108403682709,13.309858322143555
37,0.9954299926757812,0.017887204885482788,9e-05,0.4567474126815796,6.80192756652832
38,0.9891981482505798,0.02833186276257038,9e-05,0.36332181096076965,7.861785888671875
39,0.9925218224525452,0.021953167393803596,9e-05,0.4475201964378357,8.202109336853027
40,0.9925218224525452,0.023158332332968712,9e-05,0.44405996799468994,8.3180570602417
41,0.9941836595535278,0.01587073504924774,9e-05,0.455594003200531,8.073559761047363
42,0.9941836595535278,0.018618019297719002,9e-05,0.4013840854167938,8.877837181091309
43,0.9933527112007141,0.01678108610212803,9e-05,0.4475201964378357,7.240504264831543
44,0.9950145483016968,0.016346557065844536,9e-05,0.4405997693538666,6.798995018005371
45,0.9962608814239502,0.014751692302525043,9e-05,0.4475201964378357,8.83017349243164
46,0.9954299926757812,0.014848321676254272,9e-05,0.45098039507865906,8.104826927185059
47,0.9966763854026794,0.010217631235718727,2.7e-05,0.45213380455970764,7.971869945526123
48,0.9970918297767639,0.01145126111805439,2.7e-05,0.45905420184135437,7.856363773345947
49,0.9983381628990173,0.009823920205235481,2.7e-05,0.45213380455970764,8.1561279296875
