epoch,accuracy,loss,lr,val_accuracy,val_loss
0,0.7203988432884216,0.7129097580909729,0.001,0.3252595067024231,4.536876678466797
1,0.7843788862228394,0.5181395411491394,0.001,0.3252595067024231,10.672136306762695
2,0.8292480111122131,0.4216899573802948,0.001,0.3252595067024231,14.906846046447754
3,0.8529289364814758,0.3689769208431244,0.001,0.3967704772949219,13.464248657226562
4,0.8670544028282166,0.3324131369590759,0.001,0.3679354190826416,15.497528076171875
5,0.8836725950241089,0.2816530168056488,0.001,0.36332181096076965,16.232114791870117
6,0.8861653804779053,0.2663164734840393,0.001,0.4625144302845001,6.928731918334961
7,0.8961362838745117,0.26042401790618896,0.001,0.261822372674942,5.185007572174072
8,0.90486079454422,0.2470606565475464,0.001,0.20415225625038147,3.8989994525909424
9,0.9248026609420776,0.2014128714799881,0.001,0.30219146609306335,7.197884559631348
10,0.9293726682662964,0.17899657785892487,0.001,0.2283737063407898,6.760925769805908
11,0.9401745200157166,0.1631241887807846,0.001,0.16032294929027557,11.536422729492188
12,0.9322808384895325,0.192375048995018,0.001,0.4036908745765686,5.340860366821289
13,0.9285417795181274,0.20305651426315308,0.001,0.3333333432674408,4.1364970207214355
14,0.9339426755905151,0.17371779680252075,0.001,0.3079584836959839,4.399613380432129
15,0.9584544897079468,0.1136755719780922,0.001,0.3425605595111847,7.0205607414245605
16,0.9605317711830139,0.11358825117349625,0.001,0.3794694244861603,6.399815559387207
17,0.9617781639099121,0.09203613549470901,0.001,0.3690887987613678,9.121195793151855
18,0.9717490673065186,0.08429791033267975,0.001,0.48558247089385986,5.409518718719482
19,0.9825509190559387,0.05934423208236694,0.0003,0.4452133774757385,6.542053699493408
20,0.9829663634300232,0.05455246567726135,0.0003,0.49596309661865234,6.147309303283691
21,0.9850436449050903,0.04777834191918373,0.0003,0.3771626353263855,9.182119369506836
22,0.9871209263801575,0.041766464710235596,0.0003,0.4752018451690674,6.898850917816162
23,0.980889081954956,0.05256780982017517,0.0003,0.5144175291061401,6.172745227813721
24,0.9867054224014282,0.037144482135772705,0.0003,0.31949248909950256,7.921889781951904
25,0.9837972521781921,0.042179174721241,0.0003,0.39792388677597046,9.253006935119629
26,0.9858745336532593,0.04103809595108032,0.0003,0.24913494288921356,10.382308006286621
27,0.9879518151283264,0.03197024390101433,0.0003,0.471741646528244,7.051514148712158
28,0.9846281409263611,0.038416795432567596,0.0003,0.5040369033813477,5.121128559112549
29,0.9879518151283264,0.03244303539395332,9e-05,0.4209919273853302,7.125652313232422
30,0.9908599853515625,0.023405972868204117,9e-05,0.4371395707130432,6.942732334136963
31,0.9887827038764954,0.032541096210479736,9e-05,0.4475201964378357,7.273356914520264
32,0.9875363707542419,0.03667633607983589,9e-05,0.45328718423843384,9.11841869354248
33,0.9916908740997314,0.024249011650681496,9e-05,0.4648212194442749,7.573086261749268
34,0.9900290966033936,0.025095999240875244,9e-05,0.4636678099632263,6.90217399597168
35,0.9883672595024109,0.029326181858778,9e-05,0.4625144302845001,7.410162448883057
36,0.991275429725647,0.025101177394390106,9e-05,0.43252596259117126,7.4788055419921875
37,0.9921063780784607,0.022709107026457787,9e-05,0.45905420184135437,7.6077680587768555
38,0.9945991039276123,0.019332345575094223,9e-05,0.3840830326080322,8.401765823364258
39,0.9916908740997314,0.02325008623301983,2.7e-05,0.45213380455970764,8.160529136657715
40,0.9929372668266296,0.02040311135351658,2.7e-05,0.4475201964378357,7.938004970550537
41,0.9933527112007141,0.021103378385305405,2.7e-05,0.4544405937194824,7.731516361236572
42,0.9950145483016968,0.014959447085857391,2.7e-05,0.4475201964378357,7.929683685302734
43,0.9929372668266296,0.020796826109290123,2.7e-05,0.4567474126815796,7.617265224456787
44,0.9937681555747986,0.021469440311193466,2.7e-05,0.44290658831596375,8.378347396850586
45,0.9954299926757812,0.014740502461791039,2.7e-05,0.4567474126815796,7.864988803863525
46,0.9941836595535278,0.02416999079287052,2.7e-05,0.4636678099632263,7.600024223327637
47,0.9950145483016968,0.02141900174319744,2.7e-05,0.46136102080345154,7.93099308013916
48,0.9958454370498657,0.0142257921397686,2.7e-05,0.4544405937194824,8.050833702087402
49,0.9958454370498657,0.01496947556734085,8.1e-06,0.45213380455970764,8.015833854675293
