epoch,accuracy,loss,lr,val_accuracy,val_loss
0,0.7133361101150513,0.7707584500312805,0.001,0.3252595067024231,9.410298347473145
1,0.8084752559661865,0.5012072920799255,0.001,0.3137255012989044,9.514664649963379
2,0.8400498628616333,0.4166974723339081,0.001,0.4025374948978424,13.025411605834961
3,0.8683007955551147,0.3298315107822418,0.001,0.35063436627388,14.426862716674805
4,0.8903198838233948,0.29517632722854614,0.001,0.5259515643119812,10.14626693725586
5,0.8911508321762085,0.29243358969688416,0.001,0.5374855995178223,6.097344875335693
6,0.9081844687461853,0.25250059366226196,0.001,0.4982698857784271,8.256026268005371
7,0.8986290097236633,0.2622235417366028,0.001,0.6032295227050781,5.31915807723999
8,0.9102617502212524,0.20270788669586182,0.001,0.5178777575492859,10.454219818115234
9,0.9140008091926575,0.22520311176776886,0.001,0.11649365723133087,14.364023208618164
10,0.9056917428970337,0.2623462677001953,0.001,0.14417532086372375,14.23387336730957
11,0.9194017648696899,0.19347937405109406,0.001,0.3783160448074341,4.9443039894104
12,0.9277108311653137,0.17964179813861847,0.001,0.11764705926179886,15.874712944030762
13,0.9256335496902466,0.1955619603395462,0.001,0.33679354190826416,6.926516056060791
14,0.9447444677352905,0.1449606567621231,0.001,0.49480968713760376,9.633685111999512
15,0.9430826902389526,0.15074904263019562,0.001,0.3690887987613678,7.910738468170166
16,0.9530535936355591,0.13667088747024536,0.001,0.2099192589521408,12.71576976776123
17,0.9605317711830139,0.10785997658967972,0.001,0.5513263940811157,7.923295021057129
18,0.9484835863113403,0.13666479289531708,0.001,0.11880046129226685,12.469895362854004
19,0.9389281272888184,0.19506590068340302,0.001,0.3171856999397278,8.962908744812012
20,0.9534690380096436,0.13048072159290314,0.001,0.2975778579711914,9.625895500183105
21,0.9675945043563843,0.07826782763004303,0.001,0.38985005021095276,8.491263389587402
22,0.9754881858825684,0.07543741166591644,0.0003,0.42560553550720215,11.425907135009766
23,0.97798091173172,0.06864073127508163,0.0003,0.3794694244861603,8.46327018737793
24,0.9858745336532593,0.03853883221745491,0.0003,0.4452133774757385,9.616189956665039
25,0.9804736375808716,0.05062151327729225,0.0003,0.3264129161834717,9.430513381958008
26,0.97798091173172,0.05644403398036957,0.0003,0.4463667869567871,9.728216171264648
27,0.9867054224014282,0.05557834729552269,0.0003,0.4025374948978424,7.952075004577637
28,0.9854590892791748,0.04064198583364487,0.0003,0.44175317883491516,7.634018898010254
29,0.9875363707542419,0.03537682071328163,0.0003,0.4890426695346832,9.201166152954102
30,0.9883672595024109,0.03449540212750435,0.0003,0.4486735761165619,9.369929313659668
31,0.991275429725647,0.02278321422636509,0.0003,0.4452133774757385,7.663154125213623
32,0.9908599853515625,0.029937630519270897,9e-05,0.3840830326080322,9.095568656921387
33,0.990444540977478,0.025917232036590576,9e-05,0.41753172874450684,10.947799682617188
34,0.991275429725647,0.027149537578225136,9e-05,0.4036908745765686,8.398740768432617
35,0.991275429725647,0.02498604543507099,9e-05,0.3933102786540985,10.518563270568848
36,0.9916908740997314,0.024122802540659904,9e-05,0.41753172874450684,12.182647705078125
37,0.9921063780784607,0.023251278325915337,9e-05,0.41868510842323303,12.156195640563965
38,0.9929372668266296,0.025889718905091286,9e-05,0.44290658831596375,10.572750091552734
39,0.9908599853515625,0.03315515071153641,9e-05,0.3575547933578491,10.533957481384277
40,0.9933527112007141,0.02590583637356758,9e-05,0.41522490978240967,9.35273265838623
41,0.9900290966033936,0.027850329875946045,9e-05,0.45213380455970764,8.943745613098145
42,0.9925218224525452,0.02536553144454956,2.7e-05,0.4371395707130432,10.68996524810791
43,0.9941836595535278,0.021051092073321342,2.7e-05,0.44175317883491516,10.367828369140625
44,0.9937681555747986,0.01620585098862648,2.7e-05,0.44175317883491516,10.243768692016602
45,0.9945991039276123,0.015853118151426315,2.7e-05,0.4371395707130432,10.680452346801758
46,0.9954299926757812,0.015801766887307167,2.7e-05,0.4382929503917694,10.534421920776367
47,0.9921063780784607,0.01944105513393879,2.7e-05,0.4302191436290741,10.724564552307129
48,0.9970918297767639,0.010569298639893532,2.7e-05,0.41868510842323303,10.744135856628418
49,0.9950145483016968,0.018089229241013527,2.7e-05,0.423298716545105,10.119277000427246
