epoch,accuracy,loss,lr,val_accuracy,val_loss
0,0.7141669988632202,0.7881261706352234,0.001,0.3252595067024231,9.485854148864746
1,0.8134607672691345,0.5045842528343201,0.001,0.3252595067024231,13.692611694335938
2,0.8329871296882629,0.44719985127449036,0.001,0.32756632566452026,13.501481056213379
3,0.8250934481620789,0.46700724959373474,0.001,0.4302191436290741,11.555301666259766
4,0.8649771213531494,0.3270612061023712,0.001,0.39100345969200134,13.993449211120605
5,0.8832571506500244,0.3105042576789856,0.001,0.40023067593574524,19.134387969970703
6,0.8836725950241089,0.30036887526512146,0.001,0.576701283454895,8.014389038085938
7,0.9052762985229492,0.22619035840034485,0.001,0.4648212194442749,8.263352394104004
8,0.9140008091926575,0.23756110668182373,0.001,0.15455594658851624,9.84633731842041
9,0.922309935092926,0.19456949830055237,0.001,0.37370243668556213,7.8964924812316895
10,0.9268799424171448,0.19836606085300446,0.001,0.193771630525589,8.978254318237305
11,0.9397590160369873,0.16845405101776123,0.001,0.11764705926179886,13.808710098266602
12,0.9376817345619202,0.15610235929489136,0.001,0.4221453368663788,9.496776580810547
13,0.9339426755905151,0.19123637676239014,0.001,0.5916954874992371,7.5661540031433105
14,0.953884482383728,0.12305514514446259,0.001,0.18915802240371704,11.290376663208008
15,0.9090153574943542,0.29842594265937805,0.001,0.18223759531974792,5.578388690948486
16,0.9555463194847107,0.13987749814987183,0.001,0.3690887987613678,10.127578735351562
17,0.9605317711830139,0.11469203233718872,0.001,0.3967704772949219,11.328166961669922
18,0.9646863341331482,0.09654055535793304,0.001,0.30449825525283813,9.199070930480957
19,0.9488990306854248,0.1588355302810669,0.001,0.2918108403682709,5.562793254852295
20,0.9497299790382385,0.14540816843509674,0.001,0.4025374948978424,7.453388690948486
21,0.9476526975631714,0.15327340364456177,0.001,0.44405996799468994,7.682956695556641
22,0.9542999863624573,0.1494055986404419,0.001,0.5432525873184204,5.630495071411133
23,0.9617781639099121,0.10041935741901398,0.001,0.12110726535320282,19.58473014831543
24,0.96343994140625,0.09949417412281036,0.001,0.20530565083026886,12.012136459350586
25,0.9705026745796204,0.07037010043859482,0.001,0.4648212194442749,12.063363075256348
26,0.9667636156082153,0.09895972162485123,0.001,0.3425605595111847,3.561520576477051
27,0.9663481712341309,0.0920921340584755,0.001,0.35063436627388,11.433588981628418
28,0.9696717858314514,0.07461724430322647,0.001,0.32871973514556885,12.623010635375977
29,0.962609052658081,0.10219696909189224,0.001,0.3760092258453369,8.650611877441406
30,0.9646863341331482,0.09980365633964539,0.001,0.282583624124527,8.343722343444824
31,0.9725799560546875,0.0679582878947258,0.001,0.3575547933578491,10.94356632232666
32,0.9854590892791748,0.04158769175410271,0.001,0.32871973514556885,11.414167404174805
33,0.9837972521781921,0.052814021706581116,0.001,0.5271049737930298,10.5988130569458
34,0.981719970703125,0.056622736155986786,0.001,0.2191464751958847,16.42985725402832
35,0.9692563414573669,0.09118511527776718,0.001,0.33910036087036133,24.231340408325195
36,0.9754881858825684,0.06680288910865784,0.001,0.3702422082424164,6.511103630065918
37,0.9783963561058044,0.06381350755691528,0.0003,0.4198385179042816,8.9308500289917
38,0.9821354150772095,0.05268636718392372,0.0003,0.41753172874450684,11.848190307617188
39,0.9883672595024109,0.029245611280202866,0.0003,0.41522490978240967,10.228517532348633
40,0.991275429725647,0.023654064163565636,0.0003,0.4636678099632263,9.128610610961914
41,0.9908599853515625,0.036406200379133224,0.0003,0.4405997693538666,12.312704086303711
42,0.9862899780273438,0.027348609641194344,0.0003,0.45328718423843384,10.515739440917969
43,0.9891981482505798,0.027268147096037865,0.0003,0.4994232952594757,8.792526245117188
44,0.9921063780784607,0.019043387845158577,0.0003,0.40945789217948914,12.435644149780273
45,0.9900290966033936,0.025309713557362556,0.0003,0.4117647111415863,12.705402374267578
46,0.9900290966033936,0.02686212584376335,0.0003,0.3852364420890808,9.248711585998535
47,0.9867054224014282,0.042521070688962936,9e-05,0.3886966407299042,10.062897682189941
48,0.9925218224525452,0.01576516032218933,9e-05,0.3921568691730499,10.614669799804688
49,0.9933527112007141,0.016063231974840164,9e-05,0.4452133774757385,10.325435638427734
