epoch,accuracy,loss,lr,val_accuracy,val_loss
0,0.6967179179191589,0.8802857995033264,0.001,0.38292965292930603,8.016623497009277
1,0.794765293598175,0.5284706950187683,0.001,0.4048442840576172,11.291097640991211
2,0.8338180184364319,0.40600934624671936,0.001,0.3437139689922333,17.686315536499023
3,0.8300789594650269,0.41619619727134705,0.001,0.37139561772346497,19.348854064941406
4,0.8504362106323242,0.35361799597740173,0.001,0.39792388677597046,15.773856163024902
5,0.8753635287284851,0.3055833578109741,0.001,0.6078431606292725,10.870416641235352
6,0.8832571506500244,0.2954910695552826,0.001,0.334486722946167,7.326648235321045
7,0.8903198838233948,0.25973689556121826,0.001,0.18685121834278107,6.323824882507324
8,0.882010817527771,0.30362656712532043,0.001,0.23068051040172577,5.330723762512207
9,0.9056917428970337,0.22623196244239807,0.001,0.5028834939002991,4.450536727905273
10,0.9077690243721008,0.23415637016296387,0.001,0.5017300844192505,13.307706832885742
11,0.9264644980430603,0.18881390988826752,0.001,0.4117647111415863,8.971731185913086
12,0.912754476070404,0.212022066116333,0.001,0.46943482756614685,14.02286148071289
13,0.9351890087127686,0.1613464653491974,0.001,0.5628604292869568,4.904128074645996
14,0.9347735643386841,0.17842815816402435,0.001,0.18685121834278107,9.5857515335083
15,0.9356045126914978,0.17489655315876007,0.001,0.12110726535320282,18.28162384033203
16,0.94142085313797,0.15747903287410736,0.001,0.40715110301971436,7.456506729125977
17,0.9464063048362732,0.15564900636672974,0.001,0.43483275175094604,11.13648796081543
18,0.9493144750595093,0.1636665314435959,0.001,0.3783160448074341,9.259490966796875
19,0.9518072009086609,0.1441386342048645,0.001,0.2283737063407898,17.118488311767578
20,0.9659326672554016,0.08265016973018646,0.0003,0.3171856999397278,12.376721382141113
21,0.9800581932067871,0.05265592411160469,0.0003,0.4036908745765686,7.691503047943115
22,0.9837972521781921,0.04411153122782707,0.0003,0.4728950262069702,6.714468002319336
23,0.972995400428772,0.06379065662622452,0.0003,0.48558247089385986,8.462254524230957
24,0.9821354150772095,0.04817136004567146,0.0003,0.45213380455970764,10.049818992614746
25,0.9871209263801575,0.03768010064959526,0.0003,0.43598616123199463,10.606030464172363
26,0.9854590892791748,0.04066091030836105,0.0003,0.47981545329093933,10.356136322021484
27,0.9825509190559387,0.05110495537519455,0.0003,0.4636678099632263,9.32538890838623
28,0.9846281409263611,0.04180377721786499,0.0003,0.4013840854167938,5.818915843963623
29,0.9875363707542419,0.044177085161209106,0.0003,0.3702422082424164,9.700003623962402
30,0.9925218224525452,0.027616014704108238,9e-05,0.4221453368663788,9.95768928527832
31,0.9937681555747986,0.019373485818505287,9e-05,0.4279123544692993,8.497414588928223
32,0.990444540977478,0.0273414496332407,9e-05,0.41522490978240967,9.392260551452637
33,0.9941836595535278,0.0194487776607275,9e-05,0.4198385179042816,9.35970401763916
34,0.9945991039276123,0.01870615780353546,9e-05,0.46136102080345154,9.04749870300293
35,0.9929372668266296,0.023311752825975418,9e-05,0.47750866413116455,10.720462799072266
36,0.9962608814239502,0.016505330801010132,9e-05,0.43367934226989746,11.287487983703613
37,0.9933527112007141,0.017505910247564316,9e-05,0.43367934226989746,9.71348762512207
38,0.9950145483016968,0.015887530520558357,9e-05,0.43367934226989746,12.051506996154785
39,0.9954299926757812,0.012911946512758732,9e-05,0.387543261051178,11.747257232666016
40,0.9962608814239502,0.014527026563882828,2.7e-05,0.40830451250076294,11.369515419006348
41,0.9945991039276123,0.023855872452259064,2.7e-05,0.41522490978240967,11.490015029907227
42,0.9962608814239502,0.014352208003401756,2.7e-05,0.4117647111415863,11.767492294311523
43,0.9954299926757812,0.014011125080287457,2.7e-05,0.43367934226989746,10.802101135253906
44,0.9962608814239502,0.01031369250267744,2.7e-05,0.42445212602615356,10.921196937561035
45,0.9966763854026794,0.012567711062729359,2.7e-05,0.423298716545105,11.132955551147461
46,0.9941836595535278,0.018293045461177826,2.7e-05,0.42560553550720215,10.543246269226074
47,0.9954299926757812,0.012260123156011105,2.7e-05,0.4221453368663788,10.466580390930176
48,0.9962608814239502,0.014645411632955074,2.7e-05,0.4140715003013611,11.248682975769043
49,0.9979227185249329,0.00869767740368843,2.7e-05,0.4209919273853302,11.629073143005371
