epoch,accuracy,loss,lr,val_accuracy,val_loss
0,0.7170751690864563,0.8378905653953552,0.001,0.3252595067024231,24.887287139892578
1,0.7914416193962097,0.5759801864624023,0.001,0.45328718423843384,13.95429515838623
2,0.8226007223129272,0.4833657145500183,0.001,0.40023067593574524,18.631114959716797
3,0.8325716853141785,0.4555280804634094,0.001,0.33794695138931274,14.124113082885742
4,0.8375571370124817,0.4510801434516907,0.001,0.33679354190826416,12.695194244384766
5,0.8533444404602051,0.39401158690452576,0.001,0.41868510842323303,9.76508617401123
6,0.8691316843032837,0.34342634677886963,0.001,0.1314878910779953,4.2089524269104
7,0.8712089657783508,0.3550651967525482,0.001,0.47981545329093933,6.666250705718994
8,0.9073535799980164,0.2315615713596344,0.001,0.59746253490448,10.077386856079102
9,0.9044453501701355,0.25912290811538696,0.001,0.4313725531101227,8.180662155151367
10,0.9131699204444885,0.24452996253967285,0.001,0.4198385179042816,6.521188259124756
11,0.9073535799980164,0.23552246391773224,0.001,0.3587082028388977,13.558309555053711
12,0.9326962828636169,0.18602633476257324,0.001,0.28373703360557556,11.175702095031738
13,0.9206480979919434,0.2199062705039978,0.001,0.4648212194442749,7.644615650177002
14,0.9293726682662964,0.20677989721298218,0.001,0.3956170678138733,8.628317832946777
15,0.9181553721427917,0.2691103219985962,0.001,0.09573241323232651,27.757509231567383
16,0.9214790463447571,0.2248314768075943,0.001,0.36332181096076965,8.977660179138184
17,0.9609472155570984,0.12447153776884079,0.0003,0.4290657341480255,10.572488784790039
18,0.9605317711830139,0.119907446205616,0.0003,0.4140715003013611,9.193799018859863
19,0.968425452709198,0.09602168947458267,0.0003,0.3414071500301361,6.983003616333008
20,0.972995400428772,0.07719709724187851,0.0003,0.3702422082424164,11.551758766174316
21,0.9671790599822998,0.10179285705089569,0.0003,0.4036908745765686,10.429743766784668
22,0.9638554453849792,0.10787200927734375,0.0003,0.41637831926345825,11.625188827514648
23,0.9734109044075012,0.0780143067240715,0.0003,0.3356401324272156,9.893808364868164
24,0.9709181785583496,0.07792080193758011,0.0003,0.544405996799469,13.96361255645752
25,0.9671790599822998,0.10503213852643967,0.0003,0.4302191436290741,12.062616348266602
26,0.9767345190048218,0.05847493186593056,0.0003,0.3944636583328247,12.052384376525879
27,0.9813045263290405,0.05990535765886307,9e-05,0.40830451250076294,10.911066055297852
28,0.9813045263290405,0.04705270379781723,9e-05,0.40023067593574524,9.955307960510254
29,0.9821354150772095,0.05292106792330742,9e-05,0.4106113016605377,10.426143646240234
30,0.9846281409263611,0.045321036130189896,9e-05,0.41637831926345825,11.617622375488281
31,0.9867054224014282,0.04105210676789284,9e-05,0.43252596259117126,12.714838981628418
32,0.9850436449050903,0.04732033982872963,9e-05,0.4117647111415863,13.648736953735352
33,0.9871209263801575,0.03755275160074234,9e-05,0.4117647111415863,12.24802303314209
34,0.9788118004798889,0.06888784468173981,9e-05,0.3448673486709595,10.843161582946777
35,0.9804736375808716,0.056130632758140564,9e-05,0.36562860012054443,11.924544334411621
36,0.9867054224014282,0.03582235053181648,9e-05,0.36332181096076965,12.664261817932129
37,0.9875363707542419,0.042392294853925705,2.7e-05,0.37254902720451355,11.66091537475586
38,0.9879518151283264,0.03791354224085808,2.7e-05,0.3852364420890808,11.623489379882812
39,0.9867054224014282,0.03829913213849068,2.7e-05,0.38292965292930603,10.722947120666504
40,0.9937681555747986,0.02164706587791443,2.7e-05,0.3863898515701294,11.249980926513672
41,0.9896136522293091,0.030055852606892586,2.7e-05,0.40023067593574524,11.417701721191406
42,0.9908599853515625,0.034568872302770615,2.7e-05,0.3944636583328247,11.805770874023438
43,0.9908599853515625,0.02620757184922695,2.7e-05,0.3933102786540985,12.073068618774414
44,0.9916908740997314,0.02751438319683075,2.7e-05,0.366782009601593,10.85648250579834
45,0.9916908740997314,0.025907516479492188,2.7e-05,0.36562860012054443,12.486166000366211
46,0.9908599853515625,0.02665245532989502,2.7e-05,0.3598615825176239,11.907830238342285
47,0.9879518151283264,0.035046689212322235,8.1e-06,0.37370243668556213,11.679325103759766
48,0.9933527112007141,0.025860441848635674,8.1e-06,0.37370243668556213,11.956427574157715
49,0.9929372668266296,0.02896009385585785,8.1e-06,0.38177624344825745,11.836969375610352
