epoch,accuracy,loss,lr,val_accuracy,val_loss
0,0.7112588286399841,0.864533007144928,0.001,0.36447519063949585,11.571053504943848
1,0.7702534198760986,0.6070019006729126,0.001,0.37370243668556213,22.99149513244629
2,0.8109679818153381,0.5224955081939697,0.001,0.3252595067024231,22.79250717163086
3,0.8329871296882629,0.46595337986946106,0.001,0.366782009601593,21.294788360595703
4,0.872455358505249,0.3358669579029083,0.001,0.38292965292930603,11.289902687072754
5,0.8616535067558289,0.3714475929737091,0.001,0.5190311670303345,12.058146476745605
6,0.8766098618507385,0.3419504165649414,0.001,0.2110726684331894,9.598651885986328
7,0.8878271579742432,0.29924148321151733,0.001,0.3229527175426483,8.600622177124023
8,0.9056917428970337,0.2560049891471863,0.001,0.43367934226989746,9.015372276306152
9,0.8998753428459167,0.2589997351169586,0.001,0.2733564078807831,2.9032785892486572
10,0.9360199570655823,0.18511681258678436,0.001,0.2525951564311981,11.51457405090332
11,0.9123390316963196,0.2518724799156189,0.001,0.4198385179042816,9.38893985748291
12,0.9364354014396667,0.15246853232383728,0.001,0.508650541305542,8.763880729675293
13,0.913585364818573,0.2463885098695755,0.001,0.1660899668931961,8.161962509155273
14,0.9264644980430603,0.1883114129304886,0.001,0.3494809567928314,5.870203971862793
15,0.9314499497413635,0.19274210929870605,0.001,0.4140715003013611,5.733682632446289
16,0.9518072009086609,0.13587622344493866,0.001,0.35409456491470337,7.8621110916137695
17,0.9252181053161621,0.23698541522026062,0.001,0.36332181096076965,12.442527770996094
18,0.9497299790382385,0.1483573317527771,0.001,0.39907726645469666,13.631701469421387
19,0.953884482383728,0.14212116599082947,0.001,0.4659746289253235,6.295173168182373
20,0.9655172228813171,0.09829634428024292,0.0003,0.3494809567928314,8.991888999938965
21,0.9754881858825684,0.06534545868635178,0.0003,0.3517877757549286,12.447771072387695
22,0.9771499633789062,0.06308059394359589,0.0003,0.3783160448074341,10.439888000488281
23,0.9759036302566528,0.07887793332338333,0.0003,0.29411765933036804,10.928354263305664
24,0.9725799560546875,0.07480662316083908,0.0003,0.39907726645469666,11.056934356689453
25,0.9829663634300232,0.057196661829948425,0.0003,0.366782009601593,11.62317180633545
26,0.9846281409263611,0.04274982586503029,0.0003,0.39100345969200134,10.961502075195312
27,0.9767345190048218,0.10056019574403763,0.0003,0.5524798035621643,8.319330215454102
28,0.9796426892280579,0.0687980055809021,0.0003,0.3702422082424164,12.348541259765625
29,0.9875363707542419,0.035956140607595444,0.0003,0.38985005021095276,11.02705192565918
30,0.9854590892791748,0.043174125254154205,9e-05,0.3967704772949219,10.489663124084473
31,0.9916908740997314,0.02993561327457428,9e-05,0.39907726645469666,10.128477096557617
32,0.9804736375808716,0.04809669777750969,9e-05,0.4579008221626282,10.102161407470703
33,0.9862899780273438,0.03991548344492912,9e-05,0.4452133774757385,9.831780433654785
34,0.991275429725647,0.028542861342430115,9e-05,0.40945789217948914,11.173665046691895
35,0.9896136522293091,0.034838005900382996,9e-05,0.4106113016605377,11.402318000793457
36,0.9854590892791748,0.049288272857666016,9e-05,0.4579008221626282,9.384075164794922
37,0.9883672595024109,0.03087948076426983,9e-05,0.44175317883491516,10.224411964416504
38,0.9887827038764954,0.03320740908384323,9e-05,0.3241061270236969,12.233088493347168
39,0.9896136522293091,0.02569950558245182,9e-05,0.39792388677597046,10.7080659866333
40,0.9925218224525452,0.02060956135392189,2.7e-05,0.42445212602615356,10.271722793579102
41,0.9929372668266296,0.02563398890197277,2.7e-05,0.4048442840576172,10.344099998474121
42,0.9879518151283264,0.03562105819582939,2.7e-05,0.4371395707130432,9.721407890319824
43,0.9925218224525452,0.023253073915839195,2.7e-05,0.42560553550720215,9.89505386352539
44,0.9879518151283264,0.02805240824818611,2.7e-05,0.43598616123199463,10.103489875793457
45,0.9929372668266296,0.022058552131056786,2.7e-05,0.44405996799468994,9.835858345031738
46,0.9891981482505798,0.03458830714225769,2.7e-05,0.44405996799468994,9.71285343170166
47,0.9929372668266296,0.02327970787882805,2.7e-05,0.4382929503917694,10.517132759094238
48,0.9925218224525452,0.02517937682569027,2.7e-05,0.44290658831596375,10.711409568786621
49,0.9966763854026794,0.014340176247060299,2.7e-05,0.4313725531101227,10.843621253967285
