epoch,accuracy,loss,lr,val_accuracy,val_loss
0,0.6875779032707214,0.9567815065383911,0.001,0.22145329415798187,11.261332511901855
1,0.7644370794296265,0.634933352470398,0.001,0.3252595067024231,20.461427688598633
2,0.827170729637146,0.4712662994861603,0.001,0.3252595067024231,15.0968017578125
3,0.8275862336158752,0.4378144443035126,0.001,0.4048442840576172,14.53508186340332
4,0.8599916696548462,0.33955296874046326,0.001,0.40599769353866577,14.7083101272583
5,0.8491898775100708,0.3951113522052765,0.001,0.4625144302845001,7.949799537658691
6,0.8728708028793335,0.32829195261001587,0.001,0.3483275771141052,9.25734806060791
7,0.8753635287284851,0.31390267610549927,0.001,0.46943482756614685,4.022346496582031
8,0.891566276550293,0.2949790358543396,0.001,0.44175317883491516,5.791097164154053
9,0.8845035433769226,0.3137129545211792,0.001,0.27797001600265503,6.264496803283691
10,0.8923971652984619,0.2837887108325958,0.001,0.5674740672111511,7.336275577545166
11,0.8845035433769226,0.27335718274116516,0.001,0.4129181206226349,4.983671188354492
12,0.9023680686950684,0.2577587068080902,0.001,0.3252595067024231,5.884080410003662
13,0.8757789731025696,0.31979429721832275,0.001,0.5213379263877869,4.902697563171387
14,0.9256335496902466,0.189113050699234,0.001,0.2652825713157654,15.15811824798584
15,0.909846305847168,0.2679729163646698,0.001,0.6170703768730164,2.888169527053833
16,0.9210635423660278,0.2245817929506302,0.001,0.32756632566452026,4.209851264953613
17,0.9289572238922119,0.20363274216651917,0.001,0.31026527285575867,8.968981742858887
18,0.9397590160369873,0.1640440821647644,0.001,0.4290657341480255,8.073129653930664
19,0.9472372531890869,0.1562327891588211,0.001,0.13610149919986725,3.7990589141845703
20,0.950145423412323,0.1319301724433899,0.001,0.33679354190826416,9.127214431762695
21,0.9439135789871216,0.13486985862255096,0.001,0.4302191436290741,9.617951393127441
22,0.9659326672554016,0.09821123629808426,0.001,0.4221453368663788,11.969367980957031
23,0.9601163268089294,0.12610775232315063,0.001,0.38177624344825745,9.163435935974121
24,0.9671790599822998,0.09826775640249252,0.001,0.4106113016605377,15.508217811584473
25,0.9451599717140198,0.17534027993679047,0.001,0.4371395707130432,5.685826778411865
26,0.9713336229324341,0.07755384594202042,0.0003,0.3679354190826416,7.091694355010986
27,0.9754881858825684,0.06580139696598053,0.0003,0.47058823704719543,7.005734443664551
28,0.9829663634300232,0.049298714846372604,0.0003,0.3517877757549286,8.092514038085938
29,0.9862899780273438,0.041948676109313965,0.0003,0.4544405937194824,10.833295822143555
30,0.9767345190048218,0.05363563820719719,0.0003,0.3414071500301361,10.067686080932617
31,0.9767345190048218,0.0683460608124733,0.0003,0.5755478739738464,7.745065212249756
32,0.9800581932067871,0.05238565802574158,0.0003,0.38985005021095276,6.774799346923828
33,0.9833818078041077,0.047280941158533096,0.0003,0.45905420184135437,11.055063247680664
34,0.9842126965522766,0.03564347326755524,0.0003,0.41522490978240967,11.886489868164062
35,0.9862899780273438,0.03521759435534477,0.0003,0.37370243668556213,12.50617504119873
36,0.9850436449050903,0.04127633944153786,9e-05,0.41522490978240967,10.181173324584961
37,0.9875363707542419,0.03238994628190994,9e-05,0.4648212194442749,11.050111770629883
38,0.9937681555747986,0.02173418365418911,9e-05,0.4405997693538666,14.401263236999512
39,0.9887827038764954,0.03200838714838028,9e-05,0.42445212602615356,14.389823913574219
40,0.9900290966033936,0.02970782294869423,9e-05,0.423298716545105,14.673851013183594
41,0.9891981482505798,0.02547016367316246,9e-05,0.4544405937194824,12.688665390014648
42,0.9916908740997314,0.021843984723091125,9e-05,0.4221453368663788,13.00339412689209
43,0.9929372668266296,0.018827510997653008,9e-05,0.4313725531101227,12.507164001464844
44,0.9891981482505798,0.032796461135149,9e-05,0.39907726645469666,10.813085556030273
45,0.9921063780784607,0.032775722444057465,9e-05,0.4290657341480255,13.289163589477539
46,0.9929372668266296,0.023175140842795372,2.7e-05,0.42445212602615356,12.990313529968262
47,0.9900290966033936,0.0319252535700798,2.7e-05,0.41868510842323303,11.382400512695312
48,0.9954299926757812,0.014958461746573448,2.7e-05,0.42445212602615356,12.155920028686523
49,0.9929372668266296,0.024279488250613213,2.7e-05,0.423298716545105,13.211244583129883
