epoch,accuracy,loss,val_accuracy,val_loss
0,0.4976160526275635,3.4813289642333984,0.48241207003593445,2840.750244140625
1,0.5405269861221313,2.739292621612549,0.48241207003593445,1.03787100315094
2,0.5789209604263306,2.4173693656921387,0.5946398377418518,16.45787239074707
3,0.6082810759544373,1.8909292221069336,0.48324957489967346,3.077122688293457
4,0.6283563375473022,1.4816462993621826,0.3944723606109619,1.3276097774505615
5,0.6511919498443604,1.6891982555389404,0.36348408460617065,1.882482647895813
6,0.6311166882514954,1.2221274375915527,0.3701842427253723,1.206044316291809
7,0.642910897731781,1.2146309614181519,0.6599665284156799,0.9214305877685547
8,0.6398996114730835,1.3588486909866333,0.5678392052650452,2.1005477905273438
9,0.6163111925125122,1.1927539110183716,0.5435510873794556,1.0827046632766724
10,0.6690087914466858,0.9753753542900085,0.5795645117759705,1.6395745277404785
11,0.7048933506011963,0.9332883954048157,0.6691792011260986,0.9131601452827454
12,0.6619824171066284,1.2699636220932007,0.4849246144294739,161.76144409179688
13,0.5744040012359619,1.158944010734558,0.5083752274513245,1.0929927825927734
14,0.6376411318778992,1.0368386507034302,0.45812395215034485,20.985065460205078
15,0.6732747554779053,0.9848922491073608,0.5,1.392282485961914
16,0.7109159231185913,0.8707695603370667,0.4673366844654083,1.980324387550354
17,0.7525721192359924,0.7206852436065674,0.5494137406349182,1.2950352430343628
18,0.7616060376167297,0.7438145279884338,0.4162479043006897,2.4284541606903076
19,0.7550815343856812,0.6773719787597656,0.6189279556274414,1.0384477376937866
20,0.7811794281005859,0.5866347551345825,0.552763819694519,1.2187963724136353
21,0.7613551020622253,0.6974813342094421,0.27889448404312134,16.128686904907227
22,0.7545796632766724,0.6306231617927551,0.6164153814315796,1.3755053281784058
23,0.7708908319473267,0.7151975631713867,0.5083752274513245,1.7547438144683838
24,0.787202000617981,0.6823245882987976,0.38777220249176025,3.3874199390411377
