epoch,accuracy,loss,val_accuracy,val_loss
0,0.4484316110610962,9.205403327941895,0.48241207003593445,2201921.5
1,0.58519446849823,2.2050487995147705,0.19597989320755005,314.72515869140625
2,0.4905897080898285,3.3508682250976562,0.44723618030548096,1.3935202360153198
3,0.5297365188598633,2.4061830043792725,0.36264657974243164,20.61446762084961
4,0.6005018949508667,1.6203707456588745,0.4782244563102722,339.27142333984375
5,0.6153073906898499,1.3367944955825806,0.5318257808685303,1.0426746606826782
6,0.6479297280311584,1.02382493019104,0.5134003162384033,0.9453040361404419
7,0.6547051668167114,0.8825150728225708,0.4195979833602905,1.1511764526367188
8,0.675784170627594,0.8161889910697937,0.6030150651931763,1.3265888690948486
9,0.7146800756454468,0.6754528284072876,0.4246231019496918,2.170982837677002
10,0.6991217136383057,0.7565683722496033,0.5469011664390564,1.1575168371200562
11,0.6918444037437439,0.7547686100006104,0.6155778765678406,1.7311038970947266
12,0.6951066255569458,0.7920079827308655,0.5175879597663879,1.4237719774246216
13,0.6705144047737122,0.9054579138755798,0.30150753259658813,25.83771324157715
14,0.7094103097915649,0.673590362071991,0.5812395215034485,1.3923221826553345
15,0.7189460396766663,0.6131548285484314,0.5804020166397095,2.035792589187622
16,0.7124215960502625,0.6243563294410706,0.5443885922431946,1.8467485904693604
17,0.7480552196502686,0.5369676947593689,0.4874371886253357,2.336315870285034
18,0.7528231143951416,0.5708487629890442,0.4430485665798187,1.5508757829666138
19,0.7267252206802368,0.5868459939956665,0.5879396796226501,1.5184065103530884
20,0.6639899611473083,0.7574421763420105,0.5770519375801086,1.10091233253479
21,0.71342533826828,0.615344762802124,0.6708542704582214,1.7869621515274048
22,0.7498117685317993,0.5508862733840942,0.5494137406349182,1.78284752368927
23,0.7488080263137817,0.5401260852813721,0.5854271650314331,1.3298563957214355
24,0.7811794281005859,0.4934965968132019,0.6088777184486389,2.0629823207855225
