epoch,accuracy,loss,val_accuracy,val_loss
0,0.4516938626766205,15.26902961730957,0.402847558259964,1.1526985168457031
1,0.4803011417388916,1.3883006572723389,0.5016750693321228,1.5672374963760376
2,0.5470514297485352,0.9667513966560364,0.4631490707397461,2.1791961193084717
3,0.6002509593963623,0.8582070469856262,0.48241207003593445,1.811474323272705
4,0.6185696125030518,0.8349012732505798,0.5678392052650452,0.9779331684112549
5,0.6481806635856628,0.7839609384536743,0.6298157572746277,0.8061385154724121
6,0.6491844654083252,0.7829056978225708,0.695142388343811,0.8083559274673462
7,0.6644918322563171,0.7495923638343811,0.5879396796226501,0.7789550423622131
8,0.643663763999939,0.7585179805755615,0.4865996539592743,1.1055595874786377
9,0.6737766861915588,0.7306811213493347,0.5887772440910339,0.9212952256202698
10,0.6213299632072449,1.0115816593170166,0.3844221234321594,31.08818817138672
11,0.5380175709724426,1.1350786685943604,0.48241207003593445,4.109114170074463
12,0.6318694949150085,0.8047187328338623,0.6390284895896912,0.7324978113174438
13,0.6574655175209045,0.754367470741272,0.5686767101287842,1.2643632888793945
14,0.5671267509460449,1.9782525300979614,0.5025125741958618,39.16130065917969
15,0.6037641167640686,0.8524296879768372,0.5787269473075867,0.811120867729187
16,0.6504391431808472,0.7647687792778015,0.6005024909973145,0.8083442449569702
17,0.6534504294395447,0.7466364502906799,0.6097152233123779,0.9896336197853088
18,0.6456712484359741,0.7645739316940308,0.47068676352500916,2.0452234745025635
19,0.5741530656814575,0.8776655197143555,0.6072027087211609,0.9229788184165955
20,0.6484315991401672,0.7470251321792603,0.28978225588798523,2.283743143081665
21,0.6632371544837952,0.7197564244270325,0.5577889680862427,1.1674178838729858
22,0.6823086738586426,0.6867094039916992,0.6038525700569153,0.9708619713783264
23,0.6941028833389282,0.6733285188674927,0.571189284324646,0.869284451007843
24,0.6752822995185852,0.6843287348747253,0.4673366844654083,1.2808046340942383
