epoch,accuracy,loss,val_accuracy,val_loss
0,0.45997491478919983,13.037407875061035,0.48241207003593445,428.2225341796875
1,0.4715181887149811,6.647910118103027,0.48241207003593445,40977.33984375
2,0.48858219385147095,4.350957870483398,0.48241207003593445,1.0601966381072998
3,0.5410288572311401,2.264296293258667,0.5954774022102356,1.1057004928588867
4,0.5646173357963562,2.028974771499634,0.49413734674453735,39.09576416015625
5,0.5668757557868958,1.9115715026855469,0.6809045076370239,0.9491362571716309
6,0.610790491104126,1.496586561203003,0.6716917753219604,1.1857469081878662
7,0.6376411318778992,1.2614977359771729,0.641541063785553,1.1276350021362305
8,0.6401505470275879,1.1932264566421509,0.6767169237136841,1.1065319776535034
9,0.6020075082778931,1.476924180984497,0.2638190984725952,22388.4296875
10,0.5907151699066162,1.826165795326233,0.5410385131835938,14.308196067810059
11,0.622835636138916,0.985047459602356,0.6574539542198181,1.3814390897750854
12,0.6667503118515015,0.7781851887702942,0.5837520956993103,0.938397228717804
13,0.6484315991401672,0.7974026203155518,0.5134003162384033,1.0794293880462646
14,0.6777917146682739,0.7585616707801819,0.4991624653339386,1.4878069162368774
15,0.680552065372467,0.701047956943512,0.7345058917999268,1.343287706375122
16,0.680552065372467,0.7254922389984131,0.7026800513267517,1.1426349878311157
17,0.7141781449317932,0.6251701712608337,0.571189284324646,1.224921703338623
18,0.7176913619041443,0.603015124797821,0.6532663106918335,1.1927318572998047
19,0.7096612453460693,0.6112530827522278,0.3827470541000366,2.0902745723724365
20,0.7181932330131531,0.6112855076789856,0.6515913009643555,1.6697760820388794
21,0.7279798984527588,0.5849514007568359,0.6532663106918335,2.277353525161743
22,0.6547051668167114,0.707712709903717,0.4413735270500183,1.9126064777374268
23,0.6574655175209045,0.7099040746688843,0.6130653023719788,2.148740291595459
24,0.6908406615257263,0.6232585310935974,0.5343383550643921,1.7197742462158203
