epoch,accuracy,loss,val_accuracy,val_loss
0,0.45269760489463806,15.96962833404541,0.44723618030548096,237.18247985839844
1,0.5202007293701172,3.961879014968872,0.4891122281551361,4461.07470703125
2,0.524215817451477,3.500433921813965,0.49329984188079834,1.2661868333816528
3,0.5814303755760193,2.069016218185425,0.48241207003593445,3.8909828662872314
4,0.6150564551353455,1.9183845520019531,0.39782243967056274,21.262107849121094
5,0.6326223611831665,1.4032506942749023,0.5594639778137207,1.1575871706008911
6,0.6494354009628296,1.2148633003234863,0.5502512454986572,1.0660723447799683
7,0.6737766861915588,1.0547826290130615,0.45979899168014526,2.5202114582061768
8,0.6614805459976196,1.1237174272537231,0.48241207003593445,3.06748628616333
9,0.6474278569221497,1.3094754219055176,0.4296482503414154,6.116138458251953
10,0.4808030128479004,1.367981195449829,0.48241207003593445,1.4373201131820679
11,0.49912169575691223,3.0304534435272217,0.4790619909763336,3.932760238647461
12,0.5048933625221252,1.5916506052017212,0.39698493480682373,19.440738677978516
13,0.5636135339736938,2.06439471244812,0.5510887503623962,1.0914626121520996
14,0.602760374546051,1.2388372421264648,0.43551087379455566,1.0067859888076782
15,0.6298620104789734,0.9223493337631226,0.6365159153938293,0.833373486995697
16,0.6426599621772766,0.8737024664878845,0.38693466782569885,2.0193662643432617
17,0.6542032361030579,0.8456103801727295,0.49497488141059875,6.99335241317749
18,0.6577164530754089,0.8771775960922241,0.4179229438304901,3.4001200199127197
19,0.6820577383041382,0.7599467039108276,0.5569514036178589,1.0187771320343018
20,0.6930991411209106,0.7067723870277405,0.5829145908355713,0.9092922210693359
21,0.7106649875640869,0.6698943376541138,0.36264657974243164,1.4430789947509766
22,0.7076537013053894,0.6640737652778625,0.43551087379455566,1.1804721355438232
23,0.7212045192718506,0.6326364874839783,0.4623115658760071,1.125921607017517
24,0.7247176766395569,0.6223430633544922,0.5611390471458435,1.0685322284698486
