epoch,accuracy,loss,val_accuracy,val_loss
0,0.5558343529701233,2.9089162349700928,0.39698493480682373,124.15824890136719
1,0.6047678589820862,2.0512962341308594,0.49413734674453735,12.26744556427002
2,0.7031367421150208,0.9396207928657532,0.5117253065109253,2.1454834938049316
3,0.6996235847473145,1.3534460067749023,0.500837504863739,2.5405871868133545
4,0.6680049896240234,1.7655675411224365,0.5536013245582581,13.365320205688477
5,0.6996235847473145,1.3925658464431763,0.4304857552051544,852.9589233398438
6,0.6775407791137695,1.010673999786377,0.5142378807067871,1.7411720752716064
7,0.7503136992454529,0.8107722401618958,0.4882746934890747,1.8375381231307983
8,0.7761605978012085,0.8307095170021057,0.5762144327163696,2.1985788345336914
9,0.785194456577301,0.8031876683235168,0.5435510873794556,15.634952545166016
10,0.791969895362854,0.7505155801773071,0.5041875839233398,1.5113400220870972
11,0.7917189598083496,0.7741469740867615,0.39698493480682373,3.3720970153808594
12,0.7821831703186035,0.8279072046279907,0.3207705318927765,6.567097187042236
13,0.7769134044647217,0.7645878195762634,0.49413734674453735,2.847468137741089
14,0.6833124160766602,1.114835500717163,0.4782244563102722,51.27448654174805
15,0.695357620716095,1.0519428253173828,0.428810715675354,213.00167846679688
16,0.7676286101341248,0.811832845211029,0.48241207003593445,719.8973999023438
17,0.7924717664718628,0.8182294368743896,0.49497488141059875,2.769895315170288
18,0.7887076735496521,0.7778739333152771,0.4045226275920868,111.4281005859375
19,0.7028858065605164,1.1167991161346436,0.6448911428451538,1.5202572345733643
20,0.7425345182418823,0.8334368467330933,0.5402010083198547,2.6040894985198975
21,0.7515683770179749,0.9669395089149475,0.4631490707397461,3.3994507789611816
22,0.7360100150108337,0.9922376871109009,0.4530988335609436,2.4779837131500244
23,0.785947322845459,0.7513425946235657,0.5561138987541199,2.0660088062286377
24,0.7638645172119141,0.9720024466514587,0.4522612988948822,1392.4046630859375
