epoch,accuracy,loss,val_accuracy,val_loss
0,0.5676286220550537,1.9282565116882324,0.48241207003593445,5.84596586227417
1,0.6577164530754089,1.410078525543213,0.6105527877807617,1.1709915399551392
2,0.7207026481628418,1.029404878616333,0.5376884341239929,1.6952894926071167
3,0.7821831703186035,0.7474282383918762,0.46984925866127014,1.8260471820831299
4,0.8158093094825745,0.6939535140991211,0.5577889680862427,2.4992685317993164
5,0.8537013530731201,0.519952654838562,0.5695142149925232,2.126356363296509
6,0.9003764390945435,0.3720181882381439,0.4522612988948822,4.692676544189453
7,0.8958594799041748,0.4483610689640045,0.46901172399520874,3.624891519546509
8,0.9196988940238953,0.29995468258857727,0.4983249604701996,5.021974086761475
9,0.9322459101676941,0.2686718702316284,0.49497488141059875,4.025848865509033
10,0.929485559463501,0.2680686414241791,0.5561138987541199,3.3526864051818848
11,0.9457967281341553,0.23771847784519196,0.5435510873794556,3.4832053184509277
12,0.9375156760215759,0.28150674700737,0.5393635034561157,4.141730308532715
13,0.9495608806610107,0.2114465832710266,0.427973210811615,4.684589385986328
14,0.9721455574035645,0.12355534732341766,0.46901172399520874,3.4322142601013184
15,0.9626097679138184,0.1660563051700592,0.5,3.810760259628296
16,0.9621078968048096,0.16447842121124268,0.518425464630127,6.580333709716797
17,0.948306143283844,0.2802828848361969,0.518425464630127,4.782474994659424
18,0.9816812872886658,0.08220963925123215,0.5502512454986572,5.308471202850342
19,0.9756587147712708,0.10340168327093124,0.49581238627433777,5.911228179931641
20,0.9816812872886658,0.0740128830075264,0.5435510873794556,5.098210334777832
21,0.9739021062850952,0.1057211384177208,0.5452261567115784,5.163516044616699
