epoch,accuracy,loss,val_accuracy,val_loss
0,0.532245934009552,3.9031331539154053,0.48241207003593445,22.259328842163086
1,0.5545796751976013,2.0870261192321777,0.48241207003593445,2.276163101196289
2,0.5987452864646912,1.8428282737731934,0.48241207003593445,29.15336036682129
3,0.5718945860862732,2.258129596710205,0.35259631276130676,84.14183044433594
4,0.5984943509101868,1.7598350048065186,0.4614740312099457,1.7598421573638916
5,0.624090313911438,1.1445338726043701,0.5611390471458435,0.9927309155464172
6,0.6501882076263428,1.435245156288147,0.6340033411979675,0.8441575765609741
7,0.682559609413147,0.9732868671417236,0.6256281137466431,0.9917226433753967
8,0.6735257506370544,1.1369060277938843,0.4782244563102722,11.777713775634766
9,0.7129234671592712,0.8737950325012207,0.4179229438304901,1.6947975158691406
10,0.7395232319831848,0.9451695680618286,0.38860970735549927,2.213927984237671
11,0.6991217136383057,1.188536524772644,0.3668341636657715,2.2983744144439697
12,0.6303638815879822,1.0806745290756226,0.4891122281551361,60.68619918823242
13,0.6281054019927979,1.3230009078979492,0.590452253818512,1.1260883808135986
14,0.6085320115089417,2.088320016860962,0.48241207003593445,5.006250381469727
15,0.694604754447937,0.9762360453605652,0.5745393633842468,0.8944850564002991
16,0.7279798984527588,0.8423507213592529,0.591289758682251,1.0229510068893433
17,0.71543288230896,0.9399589896202087,0.48073703050613403,206.34524536132812
18,0.6516938805580139,1.074062705039978,0.6457286477088928,0.9576464891433716
19,0.6930991411209106,0.8860573172569275,0.6716917753219604,1.0306529998779297
20,0.7043914794921875,0.8380425572395325,0.6783919334411621,1.002768635749817
21,0.7084065079689026,0.7634317278862,0.6708542704582214,1.1814403533935547
22,0.7161856889724731,0.7724429368972778,0.45728641748428345,2.274881601333618
23,0.7179422974586487,0.6907010078430176,0.5577889680862427,1.5903453826904297
24,0.7485570907592773,0.6563695073127747,0.5963149070739746,2.117586135864258
