epoch,accuracy,loss,val_accuracy,val_loss
0,0.42760351300239563,60.11318588256836,0.47989949584007263,432.0853271484375
1,0.5001254677772522,1.192947506904602,0.47989949584007263,0.984420895576477
2,0.4971141815185547,1.0267518758773804,0.48157453536987305,1.0037466287612915
3,0.5106649994850159,1.004179835319519,0.47989949584007263,0.9859483242034912
4,0.5056461691856384,1.0084749460220337,0.48241207003593445,1.0177820920944214
5,0.5023839473724365,1.0670102834701538,0.4782244563102722,1.008125901222229
6,0.4602258503437042,81.17474365234375,0.4773869216442108,3220385.5
7,0.4647427797317505,49.996376037597656,0.43551087379455566,1.176259160041809
8,0.48933500051498413,4.061772346496582,0.48241207003593445,0.9678623676300049
9,0.5011292099952698,1.0005393028259277,0.4304857552051544,0.9628491401672363
10,0.5028858184814453,1.023758888244629,0.48241207003593445,0.9494444727897644
11,0.49887076020240784,1.005667805671692,0.47403684258461,1.0452367067337036
12,0.5094102621078491,1.0070266723632812,0.47403684258461,1.0587400197982788
13,0.5089083909988403,1.0038838386535645,0.48241207003593445,0.9968472123146057
14,0.500627338886261,1.0070960521697998,0.47319933772087097,1.060739278793335
15,0.5046424269676208,1.0051194429397583,0.47319933772087097,1.0814687013626099
16,0.5036386251449585,1.0044327974319458,0.48241207003593445,0.9581114649772644
17,0.5036386251449585,1.006627082824707,0.48073703050613403,0.9725580215454102
18,0.505395233631134,1.002193808555603,0.47319933772087097,1.1463741064071655
19,0.5048933625221252,1.0035388469696045,0.42211055755615234,1.0796457529067993
20,0.5129234790802002,1.0053046941757202,0.47236180305480957,1.079600214958191
21,0.5003764033317566,1.0068711042404175,0.48241207003593445,0.9674581289291382
22,0.5089083909988403,1.0041762590408325,0.4790619909763336,1.0132083892822266
23,0.506649911403656,1.0057040452957153,0.47403684258461,1.066094994544983
24,0.4971141815185547,1.0049021244049072,0.47236180305480957,1.085536241531372
