epoch,accuracy,loss,val_accuracy,val_loss
0,0.4928481876850128,4.187658786773682,0.47989949584007263,2.0576088428497314
1,0.5264742970466614,2.8292815685272217,0.48408710956573486,2.501462697982788
2,0.5553324818611145,2.200742483139038,0.4078727066516876,1.1328835487365723
3,0.5538268685340881,1.489311695098877,0.5594639778137207,2.0890674591064453
4,0.579171895980835,1.3860059976577759,0.4673366844654083,5.611894130706787
5,0.5984943509101868,1.16867196559906,0.4623115658760071,3.5414891242980957
6,0.6057716608047485,1.2680374383926392,0.5234506130218506,2.8244593143463135
7,0.618067741394043,1.1674095392227173,0.5887772440910339,1.192657709121704
8,0.6464241147041321,1.0591379404067993,0.402847558259964,5.090993881225586
9,0.6772898435592651,0.8200996518135071,0.4614740312099457,2.5187933444976807
10,0.6930991411209106,0.7830349206924438,0.6842545866966248,2.7011349201202393
11,0.7121706604957581,0.7429675459861755,0.5778894424438477,2.00747013092041
12,0.708657443523407,0.8042822480201721,0.5234506130218506,2.2722973823547363
13,0.7277289628982544,0.7552883625030518,0.4664991497993469,30.031753540039062
14,0.6203262209892273,1.0617362260818481,0.570351779460907,1.572798252105713
15,0.6549561023712158,0.8232734203338623,0.5067001581192017,1.1104105710983276
16,0.7021329998970032,0.7836596965789795,0.5318257808685303,1.1466953754425049
17,0.7171894311904907,0.7354850769042969,0.5234506130218506,1.499440312385559
18,0.7247176766395569,0.7162397503852844,0.5368509292602539,0.954731822013855
19,0.7794228196144104,0.5668003559112549,0.42211055755615234,2.545397996902466
20,0.8080301284790039,0.4939907193183899,0.6574539542198181,1.9541990756988525
21,0.8276035189628601,0.4535142779350281,0.6147403717041016,1.6295678615570068
22,0.8486825823783875,0.38628485798835754,0.6306532621383667,1.6859798431396484
23,0.8725219368934631,0.32764407992362976,0.6289782524108887,1.8571879863739014
24,0.8895859718322754,0.3123411536216736,0.5376884341239929,2.540071487426758
