epoch,accuracy,loss,val_accuracy,val_loss
0,0.5209535956382751,2.377998113632202,0.48241207003593445,6110.8232421875
1,0.6371392607688904,1.3080222606658936,0.12060301750898361,1.7827231884002686
2,0.6813048720359802,0.7789601683616638,0.48241207003593445,3.5100412368774414
3,0.7249686121940613,0.7020263075828552,0.14991624653339386,2.8225536346435547
4,0.7229611277580261,0.7656245231628418,0.5536013245582581,2.2306675910949707
5,0.7681304812431335,0.6991771459579468,0.3475711941719055,3.706033945083618
6,0.8143036365509033,0.4341542720794678,0.4061976671218872,3.0964105129241943
7,0.6747804284095764,1.9432101249694824,0.4757118821144104,8432.353515625
8,0.667754054069519,0.9950916171073914,0.4865996539592743,359.1219787597656
9,0.7648682594299316,0.6804824471473694,0.5845896005630493,1.5784507989883423
10,0.785947322845459,0.6683781147003174,0.4974874258041382,2.17958664894104
11,0.8145545721054077,0.6184614896774292,0.4849246144294739,2.3113420009613037
12,0.8444165587425232,0.6702699065208435,0.5175879597663879,2.332691192626953
13,0.8404015302658081,0.45529669523239136,0.47236180305480957,2.2821013927459717
14,0.8594730496406555,0.36929380893707275,0.4664991497993469,2.3929004669189453
15,0.8795483112335205,0.3827323317527771,0.49246230721473694,2.1323423385620117
16,0.8983688950538635,0.30860117077827454,0.623115599155426,1.7886443138122559
17,0.8938519358634949,0.29707592725753784,0.5494137406349182,2.6159849166870117
18,0.8138017654418945,0.6168491244316101,0.48241207003593445,6233.8349609375
19,0.7836888432502747,0.6778383255004883,0.5653266310691833,1.8278511762619019
20,0.8404015302658081,0.38095733523368835,0.3911222815513611,1.552130937576294
21,0.8792973756790161,0.579822301864624,0.3819095492362976,79.93791961669922
22,0.8298619985580444,0.45050206780433655,0.5871021747589111,1.6251157522201538
23,0.8680050373077393,0.40765640139579773,0.47236180305480957,291.5444030761719
24,0.8890840411186218,0.4430970549583435,0.4380234479904175,3.167534828186035
