epoch,accuracy,loss,val_accuracy,val_loss
0,0.48833122849464417,4.459272384643555,0.6398659944534302,1.1243096590042114
1,0.5759096741676331,2.300440549850464,0.5134003162384033,78.74746704101562
2,0.5530740022659302,2.8884639739990234,0.4195979833602905,4.195033550262451
3,0.5420325994491577,1.962237000465393,0.4765494167804718,1.576566457748413
4,0.5897114276885986,1.642715573310852,0.4907872676849365,1.1690325736999512
5,0.6143036484718323,1.3586180210113525,0.3199329972267151,1.8054593801498413
6,0.6208280920982361,1.3250483274459839,0.5929648280143738,1.0844470262527466
7,0.5939773917198181,1.6648224592208862,0.39865997433662415,1.5981124639511108
8,0.595984935760498,1.235705018043518,0.4162479043006897,9.846586227416992
9,0.5954830646514893,1.080794095993042,0.4530988335609436,1.2651008367538452
10,0.6173149347305298,0.9856958985328674,0.4514237940311432,1.1373945474624634
11,0.628858208656311,0.9865097999572754,0.5921273231506348,0.8802047371864319
12,0.6627352833747864,0.7891284823417664,0.5427135825157166,1.031381368637085
13,0.6880803108215332,0.7479360103607178,0.5561138987541199,1.4148975610733032
14,0.7003763914108276,0.792873740196228,0.5175879597663879,13.724227905273438
15,0.7239648699760437,0.7080680727958679,0.32830819487571716,2.891361951828003
16,0.7350062727928162,0.6861199140548706,0.4882746934890747,2.8986618518829346
17,0.774403989315033,0.557656466960907,0.6499162316322327,1.0557670593261719
18,0.7831869721412659,0.5241369605064392,0.49246230721473694,1.8691895008087158
19,0.8165621161460876,0.4444141089916229,0.5946398377418518,1.1762727499008179
20,0.8476787805557251,0.3800537586212158,0.5552763938903809,1.0015445947647095
21,0.7728983759880066,0.5527713298797607,0.5837520956993103,1.3093092441558838
22,0.8542032837867737,0.36792659759521484,0.5100502371788025,1.1574819087982178
23,0.8276035189628601,0.43345028162002563,0.5418760180473328,1.5182454586029053
24,0.8810539245605469,0.3135097622871399,0.5653266310691833,1.3723948001861572
