epoch,accuracy,loss,val_accuracy,val_loss
0,0.4830614924430847,4.487154006958008,0.48241207003593445,3.914358139038086
1,0.5202007293701172,2.588117837905884,0.43718594312667847,1.238450050354004
2,0.5789209604263306,1.6734033823013306,0.4614740312099457,1.517954707145691
3,0.5794228315353394,1.5148732662200928,0.5988274812698364,1.9946683645248413
4,0.6411543488502502,1.3482588529586792,0.47152429819107056,1211.7568359375
5,0.6404014825820923,1.203160285949707,0.661641538143158,0.8773486614227295
6,0.6795483231544495,0.9694525599479675,0.5360134243965149,0.9857237935066223
7,0.6574655175209045,1.015999674797058,0.47989949584007263,4.172677993774414
8,0.70138019323349,0.7737650871276855,0.5427135825157166,1.753078579902649
9,0.7099121809005737,0.7318015694618225,0.5879396796226501,1.1587929725646973
10,0.7427854537963867,0.65300053358078,0.5385259389877319,1.0771818161010742
11,0.7422835826873779,0.6518374681472778,0.36264657974243164,1.9723231792449951
12,0.7726474404335022,0.611939013004303,0.42211055755615234,2.3539817333221436
13,0.7806775569915771,0.5987923741340637,0.47403684258461,3.111117124557495
14,0.8105395436286926,0.49278882145881653,0.5175879597663879,1.7238270044326782
15,0.7515683770179749,0.6611224412918091,0.3584589660167694,2.2717034816741943
16,0.8240903615951538,0.44371625781059265,0.5887772440910339,2.225094795227051
17,0.8220828175544739,0.48052531480789185,0.5988274812698364,1.6633397340774536
18,0.8077791929244995,0.5253744721412659,0.5921273231506348,1.190360426902771
19,0.8552070260047913,0.36522814631462097,0.5301507711410522,1.569064736366272
20,0.8818067908287048,0.3163730502128601,0.5979899764060974,1.7375167608261108
21,0.8870765566825867,0.2989278733730316,0.6130653023719788,2.506335973739624
22,0.8943538069725037,0.29305675625801086,0.5418760180473328,3.329723834991455
23,0.87176913022995,0.3923572301864624,0.5745393633842468,1.6334036588668823
24,0.8830614686012268,0.3497655689716339,0.5753768682479858,1.6662763357162476
