epoch,accuracy,loss,val_accuracy,val_loss
0,0.4700125455856323,10.678707122802734,0.48073703050613403,4.510404586791992
1,0.5495608448982239,6.211734771728516,0.48241207003593445,13.009532928466797
2,0.6080301403999329,1.8366765975952148,0.4137353301048279,17.839317321777344
3,0.5754078030586243,2.1322717666625977,0.4857621490955353,13.178442001342773
4,0.5861982703208923,1.5728107690811157,0.48241207003593445,0.9710201621055603
5,0.6130489110946655,1.1844544410705566,0.4195979833602905,2.427283525466919
6,0.6386449337005615,1.040756344795227,0.6222780346870422,1.1024140119552612
7,0.6848180890083313,0.9030156135559082,0.4162479043006897,1.2680718898773193
8,0.6780426502227783,0.8861457109451294,0.19932998716831207,2.571979522705078
9,0.6710163354873657,0.8216055631637573,0.6448911428451538,1.8767560720443726
10,0.6484315991401672,0.862655758857727,0.5653266310691833,1.320256233215332
11,0.6762861013412476,0.744562566280365,0.4673366844654083,1.8022798299789429
12,0.689836859703064,0.657536506652832,0.3350083827972412,4.062662601470947
13,0.7239648699760437,0.6079730987548828,0.44639864563941956,4.554063320159912
14,0.6958594918251038,0.658302903175354,0.5745393633842468,1.8994357585906982
15,0.746298611164093,0.5607814788818359,0.6515913009643555,2.2651798725128174
16,0.745043933391571,0.5791916251182556,0.32663315534591675,1.2793464660644531
17,0.7626097798347473,0.5424444675445557,0.6482412219047546,2.188464641571045
18,0.7616060376167297,0.5450262427330017,0.5963149070739746,1.360411524772644
19,0.7688832879066467,0.5459542870521545,0.6155778765678406,1.3175991773605347
20,0.7340025305747986,0.5873894691467285,0.48241207003593445,3.480294942855835
21,0.6722710132598877,0.7714023590087891,0.6005024909973145,2.4870731830596924
22,0.6642408967018127,0.8428018093109131,0.45812395215034485,1.791634202003479
23,0.6700125336647034,0.7995191216468811,0.45644891262054443,12.978700637817383
24,0.669761598110199,0.8483741283416748,0.520100474357605,2.67987060546875
