epoch,accuracy,loss,val_accuracy,val_loss
0,0.5861982703208923,1.2691634893417358,0.48241207003593445,3.435762882232666
1,0.726223349571228,0.7405173778533936,0.48241207003593445,9.376541137695312
2,0.7836888432502747,0.5489473342895508,0.48241207003593445,21.74103355407715
3,0.8464241027832031,0.3759616017341614,0.48241207003593445,11.72677230834961
4,0.8604767918586731,0.4054276645183563,0.27805694937705994,5.199898719787598
5,0.8594730496406555,0.43802517652511597,0.4907872676849365,2.7055506706237793
6,0.9159347414970398,0.21420662105083466,0.5536013245582581,2.4450936317443848
7,0.914178192615509,0.23578259348869324,0.5418760180473328,1.746705174446106
8,0.9668757915496826,0.09104489535093307,0.6373534202575684,2.1510424613952637
9,0.953074038028717,0.11413263529539108,0.4882746934890747,3.5756640434265137
10,0.9701380133628845,0.10629472881555557,0.5862646698951721,1.855216383934021
11,0.9631116390228271,0.09774430841207504,0.44891121983528137,5.2208452224731445
12,0.9784190654754639,0.05746276676654816,0.5326633453369141,3.837481737136841
13,0.9856963753700256,0.03903649374842644,0.5753768682479858,2.7340712547302246
14,0.9806775450706482,0.0488370917737484,0.48241207003593445,4.045660972595215
15,0.9723964929580688,0.0770467072725296,0.5276381969451904,3.354434013366699
16,0.9696361422538757,0.13281720876693726,0.42211055755615234,32.44255828857422
17,0.9307402968406677,0.3684349060058594,0.3802345097064972,18.427974700927734
18,0.9199498295783997,0.43789172172546387,0.5175879597663879,4.414667129516602
19,0.9646173119544983,0.1291102021932602,0.5778894424438477,3.6182703971862793
20,0.9867001175880432,0.03513634204864502,0.5376884341239929,3.384631395339966
21,0.9917189478874207,0.02456335350871086,0.454773873090744,8.071183204650879
22,0.9696361422538757,0.12969836592674255,0.5636515617370605,9.186664581298828
23,0.9784190654754639,0.06932341307401657,0.5929648280143738,3.3129146099090576
24,0.9841907024383545,0.04605228453874588,0.5041875839233398,3.5580055713653564
