epoch,accuracy,loss,val_accuracy,val_loss
0,0.4808030128479004,30.137874603271484,0.46901172399520874,49.44742202758789
1,0.4702634811401367,8.554732322692871,0.48241207003593445,9.253403663635254
2,0.4639899730682373,37.95240783691406,0.48241207003593445,665173248.0
3,0.4702634811401367,25.18631362915039,0.47989949584007263,8633.5146484375
4,0.49159348011016846,4.145107269287109,0.48241207003593445,0.9781215190887451
5,0.5096612572669983,1.0052316188812256,0.48241207003593445,0.9995951652526855
6,0.5051442980766296,1.0023683309555054,0.48241207003593445,0.9950994253158569
7,0.5086574554443359,1.0003931522369385,0.48241207003593445,1.0052454471588135
8,0.5056461691856384,1.00825834274292,0.48241207003593445,1.0048078298568726
9,0.5131744146347046,1.0092724561691284,0.48241207003593445,0.9946870803833008
10,0.507402777671814,1.0071754455566406,0.48241207003593445,1.0018194913864136
11,0.513425350189209,1.000954031944275,0.48241207003593445,0.9741825461387634
12,0.5136762857437134,1.0001920461654663,0.48241207003593445,0.9736555814743042
13,0.513425350189209,1.0083082914352417,0.48241207003593445,0.9854184985160828
14,0.5089083909988403,1.0051672458648682,0.48241207003593445,1.0188113451004028
15,0.5071518421173096,1.0015802383422852,0.48241207003593445,0.9839792251586914
16,0.505395233631134,1.0029380321502686,0.48241207003593445,0.9755228757858276
17,0.49887076020240784,1.0024211406707764,0.48241207003593445,0.9762564301490784
18,0.5051442980766296,1.0042763948440552,0.39698493480682373,0.9884229302406311
19,0.5061480402946472,1.0025628805160522,0.48241207003593445,0.9796038269996643
20,0.5136762857437134,1.0030525922775269,0.48241207003593445,0.987080991268158
21,0.5136762857437134,1.005611777305603,0.48241207003593445,1.0102195739746094
22,0.5136762857437134,1.0022343397140503,0.48241207003593445,1.0011993646621704
23,0.49887076020240784,1.0026887655258179,0.48241207003593445,0.976406991481781
24,0.507402777671814,1.0031405687332153,0.48241207003593445,1.0058445930480957
