epoch,accuracy,loss,val_accuracy,val_loss
0,0.5342534780502319,2.743407726287842,0.48241207003593445,1.4710960388183594
1,0.5668757557868958,2.181107997894287,0.48241207003593445,3615.595458984375
2,0.5638644695281982,2.1484577655792236,0.4614740312099457,490.4873352050781
3,0.628858208656311,1.5469708442687988,0.39698493480682373,1.5554441213607788
4,0.5869510769844055,1.9924523830413818,0.5376884341239929,1.2731329202651978
5,0.6281054019927979,1.7819286584854126,0.48241207003593445,1.3679628372192383
6,0.6506900787353516,1.2466992139816284,0.5159128904342651,89.94832611083984
7,0.6346298456192017,1.0122084617614746,0.18844221532344818,1.286352276802063
8,0.547553300857544,2.2386202812194824,0.4313232898712158,2023.8302001953125
9,0.5942283272743225,1.3161519765853882,0.6800670027732849,1.206451416015625
10,0.6780426502227783,0.8911024332046509,0.5209380388259888,1.3836437463760376
11,0.7116687297821045,0.7990461587905884,0.6515913009643555,1.2426449060440063
12,0.7196988463401794,0.9570344686508179,0.5820770263671875,34.16935729980469
13,0.7337515950202942,0.8238869309425354,0.6097152233123779,1.226796269416809
14,0.6268506646156311,1.316105604171753,0.48241207003593445,50.470943450927734
15,0.6474278569221497,1.0488555431365967,0.1800670027732849,25.907861709594727
16,0.6968632340431213,0.7900237441062927,0.5,1.2765456438064575
17,0.6296110153198242,1.156559944152832,0.5795645117759705,2.3779714107513428
18,0.7043914794921875,0.8012966513633728,0.5812395215034485,1.0002487897872925
19,0.6895859241485596,0.8962069749832153,0.4430485665798187,5.951038837432861
20,0.6918444037437439,0.8179131150245667,0.6641541123390198,0.8052799701690674
21,0.7289837002754211,0.8029916286468506,0.4614740312099457,6.750215530395508
22,0.7227101922035217,0.91602623462677,0.5561138987541199,1.1699464321136475
23,0.7508155703544617,0.7424434423446655,0.5686767101287842,0.8622598052024841
24,0.7332496643066406,0.8902514576911926,0.5469011664390564,1.243553638458252
