epoch,accuracy,loss,val_accuracy,val_loss
0,0.5643664002418518,3.04087233543396,0.48241207003593445,3.0263187885284424
1,0.5656210780143738,2.073533296585083,0.48408710956573486,497.7862243652344
2,0.6913425326347351,0.9346907734870911,0.5326633453369141,1.359357476234436
3,0.6737766861915588,1.1584110260009766,0.4773869216442108,60.471614837646484
4,0.7417816519737244,0.8475203514099121,0.4187604784965515,2.7028231620788574
5,0.7269761562347412,1.1316602230072021,0.572864294052124,1.5616198778152466
6,0.7119197249412537,1.2518481016159058,0.5988274812698364,1.6235911846160889
7,0.7289837002754211,0.6941460371017456,0.46901172399520874,1.8998297452926636
8,0.7631116509437561,0.7286076545715332,0.5644891262054443,1.7837557792663574
9,0.7643663883209229,0.7399204969406128,0.5335008502006531,2.6227359771728516
10,0.7789209485054016,0.6736986637115479,0.39782243967056274,1.7552136182785034
11,0.7987452745437622,0.5785797834396362,0.5678392052650452,1.6146680116653442
12,0.8441656231880188,0.4578506052494049,0.5418760180473328,1.529631495475769
13,0.8341279625892639,0.582827627658844,0.4782244563102722,3.8422234058380127
14,0.7307402491569519,0.7511054873466492,0.4882746934890747,296.8507080078125
15,0.7578418850898743,0.8786375522613525,0.47989949584007263,285.3836975097656
16,0.7801756858825684,0.831294596195221,0.5594639778137207,4.039577960968018
17,0.8579673767089844,0.46952131390571594,0.4254606366157532,2.4622867107391357
18,0.8557088971138,0.5359678268432617,0.5242881178855896,10.96789836883545
19,0.8730238676071167,0.43158668279647827,0.2981574535369873,5.66959285736084
20,0.8439146876335144,0.6373687386512756,0.5820770263671875,2.381462574005127
21,0.8735257387161255,0.5514822602272034,0.43216079473495483,5.472503662109375
22,0.9036386609077454,0.29497289657592773,0.5134003162384033,2.7522225379943848
