epoch,accuracy,loss,val_accuracy,val_loss
0,0.5924717783927917,1.156671166419983,0.48241207003593445,3.302521228790283
1,0.7430363893508911,0.7690855264663696,0.48241207003593445,9.177789688110352
2,0.7829360365867615,0.5897414088249207,0.48241207003593445,17.104602813720703
3,0.8271016478538513,0.4486062228679657,0.4514237940311432,6.953519344329834
4,0.8810539245605469,0.3035549223423004,0.3450586199760437,3.8961384296417236
5,0.8943538069725037,0.2506803870201111,0.5083752274513245,2.5614547729492188
6,0.9016311168670654,0.3819804787635803,0.5820770263671875,2.838679790496826
7,0.907402753829956,0.2556339502334595,0.5670017004013062,3.4176270961761475
8,0.9427854418754578,0.16397111117839813,0.5083752274513245,2.3772037029266357
9,0.9528231024742126,0.14628630876541138,0.5351758599281311,3.34820294380188
10,0.9490589499473572,0.16453486680984497,0.5318257808685303,3.519503355026245
11,0.9621078968048096,0.12260125577449799,0.5963149070739746,3.1678316593170166
12,0.9701380133628845,0.08315607160329819,0.6348408460617065,3.672576427459717
13,0.9535759091377258,0.19302517175674438,0.570351779460907,3.5012590885162354
14,0.9495608806610107,0.18646198511123657,0.5510887503623962,3.8846912384033203
15,0.9744040369987488,0.0821802020072937,0.5293132066726685,3.300285816192627
16,0.9831869602203369,0.04529368132352829,0.572864294052124,3.650973081588745
17,0.98795485496521,0.038484446704387665,0.4773869216442108,3.21000599861145
18,0.9929736256599426,0.02024689130485058,0.5,4.075724124908447
19,0.9786700010299683,0.06504776328802109,0.5175879597663879,3.864210367202759
20,0.9867001175880432,0.035141490399837494,0.5619765520095825,3.2545716762542725
21,0.9756587147712708,0.10791173577308655,0.3785594701766968,14.981822967529297
22,0.9628607034683228,0.15544937551021576,0.5854271650314331,3.074709177017212
23,0.9754077792167664,0.11788516491651535,0.5670017004013062,3.324883222579956
24,0.960351288318634,0.19248512387275696,0.5435510873794556,3.7019667625427246
