epoch,accuracy,loss,val_accuracy,val_loss
0,0.5420325994491577,1.9276411533355713,0.48241207003593445,3.016322612762451
1,0.6539523005485535,1.4967747926712036,0.4648241102695465,2.7808609008789062
2,0.7146800756454468,1.1171361207962036,0.5175879597663879,2.36342191696167
3,0.7728983759880066,0.811950147151947,0.6080402135848999,2.4821860790252686
4,0.8220828175544739,0.6666560173034668,0.4664991497993469,7.868758678436279
5,0.8489335179328918,0.5780168771743774,0.5,2.5685646533966064
6,0.8941028714179993,0.3592730164527893,0.5737018585205078,1.8872287273406982
7,0.902634859085083,0.377514123916626,0.4162479043006897,3.743750810623169
8,0.9209535717964172,0.31215476989746094,0.5351758599281311,4.055633544921875
9,0.9468005299568176,0.19534531235694885,0.5067001581192017,3.691880226135254
10,0.9628607034683228,0.14854459464550018,0.5067001581192017,4.152629852294922
11,0.9390213489532471,0.27526962757110596,0.5385259389877319,4.127292633056641
12,0.9287327527999878,0.3254775404930115,0.5142378807067871,4.684165954589844
13,0.953074038028717,0.18404603004455566,0.47989949584007263,5.830892562866211
14,0.9621078968048096,0.1735822558403015,0.4773869216442108,5.693761348724365
15,0.9518193006515503,0.22576682269573212,0.5058626532554626,4.7661848068237305
16,0.9678795337677002,0.14391696453094482,0.5301507711410522,4.4316511154174805
17,0.9746549725532532,0.11946260184049606,0.4413735270500183,8.606691360473633
18,0.9754077792167664,0.130171000957489,0.4882746934890747,5.466216087341309
19,0.9706398844718933,0.12155172228813171,0.570351779460907,5.8720011711120605
20,0.9673776626586914,0.15423187613487244,0.4631490707397461,6.949372291564941
21,0.9721455574035645,0.14001202583312988,0.5033500790596008,4.83494758605957
22,0.9749059081077576,0.12065808475017548,0.49581238627433777,4.801113128662109
23,0.9819322228431702,0.08728570491075516,0.5335008502006531,7.038949489593506
24,0.9701380133628845,0.1771334707736969,0.4865996539592743,10.85379409790039
