epoch,accuracy,loss,val_accuracy,val_loss
0,0.493600994348526,10.214950561523438,0.48241207003593445,41366408.0
1,0.5575909614562988,3.439905881881714,0.48241207003593445,123.78858184814453
2,0.649686336517334,0.7918774485588074,0.45561137795448303,2.310377836227417
3,0.7056461572647095,0.6458060145378113,0.5100502371788025,1.3509496450424194
4,0.6444165706634521,3.8100979328155518,0.48241207003593445,28942.345703125
5,0.5292346477508545,4.346097946166992,0.5150753855705261,522.1619873046875
6,0.6143036484718323,0.7998210191726685,0.6021775603294373,1.3953768014907837
7,0.6486825346946716,0.7404147982597351,0.4899497628211975,1.3482129573822021
8,0.6928482055664062,0.7140005826950073,0.4254606366157532,2.450366497039795
9,0.707402765750885,1.1573529243469238,0.5226130485534668,2.1088619232177734
10,0.7229611277580261,0.73450767993927,0.48241207003593445,3.383233070373535
11,0.5563362836837769,1.981441617012024,0.1901172548532486,19.822460174560547
12,0.5949811935424805,0.903166651725769,0.5611390471458435,1.2514193058013916
13,0.5962358713150024,0.9916754364967346,0.5954774022102356,1.3134384155273438
14,0.6110414266586304,0.8334294557571411,0.5762144327163696,1.2520489692687988
15,0.6205771565437317,0.7876916527748108,0.45896148681640625,1.2167959213256836
16,0.6283563375473022,0.7804974913597107,0.5309882760047913,1.245208740234375
17,0.6075282096862793,1.3313307762145996,0.39698493480682373,5.580001354217529
18,0.6464241147041321,0.727368950843811,0.44891121983528137,1.3096531629562378
19,0.6404014825820923,1.4034483432769775,0.6256281137466431,1.383797287940979
20,0.6444165706634521,1.1771036386489868,0.5979899764060974,0.8823060393333435
21,0.660476803779602,0.7948012948036194,0.6281406879425049,1.6189240217208862
22,0.6810539364814758,0.9641843438148499,0.4396984875202179,2.0939600467681885
23,0.7169384956359863,0.6316416263580322,0.4388609826564789,1.4142577648162842
24,0.7124215960502625,1.2380279302597046,0.4137353301048279,3.060271978378296
