epoch,accuracy,loss,val_accuracy,val_loss
0,0.5784190893173218,1.315442681312561,0.48241207003593445,2.9455440044403076
1,0.7307402491569519,0.978800892829895,0.48241207003593445,12.865026473999023
2,0.7831869721412659,0.6015996932983398,0.48241207003593445,15.284197807312012
3,0.8391467928886414,0.4408738911151886,0.39698493480682373,4.905022144317627
4,0.876537024974823,0.3161916136741638,0.5410385131835938,3.763038396835327
5,0.9003764390945435,0.25445419549942017,0.5318257808685303,3.132373809814453
6,0.915432870388031,0.2824391722679138,0.6256281137466431,3.0983827114105225
7,0.8823086619377136,0.3890792727470398,0.5284757018089294,1.7213102579116821
8,0.9395232200622559,0.16665183007717133,0.5812395215034485,2.6777501106262207
9,0.9447929859161377,0.15498079359531403,0.500837504863739,2.814612865447998
10,0.9708908200263977,0.08555281162261963,0.4639866054058075,3.9808056354522705
11,0.948306143283844,0.15533702075481415,0.35343384742736816,4.201291084289551
12,0.9761605858802795,0.07022657245397568,0.5812395215034485,2.978634834289551
13,0.9613550901412964,0.1290530413389206,0.45979899168014526,9.036375045776367
14,0.9352571964263916,0.4155229926109314,0.4187604784965515,32.75815200805664
15,0.961104154586792,0.1737557202577591,0.5619765520095825,3.757688283920288
16,0.9759096503257751,0.1175304427742958,0.5946398377418518,4.522014141082764
17,0.9618569612503052,0.15103067457675934,0.572864294052124,3.415226459503174
18,0.9769134521484375,0.0926523506641388,0.4782244563102722,12.536746978759766
19,0.9723964929580688,0.09223373234272003,0.5209380388259888,2.7460501194000244
20,0.9774153232574463,0.061498306691646576,0.591289758682251,3.0857162475585938
21,0.9922208189964294,0.03248830512166023,0.5661641359329224,4.2383952140808105
22,0.9909661412239075,0.02293381653726101,0.5460636615753174,5.50123405456543
23,0.9897114038467407,0.039399102330207825,0.5477386713027954,5.013312816619873
24,0.9666248559951782,0.16346371173858643,0.43467336893081665,60.216453552246094
