epoch,accuracy,loss,val_accuracy,val_loss
0,0.5558343529701233,1.908769130706787,0.45644891262054443,4.803507328033447
1,0.6336261034011841,1.5346863269805908,0.500837504863739,2.080204963684082
2,0.7136762738227844,1.0763697624206543,0.49413734674453735,1.8775804042816162
3,0.7698870897293091,0.7615323662757874,0.4154103994369507,3.374481678009033
4,0.8235884308815002,0.6493526697158813,0.5134003162384033,1.6403613090515137
5,0.8537013530731201,0.505683958530426,0.520100474357605,2.978152275085449
6,0.902634859085083,0.35375112295150757,0.5577889680862427,3.26066517829895
7,0.9136762619018555,0.3203184902667999,0.49581238627433777,3.09836745262146
8,0.9159347414970398,0.33608531951904297,0.5494137406349182,4.797860622406006
9,0.9442911148071289,0.23444105684757233,0.571189284324646,3.032585620880127
10,0.9322459101676941,0.29615601897239685,0.5812395215034485,4.105130672454834
11,0.942283570766449,0.23269499838352203,0.5485762357711792,6.786870956420898
12,0.9430363774299622,0.22653374075889587,0.5628140568733215,2.764230489730835
13,0.9636135697364807,0.15403971076011658,0.5142378807067871,3.84873628616333
14,0.9676285982131958,0.1567848026752472,0.5041875839233398,4.258433818817139
15,0.9606022834777832,0.19639208912849426,0.45644891262054443,5.7887864112854
16,0.9686324000358582,0.1415688544511795,0.5159128904342651,4.617121696472168
17,0.9678795337677002,0.167046919465065,0.4765494167804718,6.310279369354248
18,0.9741531014442444,0.11810584366321564,0.4916248023509979,6.31630802154541
19,0.9756587147712708,0.13239046931266785,0.519262969493866,6.717635631561279
20,0.9766624569892883,0.10685060918331146,0.5603014826774597,7.4168925285339355
21,0.9769134521484375,0.09952402859926224,0.5284757018089294,6.901543140411377
22,0.9734002351760864,0.14032196998596191,0.4983249604701996,8.910320281982422
23,0.967126727104187,0.1641583889722824,0.5661641359329224,5.091923713684082
24,0.9887076616287231,0.0485043078660965,0.5150753855705261,7.490022659301758
