epoch,accuracy,loss,val_accuracy,val_loss
0,0.5786700248718262,2.0950546264648438,0.48241207003593445,1.9399877786636353
1,0.6250941157341003,1.9334545135498047,0.48241207003593445,96.53805541992188
2,0.7422835826873779,0.7294495105743408,0.4983249604701996,11.080638885498047
3,0.7563362717628479,0.7969986796379089,0.45561137795448303,3.0328242778778076
4,0.7856963872909546,0.7825836539268494,0.5435510873794556,89.04794311523438
5,0.6323713660240173,1.8610889911651611,0.5686767101287842,292.943603515625
6,0.6434127688407898,1.9882848262786865,0.4656616449356079,2085.1845703125
7,0.74153071641922,0.7697387933731079,0.45896148681640625,1.9589314460754395
8,0.7550815343856812,0.7440167665481567,0.3333333432674408,57.69330978393555
9,0.647678792476654,1.5246793031692505,0.48241207003593445,94626.90625
10,0.7071518301963806,0.7395645380020142,0.36180904507637024,2.2382938861846924
11,0.6895859241485596,1.1752156019210815,0.47319933772087097,164.9002685546875
12,0.6717691421508789,0.9799113273620605,0.5477386713027954,30.491971969604492
13,0.7435382604598999,0.6455536484718323,0.6264656782150269,1.3759957551956177
14,0.7623588442802429,0.5676484107971191,0.4907872676849365,2.2579026222229004
15,0.8020075559616089,0.46094581484794617,0.6331658363342285,1.2691535949707031
16,0.8223337531089783,0.5011235475540161,0.64405357837677,1.5029993057250977
17,0.797992467880249,0.5385483503341675,0.37604689598083496,87.05136108398438
18,0.7997490763664246,0.5135916471481323,0.6348408460617065,1.8799443244934082
19,0.8366373777389526,0.42007553577423096,0.6591289639472961,1.5788601636886597
20,0.8542032837867737,0.35954415798187256,0.6197655200958252,1.8733996152877808
21,0.7917189598083496,0.6370500326156616,0.4757118821144104,2.133725166320801
22,0.8115432858467102,0.45236632227897644,0.5477386713027954,2.2412209510803223
23,0.8459222316741943,0.4095403552055359,0.48157453536987305,2.9167771339416504
24,0.8820577263832092,0.3060269057750702,0.5351758599281311,2.1866979598999023
