epoch,accuracy,loss,val_accuracy,val_loss
0,0.461731493473053,17.925872802734375,0.4631490707397461,18.475391387939453
1,0.5106649994850159,3.5971202850341797,0.4773869216442108,1.7194677591323853
2,0.5515683889389038,1.6491034030914307,0.5820770263671875,1.0780949592590332
3,0.5764115452766418,1.0394419431686401,0.4380234479904175,1.2509045600891113
4,0.6260978579521179,0.8097867369651794,0.4648241102695465,2.6702113151550293
5,0.6250941157341003,0.7773399949073792,0.6072027087211609,0.9034025073051453
6,0.6469259858131409,0.7459962368011475,0.49413734674453735,1.047224998474121
7,0.6577164530754089,0.728489100933075,0.5134003162384033,1.0217084884643555
8,0.6775407791137695,0.7330713868141174,0.6113902926445007,0.8582066297531128
9,0.6787954568862915,0.7099643349647522,0.4656616449356079,1.8675897121429443
10,0.6823086738586426,0.6932363510131836,0.5142378807067871,1.07265305519104
11,0.6612296104431152,0.7347479462623596,0.5335008502006531,1.1123402118682861
12,0.6966122984886169,0.6845917701721191,0.5335008502006531,1.3425921201705933
13,0.6501882076263428,0.8116880059242249,0.5971524119377136,0.8960405588150024
14,0.6730238199234009,0.731132984161377,0.6055276393890381,1.0024381875991821
15,0.7011292576789856,0.6651249527931213,0.571189284324646,0.9768486618995667
16,0.48255959153175354,2.5405516624450684,0.4757118821144104,0.9334195256233215
17,0.5021330118179321,1.0194880962371826,0.4673366844654083,0.9696462154388428
18,0.505395233631134,0.9650161862373352,0.4782244563102722,0.9588308930397034
19,0.519447922706604,0.8992899656295776,0.6666666865348816,0.7737489938735962
20,0.5867001414299011,0.8255246877670288,0.4405360221862793,1.8097567558288574
21,0.6080301403999329,0.8474227786064148,0.4539363384246826,1.0631494522094727
22,0.6138017773628235,0.8126848340034485,0.5996649861335754,0.9069322347640991
23,0.635633647441864,0.770099937915802,0.5753768682479858,1.005057692527771
24,0.6388958692550659,0.7689615488052368,0.40033501386642456,1.646173119544983
