epoch,accuracy,loss,val_accuracy,val_loss
0,0.5668757557868958,2.5448813438415527,0.12060301750898361,2.6609721183776855
1,0.6767879724502563,0.7613258361816406,0.12060301750898361,3.2458877563476562
2,0.7345044016838074,0.642739474773407,0.1197654977440834,2.5972821712493896
3,0.7723965048789978,0.521651029586792,0.311557799577713,1.7563090324401855
4,0.8080301284790039,0.5484403371810913,0.33752092719078064,2.373471975326538
5,0.7227101922035217,0.6989596486091614,0.37604689598083496,925.179443359375
6,0.6991217136383057,0.9119338989257812,0.4137353301048279,3810.4033203125
7,0.791969895362854,0.5426093339920044,0.4681742191314697,14.373238563537598
8,0.793224573135376,0.5772008895874023,0.46901172399520874,2.0032591819763184
9,0.8501881957054138,0.3557589054107666,0.5569514036178589,2.7690019607543945
10,0.7563362717628479,0.7930189371109009,0.48241207003593445,1475.314208984375
11,0.8253450393676758,0.4110620319843292,0.5058626532554626,2.363476514816284
12,0.8562107682228088,0.45554229617118835,0.6021775603294373,1.7393378019332886
13,0.8675031661987305,0.3891908526420593,0.3676716983318329,4.174053192138672
14,0.8780426383018494,0.520980179309845,0.31407034397125244,98.42561340332031
15,0.8587201833724976,0.4229702055454254,0.4865996539592743,7.785749435424805
16,0.8642408847808838,1.0417959690093994,0.42127302289009094,5987.80126953125
17,0.8760351538658142,0.5100950598716736,0.591289758682251,4.0023579597473145
18,0.9204517006874084,0.23140043020248413,0.520100474357605,2.897416114807129
19,0.9340025186538696,0.18084624409675598,0.5385259389877319,2.676570177078247
20,0.9329987168312073,0.35589799284935,0.5938023328781128,1.6526628732681274
21,0.9387704133987427,0.24905695021152496,0.48324957489967346,3.7374236583709717
22,0.9583438038825989,0.12418827414512634,0.5787269473075867,3.1693501472473145
23,0.9555834531784058,0.12162527441978455,0.5510887503623962,3.247934579849243
24,0.942283570766449,0.18385031819343567,0.4070351719856262,4.498593807220459
