epoch,accuracy,loss,val_accuracy,val_loss
0,0.4868255853652954,33.480247497558594,0.5041875839233398,1115.778076171875
1,0.499372661113739,1.199466347694397,0.47152429819107056,4.348760604858398
2,0.4895859360694885,1.028420329093933,0.427973210811615,3.5422849655151367
3,0.5076537132263184,1.0119353532791138,0.44639864563941956,1.4912464618682861
4,0.4930991232395172,1.6027148962020874,0.48241207003593445,10506011.0
5,0.45997491478919983,61.053443908691406,0.48241207003593445,61507312.0
6,0.4609786570072174,67.0641098022461,0.5041875839233398,551996.0625
7,0.48858219385147095,42.053672790527344,0.48241207003593445,0.9560012221336365
8,0.48230865597724915,16.597238540649414,0.48241207003593445,0.9641549587249756
9,0.48908406496047974,8.926033973693848,0.48241207003593445,1.010856032371521
10,0.4910915791988373,1.3782343864440918,0.48241207003593445,0.9957717061042786
11,0.49234628677368164,1.0190949440002441,0.48073703050613403,0.964248538017273
12,0.5046424269676208,1.0071995258331299,0.4757118821144104,1.0293941497802734
13,0.5071518421173096,0.9981933832168579,0.47403684258461,1.0181201696395874
14,0.5116687417030334,1.0308279991149902,0.4757118821144104,1.0079585313796997
15,0.511417806148529,1.0151115655899048,0.4773869216442108,1.0412650108337402
16,0.5124216079711914,1.0064431428909302,0.4748743772506714,1.0228694677352905
17,0.5079046487808228,1.001142978668213,0.4748743772506714,1.0153717994689941
18,0.5111668705940247,1.006830096244812,0.4757118821144104,1.0114994049072266
19,0.5109159350395203,1.0026500225067139,0.47319933772087097,1.0266293287277222
20,0.5084065198898315,1.0112611055374146,0.47989949584007263,0.9815829992294312
21,0.5126725435256958,1.001668930053711,0.4757118821144104,0.9703717827796936
22,0.5106649994850159,1.0023692846298218,0.48241207003593445,0.9671047925949097
23,0.505395233631134,1.002305030822754,0.48073703050613403,0.9961715340614319
24,0.5131744146347046,1.0026003122329712,0.47989949584007263,0.9821392893791199
