epoch,accuracy,loss,val_accuracy,val_loss
0,0.4715181887149811,65.70706176757812,0.46063652634620667,1460.7412109375
1,0.46574655175209045,17.909000396728516,0.4631490707397461,101432.84375
2,0.48858219385147095,8.166337013244629,0.48241207003593445,15.04931926727295
3,0.4868255853652954,8.088316917419434,0.4757118821144104,18368.42578125
4,0.49786698818206787,2.3202245235443115,0.48157453536987305,9.157783508300781
5,0.4840652346611023,1.871674656867981,0.48241207003593445,9.262417793273926
6,0.501380205154419,1.1914616823196411,0.47068676352500916,1.1342698335647583
7,0.5028858184814453,0.988421618938446,0.48241207003593445,0.9630634188652039
8,0.5071518421173096,0.9828404188156128,0.48241207003593445,0.9519979357719421
9,0.5016311407089233,1.0024155378341675,0.48241207003593445,1.0389500856399536
10,0.505395233631134,0.9833117723464966,0.48241207003593445,0.9563444256782532
11,0.49510663747787476,0.9797152280807495,0.48241207003593445,1.0112897157669067
12,0.5026348829269409,1.0024610757827759,0.48241207003593445,0.982560396194458
13,0.5043914914131165,0.9726079702377319,0.43467336893081665,0.9610801935195923
14,0.5136762857437134,1.0009589195251465,0.48241207003593445,0.9681813716888428
15,0.4971141815185547,1.0333974361419678,0.427973210811615,1.6150034666061401
16,0.5026348829269409,1.0038058757781982,0.48241207003593445,1.0036815404891968
17,0.5058971047401428,1.0026776790618896,0.48241207003593445,1.0061074495315552
18,0.5056461691856384,1.0011907815933228,0.48241207003593445,0.9804927706718445
19,0.500627338886261,1.0128960609436035,0.4773869216442108,2.7897069454193115
20,0.507402777671814,1.0311102867126465,0.48241207003593445,0.9847145080566406
21,0.5069009065628052,0.99955815076828,0.48241207003593445,0.975857675075531
22,0.5096612572669983,1.0024447441101074,0.48241207003593445,0.9902135133743286
23,0.5136762857437134,1.0020670890808105,0.48241207003593445,1.0010113716125488
24,0.5101631283760071,1.0011333227157593,0.48241207003593445,1.00849449634552
