epoch,accuracy,loss,val_accuracy,val_loss
0,0.45319950580596924,9.004054069519043,0.47236180305480957,306.2102966308594
1,0.5595985054969788,2.3245344161987305,0.312395304441452,35.40553665161133
2,0.6276035308837891,1.6059147119522095,0.4656616449356079,1.8992791175842285
3,0.647678792476654,1.8461569547653198,0.4296482503414154,1.3129994869232178
4,0.6582183241844177,1.8296996355056763,0.5611390471458435,1.0928550958633423
5,0.6820577383041382,1.1071852445602417,0.49413734674453735,45.21723556518555
6,0.6632371544837952,0.9371142387390137,0.570351779460907,7.512303352355957
7,0.6792973875999451,0.9907624125480652,0.5083752274513245,1.337693214416504
8,0.7207026481628418,0.8041229844093323,0.5963149070739746,1.2136987447738647
9,0.7352572083473206,0.7093090415000916,0.7093802094459534,1.5103633403778076
10,0.7272270917892456,0.7550996541976929,0.48241207003593445,175.33596801757812
11,0.7031367421150208,0.7303694486618042,0.5410385131835938,1.5755301713943481
12,0.7495608329772949,0.5978115200996399,0.5778894424438477,1.2918487787246704
13,0.7284818291664124,0.7083057761192322,0.48241207003593445,228.48989868164062
14,0.7420326471328735,0.7282189130783081,0.4765494167804718,1.3769547939300537
15,0.7008783221244812,0.8634276986122131,0.5510887503623962,1.26884925365448
16,0.7633625864982605,0.5971336960792542,0.6683416962623596,1.1760494709014893
17,0.7191969752311707,0.7453944087028503,0.572864294052124,11.232381820678711
18,0.7533249855041504,0.6610754728317261,0.5862646698951721,1.499889612197876
19,0.7510665059089661,0.6108552813529968,0.5217755436897278,1.7244668006896973
20,0.7422835826873779,0.7324997186660767,0.39698493480682373,2.1368231773376465
21,0.7691342830657959,0.6784117221832275,0.4765494167804718,2.0279457569122314
22,0.8042659759521484,0.548416793346405,0.4070351719856262,1.55265474319458
23,0.8092848062515259,0.4895501732826233,0.2529313266277313,5.054165840148926
24,0.8220828175544739,0.46065184473991394,0.3207705318927765,3.1457407474517822
