epoch,accuracy,loss,val_accuracy,val_loss
0,0.5199497938156128,8.603764533996582,0.48324957489967346,30.597074508666992
1,0.6075282096862793,2.4383797645568848,0.48241207003593445,4.620296478271484
2,0.6371392607688904,1.0580600500106812,0.500837504863739,1.0063745975494385
3,0.6810539364814758,0.7397045493125916,0.6909547448158264,1.3339283466339111
4,0.6537013649940491,0.739975094795227,0.49246230721473694,0.9376712441444397
5,0.5799247026443481,1.854886770248413,0.48241207003593445,1951.90576171875
6,0.6489335298538208,1.1632013320922852,0.48241207003593445,1.6835205554962158
7,0.6803011298179626,0.7425369620323181,0.6348408460617065,0.9632442593574524
8,0.6983689069747925,0.6597716212272644,0.5971524119377136,1.6006215810775757
9,0.5628607273101807,3.474734306335449,0.48073703050613403,292921.8125
10,0.6012547016143799,1.8394675254821777,0.4757118821144104,2499.0634765625
11,0.6190715432167053,1.5187819004058838,0.4748743772506714,11.285623550415039
12,0.6258469223976135,1.1727732419967651,0.4396984875202179,4.231206893920898
13,0.6303638815879822,1.171269178390503,0.4899497628211975,1.7693030834197998
14,0.6386449337005615,1.0930049419403076,0.48241207003593445,4.5662078857421875
15,0.6607277393341064,0.7380018830299377,0.4271356761455536,2.5669167041778564
16,0.6928482055664062,0.6598795056343079,0.6122277975082397,2.014896869659424
17,0.7131744027137756,0.7145781517028809,0.5502512454986572,1.880782127380371
18,0.7254705429077148,0.623678982257843,0.3793969750404358,3.0921823978424072
19,0.7156838178634644,0.6746111512184143,0.48241207003593445,3.970827102661133
20,0.7563362717628479,0.6897664666175842,0.34840869903564453,2.9434654712677
21,0.7508155703544617,0.6218509674072266,0.7043551206588745,6.3605217933654785
22,0.7555834650993347,0.6339691877365112,0.48241207003593445,3.825606346130371
23,0.7749059200286865,0.5524677038192749,0.5209380388259888,1.7387598752975464
24,0.785194456577301,0.5428809523582458,0.5217755436897278,1.6835761070251465
