epoch,accuracy,loss,val_accuracy,val_loss
0,0.4416562020778656,11.927599906921387,0.48073703050613403,12.256688117980957
1,0.4797992408275604,1.9628161191940308,0.4673366844654083,1.4527366161346436
2,0.5051442980766296,1.2084304094314575,0.46984925866127014,1.601791501045227
3,0.5279799103736877,0.9545801877975464,0.48073703050613403,1.5995632410049438
4,0.537013828754425,0.9161556959152222,0.5309882760047913,1.4801284074783325
5,0.5405269861221313,0.9188669323921204,0.37604689598083496,2.0142600536346436
6,0.5621079206466675,0.9154123663902283,0.44891121983528137,1.8019710779190063
7,0.5806775689125061,0.890463650226593,0.4899497628211975,1.9451806545257568
8,0.5887076258659363,0.8858509659767151,0.5150753855705261,1.240103006362915
9,0.5984943509101868,0.846362292766571,0.5284757018089294,1.240520715713501
10,0.5826850533485413,1.3842391967773438,0.41206029057502747,3337.68310546875
11,0.5036386251449585,1.2138785123825073,0.4891122281551361,0.9764677286148071
12,0.5217064023017883,0.9816534519195557,0.49413734674453735,0.9925100803375244
13,0.5530740022659302,0.9376657009124756,0.5033500790596008,0.9685313105583191
14,0.5585947036743164,0.9473309516906738,0.5871021747589111,1.051336407661438
15,0.577164351940155,0.9731935858726501,0.6122277975082397,1.0236318111419678
16,0.6080301403999329,0.8126986026763916,0.4078727066516876,1.608962059020996
17,0.6434127688407898,0.7633123397827148,0.6716917753219604,1.226569414138794
18,0.6233375072479248,0.7956427931785583,0.589614748954773,0.8927522301673889
19,0.6361355185508728,0.7344957590103149,0.5385259389877319,1.250100016593933
20,0.6592220664024353,0.7172775864601135,0.3676716983318329,1.4310708045959473
21,0.6506900787353516,0.7270588278770447,0.4882746934890747,1.8354403972625732
22,0.6572145819664001,0.70538330078125,0.5762144327163696,0.9588339924812317
23,0.683814287185669,0.6529684662818909,0.6038525700569153,1.357146978378296
24,0.675784170627594,0.6518935561180115,0.5134003162384033,29.017627716064453
