epoch,accuracy,loss,val_accuracy,val_loss
0,0.5706399083137512,1.5783811807632446,0.48241207003593445,5.684691429138184
1,0.6790464520454407,1.1656337976455688,0.4681742191314697,4.150043964385986
2,0.71543288230896,1.1869699954986572,0.6524288058280945,1.6920815706253052
3,0.8025094270706177,0.6009124517440796,0.5259631276130676,1.720215082168579
4,0.8351317644119263,0.5709595680236816,0.5268006920814514,2.9275941848754883
5,0.8416562080383301,0.5017011761665344,0.43467336893081665,3.315953254699707
6,0.8459222316741943,0.49372825026512146,0.37688443064689636,3.336379289627075
7,0.8567126989364624,0.4284367263317108,0.500837504863739,3.281129837036133
8,0.9166876077651978,0.31986528635025024,0.48241207003593445,2.6700472831726074
9,0.9322459101676941,0.2377472221851349,0.552763819694519,2.547534227371216
10,0.8963613510131836,0.4214646518230438,0.5016750693321228,2.6116840839385986
11,0.9468005299568176,0.2214221954345703,0.6256281137466431,1.431734323501587
12,0.9079046249389648,0.3895806074142456,0.5259631276130676,3.287337303161621
13,0.9427854418754578,0.19913998246192932,0.5343383550643921,2.9261553287506104
14,0.9387704133987427,0.2480493187904358,0.5494137406349182,3.149871587753296
15,0.9583438038825989,0.16305068135261536,0.41206029057502747,5.926762104034424
16,0.9495608806610107,0.2628830373287201,0.44639864563941956,3.2969720363616943
17,0.9764115214347839,0.13170675933361053,0.5452261567115784,3.70334792137146
18,0.9621078968048096,0.1869342178106308,0.5435510873794556,4.103472709655762
19,0.9739021062850952,0.1148541197180748,0.4757118821144104,4.688901424407959
20,0.9789209365844727,0.09320157021284103,0.5318257808685303,5.626923084259033
21,0.9688833355903625,0.1536705493927002,0.48241207003593445,5.955763816833496
22,0.9744040369987488,0.10259751230478287,0.5217755436897278,4.002978324890137
23,0.9505646228790283,0.23705874383449554,0.4438861012458801,3.590566873550415
24,0.973149299621582,0.1566171646118164,0.5301507711410522,4.064651966094971
