epoch,accuracy,loss,val_accuracy,val_loss
0,0.45972397923469543,10.899001121520996,0.48241207003593445,2014207672320.0
1,0.4968632459640503,5.980981826782227,0.48241207003593445,304998.34375
2,0.5708908438682556,1.9694883823394775,0.47152429819107056,3476.28173828125
3,0.5400251150131226,9.110544204711914,0.48241207003593445,536.1898803710938
4,0.5387703776359558,5.87939977645874,0.39614740014076233,6.72716760635376
5,0.5656210780143738,3.4114317893981934,0.2964824140071869,4.7228684425354
6,0.6401505470275879,1.7694631814956665,0.48241207003593445,17.222448348999023
7,0.6823086738586426,1.2359691858291626,0.4045226275920868,1.2892340421676636
8,0.7304893136024475,0.626541793346405,0.3944723606109619,1.5653189420700073
9,0.7242158055305481,0.9608685970306396,0.5996649861335754,0.9399279356002808
10,0.7385194301605225,0.7477477192878723,0.5753768682479858,1.352655053138733
11,0.7583438158035278,0.5597917437553406,0.5552763938903809,2.3602514266967773
12,0.7691342830657959,0.5192606449127197,0.5686767101287842,1.4081436395645142
13,0.7510665059089661,0.5713449716567993,0.3668341636657715,2.6897099018096924
14,0.7347553372383118,0.7128804922103882,0.5871021747589111,2.312991142272949
15,0.7814303636550903,0.4968850910663605,0.6340033411979675,1.367220163345337
16,0.7992472052574158,0.4652208983898163,0.4773869216442108,3.718533754348755
17,0.8030112981796265,0.4599705934524536,0.4790619909763336,3.6238512992858887
18,0.7884567379951477,0.6498945355415344,0.2881072163581848,716.2545776367188
19,0.551066517829895,2.9471096992492676,0.4639866054058075,425.71392822265625
20,0.6097866892814636,1.486364483833313,0.48241207003593445,2.861062526702881
21,0.6579673886299133,0.8092203736305237,0.6180904507637024,1.6871241331100464
22,0.6925972104072571,0.6579709053039551,0.6097152233123779,2.200758934020996
23,0.6958594918251038,0.7454431653022766,0.5108878016471863,2.686093330383301
24,0.6936010122299194,0.7015801668167114,0.5234506130218506,1.592285394668579
