epoch,accuracy,loss,val_accuracy,val_loss
0,0.4614805579185486,5.45182466506958,0.4304857552051544,1.5739985704421997
1,0.48180678486824036,6.344144344329834,0.48241207003593445,22389622.0
2,0.5121706128120422,2.839541435241699,0.5343383550643921,1.0206375122070312
3,0.5548306107521057,1.3665677309036255,0.6289782524108887,0.8806301355361938
4,0.5099121928215027,1.4884716272354126,0.48241207003593445,1.1253249645233154
5,0.5347553491592407,1.2150951623916626,0.4313232898712158,22.15744400024414
6,0.5415307283401489,1.2121089696884155,0.47236180305480957,5.311635494232178
7,0.5513174533843994,1.2525429725646973,0.4765494167804718,1.2362940311431885
8,0.5666248202323914,1.31148099899292,0.5921273231506348,1.0632888078689575
9,0.5688832998275757,1.5034925937652588,0.5167503952980042,1.411719799041748
10,0.5829359889030457,1.543958306312561,0.5335008502006531,0.9938667416572571
11,0.6343789100646973,1.510083556175232,0.518425464630127,1.7221102714538574
12,0.6218318939208984,1.0929787158966064,0.5996649861335754,3.6208128929138184
13,0.6554579734802246,0.8313916325569153,0.5452261567115784,2.187729597091675
14,0.6951066255569458,0.7389580607414246,0.5820770263671875,2.0556676387786865
15,0.6910915970802307,0.745294451713562,0.5067001581192017,12.392236709594727
16,0.6486825346946716,0.8912205696105957,0.35175880789756775,83.95539855957031
17,0.6930991411209106,0.7258067727088928,0.6532663106918335,1.4007498025894165
18,0.6878293752670288,0.7817109823226929,0.623115599155426,1.521796703338623
19,0.6840652227401733,0.7077310681343079,0.6599665284156799,1.3894784450531006
20,0.7116687297821045,0.6842164993286133,0.5242881178855896,2.4571475982666016
21,0.7372647523880005,0.6126000285148621,0.5460636615753174,1.3267072439193726
22,0.7593475580215454,0.5915984511375427,0.357621431350708,2.4130563735961914
23,0.7696361541748047,0.5500422716140747,0.5887772440910339,1.0087074041366577
