epoch,accuracy,loss,val_accuracy,val_loss
0,0.5746549367904663,1.5806485414505005,0.48241207003593445,6.530431747436523
1,0.6810539364814758,1.2461724281311035,0.48241207003593445,5.8214850425720215
2,0.7498117685317993,0.9293419122695923,0.4396984875202179,2.3129196166992188
3,0.7811794281005859,0.7766616940498352,0.6088777184486389,2.1934430599212646
4,0.849686324596405,0.4916304647922516,0.5963149070739746,2.252337694168091
5,0.8820577263832092,0.44490665197372437,0.5251256227493286,2.9648661613464355
6,0.8943538069725037,0.41219666600227356,0.48241207003593445,26.539060592651367
7,0.8680050373077393,0.47210291028022766,0.5402010083198547,2.0045111179351807
8,0.9217063784599304,0.2812482416629791,0.5804020166397095,2.4377498626708984
9,0.9297364950180054,0.3020380735397339,0.6139028668403625,1.5445913076400757
10,0.954328715801239,0.15601585805416107,0.5050251483917236,3.6557908058166504
11,0.962358832359314,0.13200515508651733,0.5603014826774597,3.30584716796875
12,0.9533249735832214,0.15600773692131042,0.5058626532554626,5.46828031539917
13,0.9405269622802734,0.24112610518932343,0.5804020166397095,4.392361164093018
14,0.9555834531784058,0.16157229244709015,0.5502512454986572,3.79618763923645
15,0.9663739204406738,0.14149372279644012,0.5351758599281311,5.1587300300598145
16,0.9480552077293396,0.24730879068374634,0.4430485665798187,5.578306674957275
17,0.9548305869102478,0.19411680102348328,0.5209380388259888,6.13565731048584
18,0.9548305869102478,0.17862971127033234,0.3819095492362976,6.622887134552002
19,0.9583438038825989,0.1942708045244217,0.5477386713027954,17.42885398864746
20,0.9749059081077576,0.10143320262432098,0.5695142149925232,7.043980598449707
21,0.9897114038467407,0.032692790031433105,0.5469011664390564,4.377382755279541
22,0.942283570766449,0.3127543032169342,0.48073703050613403,4.243064880371094
23,0.9734002351760864,0.12256747484207153,0.591289758682251,8.348007202148438
24,0.9781681299209595,0.09500390291213989,0.5259631276130676,6.0526885986328125
