epoch,accuracy,loss,lr,val_accuracy,val_loss
0,0.6209552884101868,0.8119416832923889,0.001,0.26301947236061096,1.9938465356826782
1,0.7827426791191101,0.5274795889854431,0.001,0.26301947236061096,1.7815303802490234
2,0.8195300698280334,0.4517805874347687,0.001,0.6775381565093994,0.8136532306671143
3,0.8260785937309265,0.4241888225078583,0.001,0.6733298301696777,0.758060097694397
4,0.8412942886352539,0.389356404542923,0.001,0.6322987675666809,0.831610381603241
5,0.8476502299308777,0.3803963363170624,0.001,0.7075223326683044,0.7795373201370239
6,0.8541987538337708,0.3577064871788025,0.001,0.6806943416595459,0.8941065669059753
7,0.85920649766922,0.3477306365966797,0.001,0.7059442400932312,0.8065103888511658
8,0.8680662512779236,0.3315693736076355,0.001,0.654392421245575,0.821834921836853
9,0.8790447115898132,0.30573537945747375,0.001,0.6906890869140625,0.9699380993843079
10,0.8886748552322388,0.28766337037086487,0.001,0.7012099027633667,0.9612875580787659
11,0.8861710429191589,0.2816391885280609,0.001,0.7190952301025391,0.8767253160476685
12,0.8873266577720642,0.29399374127388,0.001,0.7101525664329529,1.007069706916809
13,0.8983050584793091,0.2582491636276245,0.001,0.6938453316688538,1.0790295600891113
14,0.8992680907249451,0.26270416378974915,0.001,0.5355076193809509,1.3738811016082764
15,0.8986902832984924,0.26154884696006775,0.001,0.6959494948387146,1.040903091430664
16,0.9035053849220276,0.2342987060546875,0.001,0.6775381565093994,1.0079715251922607
17,0.9098613262176514,0.2386026531457901,0.001,0.6896370053291321,1.162718415260315
18,0.9077426791191101,0.24613811075687408,0.001,0.669121503829956,0.9417649507522583
19,0.9241140484809875,0.19564293324947357,0.0003,0.6938453316688538,0.962645947933197
20,0.9216101765632629,0.1915268450975418,0.0003,0.7127827405929565,1.0523816347122192
21,0.9239214062690735,0.19045841693878174,0.0003,0.6628090739250183,1.0009760856628418
22,0.9241140484809875,0.19786445796489716,0.0003,0.6438716650009155,1.115038514137268
23,0.9244992136955261,0.20247159898281097,0.0003,0.7085744142532349,1.0160542726516724
24,0.9308551549911499,0.1829386204481125,0.0003,0.6980536580085754,1.0341074466705322
25,0.929121732711792,0.18007466197013855,0.0003,0.7075223326683044,0.967447817325592
26,0.9289291501045227,0.1901467740535736,0.0003,0.6896370053291321,1.088553786277771
27,0.9270030856132507,0.18324774503707886,0.0003,0.6822724938392639,1.0923212766647339
28,0.9275808930397034,0.18236330151557922,0.0003,0.6880589127540588,1.0545753240585327
29,0.9279661178588867,0.18865758180618286,0.0003,0.6712256669998169,1.0256915092468262
30,0.9218027591705322,0.19250541925430298,0.0003,0.665439248085022,1.0453383922576904
31,0.9320107698440552,0.1704256236553192,0.0003,0.674907922744751,0.9924996495246887
32,0.9314329624176025,0.16921691596508026,0.0003,0.6906890869140625,1.0412957668304443
33,0.9304699301719666,0.17516574263572693,0.0003,0.6896370053291321,1.04348623752594
34,0.9322034120559692,0.16236011683940887,9e-05,0.6870068311691284,1.063810110092163
35,0.9350924491882324,0.16587521135807037,9e-05,0.6891109943389893,1.0714218616485596
36,0.937403678894043,0.16238754987716675,9e-05,0.6959494948387146,1.1344859600067139
37,0.9323959946632385,0.16539132595062256,9e-05,0.6996317505836487,1.0368131399154663
38,0.9372110962867737,0.16364440321922302,9e-05,0.685954749584198,1.0628139972686768
39,0.9275808930397034,0.1745612472295761,9e-05,0.6901630759239197,1.0428951978683472
40,0.9356702566146851,0.1658574789762497,9e-05,0.6843766570091248,1.0728678703308105
41,0.9343220591545105,0.1620466560125351,9e-05,0.6806943416595459,1.0952180624008179
42,0.9406779408454895,0.15489502251148224,9e-05,0.6880589127540588,1.1093300580978394
43,0.9350924491882324,0.16316701471805573,9e-05,0.6675434112548828,1.0713980197906494
44,0.9368258714675903,0.15706683695316315,9e-05,0.6938453316688538,1.1095868349075317
45,0.9354776740074158,0.1648295521736145,9e-05,0.6985796689987183,1.0631650686264038
46,0.937403678894043,0.15965868532657623,9e-05,0.6849026679992676,1.0739995241165161
47,0.9348998665809631,0.16245774924755096,9e-05,0.7001578211784363,1.138136863708496
48,0.9401001334190369,0.15923753380775452,9e-05,0.6933193206787109,1.059225082397461
49,0.9387519359588623,0.15856920182704926,2.7e-05,0.6896370053291321,1.0816981792449951
