epoch,accuracy,loss,lr,val_accuracy,val_loss
0,0.597072422504425,0.8432776927947998,0.001,0.26301947236061096,1.8994914293289185
1,0.7663713693618774,0.5460336804389954,0.001,0.26301947236061096,2.109503984451294
2,0.7954545617103577,0.49767041206359863,0.001,0.5260389447212219,1.011469841003418
3,0.8027734756469727,0.47661399841308594,0.001,0.578116774559021,0.9479968547821045
4,0.831278920173645,0.41587549448013306,0.001,0.6796423196792603,0.8339320421218872
5,0.8341679573059082,0.3927834630012512,0.001,0.6238821744918823,0.9372646808624268
6,0.8330123424530029,0.38708096742630005,0.001,0.6301946640014648,1.028150200843811
7,0.8443759679794312,0.3608286380767822,0.001,0.6307206749916077,0.9656428694725037
8,0.8461093902587891,0.3575130105018616,0.001,0.6349290013313293,1.0135283470153809
9,0.8387904763221741,0.3903852105140686,0.001,0.7211993932723999,0.7559423446655273
10,0.8545839786529541,0.34735873341560364,0.001,0.6843766570091248,0.9966326951980591
11,0.8609399199485779,0.33442842960357666,0.001,0.6296685934066772,0.910908579826355
12,0.875963032245636,0.2991359233856201,0.001,0.637559175491333,0.9437921047210693
13,0.8732665777206421,0.31738027930259705,0.001,0.6975275874137878,0.9619577527046204
14,0.8815485239028931,0.29762664437294006,0.001,0.6922672390937805,1.059747576713562
15,0.884437620639801,0.2975046634674072,0.001,0.6880589127540588,0.9471312761306763
16,0.8859784007072449,0.28362736105918884,0.001,0.644923746585846,1.046130657196045
17,0.8830893635749817,0.29236868023872375,0.001,0.6475539207458496,0.9300944209098816
18,0.9004237055778503,0.25338342785835266,0.001,0.609679102897644,0.9868695735931396
19,0.8948382139205933,0.2680603265762329,0.001,0.6680694222450256,1.0385785102844238
20,0.8990755081176758,0.2516171336174011,0.001,0.6601788401603699,0.9011186957359314
21,0.902157187461853,0.2341025024652481,0.001,0.6664913296699524,0.9469091892242432
22,0.8973420858383179,0.2542986571788788,0.001,0.6480799317359924,1.0072243213653564
23,0.9048536419868469,0.2326626032590866,0.001,0.6754339933395386,0.9542086124420166
24,0.9027349948883057,0.23058545589447021,0.001,0.6743819117546082,1.1715242862701416
25,0.9167950749397278,0.21001888811588287,0.0003,0.6533403396606445,1.1132334470748901
26,0.9173728823661804,0.20932526886463165,0.0003,0.6896370053291321,1.0850802659988403
27,0.9175654649734497,0.20231693983078003,0.0003,0.658074676990509,1.0881882905960083
28,0.9175654649734497,0.21260230243206024,0.0003,0.6738558411598206,1.2904417514801025
29,0.9214175939559937,0.19937081634998322,0.0003,0.6717517375946045,1.22865891456604
30,0.9218027591705322,0.20302444696426392,0.0003,0.658074676990509,1.0692514181137085
31,0.9214175939559937,0.1907002180814743,0.0003,0.64860600233078,1.1501145362854004
32,0.9202619194984436,0.19543085992336273,0.0003,0.5833771824836731,1.3611632585525513
33,0.920647144317627,0.19563452899456024,0.0003,0.6680694222450256,1.2826977968215942
34,0.9270030856132507,0.18732616305351257,0.0003,0.6712256669998169,1.2220865488052368
35,0.9316256046295166,0.17943359911441803,0.0003,0.6696475744247437,1.3556703329086304
36,0.9239214062690735,0.18105106055736542,0.0003,0.676486074924469,1.1750307083129883
37,0.9310477375984192,0.177242711186409,0.0003,0.654392421245575,1.1345659494400024
38,0.9239214062690735,0.18653127551078796,0.0003,0.6675434112548828,1.0505162477493286
39,0.9279661178588867,0.1802920252084732,0.0003,0.6407154202461243,1.1704226732254028
40,0.928158700466156,0.17911003530025482,9e-05,0.6628090739250183,1.1667722463607788
41,0.9333590269088745,0.16625934839248657,9e-05,0.6643871665000916,1.2469037771224976
42,0.9295069575309753,0.17289623618125916,9e-05,0.6675434112548828,1.1831024885177612
43,0.9343220591545105,0.1701013594865799,9e-05,0.6591267585754395,1.1636706590652466
44,0.9347072243690491,0.16490821540355682,9e-05,0.6570225954055786,1.1754933595657349
45,0.9337441921234131,0.16446688771247864,9e-05,0.6575486660003662,1.1120744943618774
46,0.930084764957428,0.17678576707839966,9e-05,0.6643871665000916,1.1240280866622925
47,0.9302773475646973,0.1709955930709839,9e-05,0.6564965844154358,1.143487811088562
48,0.9308551549911499,0.16844649612903595,9e-05,0.6628090739250183,1.1647131443023682
49,0.9325885772705078,0.16542281210422516,9e-05,0.6670173406600952,1.1558723449707031
