epoch,accuracy,loss,lr,val_accuracy,val_loss
0,0.6219183206558228,0.8014114499092102,0.001,0.26301947236061096,1.8988977670669556
1,0.7840909361839294,0.516535758972168,0.001,0.26301947236061096,1.675315022468567
2,0.8068181872367859,0.4547365605831146,0.001,0.539189875125885,0.9387197494506836
3,0.830123245716095,0.41600608825683594,0.001,0.5754866003990173,0.950128972530365
4,0.8372496366500854,0.3932756185531616,0.001,0.687532901763916,0.7476252317428589
5,0.8464946150779724,0.36324942111968994,0.001,0.7222514748573303,0.7279958724975586
6,0.8568952083587646,0.33663272857666016,0.001,0.7117306590080261,0.7454379796981812
7,0.8624807596206665,0.33273687958717346,0.001,0.7464492321014404,0.6875421404838562
8,0.8620955348014832,0.3281257152557373,0.001,0.6401893496513367,0.9180902242660522
9,0.8538135886192322,0.33674356341362,0.001,0.6659652590751648,0.7774240970611572
10,0.8794298768043518,0.2956911027431488,0.001,0.6827985048294067,0.7618537545204163
11,0.8811632990837097,0.2824314832687378,0.001,0.6533403396606445,0.8232834339141846
12,0.89079350233078,0.2713664770126343,0.001,0.6806943416595459,0.905573308467865
13,0.8952234387397766,0.2671714425086975,0.001,0.5291951894760132,1.4384845495224
14,0.8975346684455872,0.25627294182777405,0.001,0.6733298301696777,0.8424208164215088
15,0.9092835187911987,0.23478564620018005,0.001,0.7148869037628174,0.9166510105133057
16,0.9033128023147583,0.24662341177463531,0.001,0.669121503829956,0.9637848734855652
17,0.9115947484970093,0.21864718198776245,0.001,0.6896370053291321,0.9741942882537842
18,0.9181432723999023,0.21544718742370605,0.001,0.7059442400932312,1.0512127876281738
19,0.919876754283905,0.21230335533618927,0.001,0.60599684715271,1.1239935159683228
20,0.9140986204147339,0.22105805575847626,0.001,0.6801683306694031,0.9698211550712585
21,0.9152542352676392,0.2089081108570099,0.001,0.64860600233078,1.1396156549453735
22,0.9192989468574524,0.20765404403209686,0.001,0.7254076600074768,0.8768084049224854
23,0.9335516095161438,0.16883039474487305,0.0003,0.6827985048294067,0.9631814956665039
24,0.9348998665809631,0.16139891743659973,0.0003,0.7101525664329529,1.062559723854065
25,0.9347072243690491,0.17386028170585632,0.0003,0.6833245754241943,0.9104459881782532
26,0.9379814863204956,0.16078923642635345,0.0003,0.6985796689987183,1.1368696689605713
27,0.9410631656646729,0.1607939749956131,0.0003,0.6959494948387146,1.0536737442016602
28,0.9395223259925842,0.15460820496082306,0.0003,0.697001576423645,1.0485538244247437
29,0.9364407062530518,0.1608484983444214,0.0003,0.6933193206787109,1.047989010810852
30,0.9389445185661316,0.15752814710140228,0.0003,0.6775381565093994,1.0585871934890747
31,0.9427965879440308,0.15197908878326416,0.0003,0.6912151575088501,1.0640556812286377
32,0.9372110962867737,0.15640030801296234,0.0003,0.6891109943389893,1.1679880619049072
33,0.9439522624015808,0.14560097455978394,0.0003,0.6891109943389893,1.1931365728378296
34,0.9391371607780457,0.1573701947927475,0.0003,0.6738558411598206,1.095778226852417
35,0.9397149682044983,0.15932393074035645,0.0003,0.6575486660003662,1.1328222751617432
36,0.9402927756309509,0.16114060580730438,0.0003,0.7101525664329529,0.988832950592041
37,0.9416409730911255,0.153914213180542,0.0003,0.6801683306694031,1.0579878091812134
38,0.9433743953704834,0.14569468796253204,9e-05,0.6838505864143372,1.0642858743667603
39,0.9483821392059326,0.13189765810966492,9e-05,0.6717517375946045,1.053922176361084
40,0.9453004598617554,0.1444109082221985,9e-05,0.6922672390937805,1.1044864654541016
41,0.9437596201896667,0.14174698293209076,9e-05,0.6985796689987183,1.124805212020874
42,0.9514638185501099,0.12754563987255096,9e-05,0.7069963216781616,1.160480260848999
43,0.9472265243530273,0.1339167207479477,9e-05,0.6943714022636414,1.0947293043136597
44,0.94780433177948,0.13621379435062408,9e-05,0.6912151575088501,1.1398723125457764
45,0.9470338821411133,0.1418222188949585,9e-05,0.6938453316688538,1.081406831741333
46,0.9453004598617554,0.13515350222587585,9e-05,0.6849026679992676,1.0720875263214111
47,0.9501155614852905,0.13534769415855408,9e-05,0.708048403263092,1.1799103021621704
48,0.9516564011573792,0.12774205207824707,9e-05,0.6912151575088501,1.0927846431732178
49,0.9474191069602966,0.1337258517742157,9e-05,0.6948974132537842,1.065792202949524
