epoch,accuracy,loss,lr,val_accuracy,val_loss
0,0.8149075508117676,0.448258638381958,0.001,0.18306154012680054,2.331284999847412
1,0.9004237055778503,0.2630760669708252,0.001,0.18358758091926575,2.6559371948242188
2,0.9056240320205688,0.23427580296993256,0.001,0.5144660472869873,1.8396053314208984
3,0.9368258714675903,0.1757165640592575,0.001,0.48342975974082947,2.69600772857666
4,0.9364407062530518,0.16516050696372986,0.001,0.5307732820510864,1.8214272260665894
5,0.9345146417617798,0.17149806022644043,0.001,0.5597054362297058,3.7284817695617676
6,0.9381741285324097,0.16501057147979736,0.001,0.5433982014656067,2.391050100326538
7,0.9497303366661072,0.1360984742641449,0.001,0.5249868631362915,2.654979705810547
8,0.9445300698280334,0.1472325325012207,0.001,0.5712782740592957,2.277418613433838
9,0.9497303366661072,0.13393747806549072,0.001,0.6365070939064026,1.842894434928894
10,0.955123245716095,0.12715359032154083,0.001,0.7033140659332275,0.9583190083503723
11,0.9497303366661072,0.13159452378749847,0.001,0.5728563666343689,3.7745935916900635
12,0.9622496366500854,0.10515706986188889,0.001,0.7259337306022644,0.8253909349441528
13,0.9651386737823486,0.09397904574871063,0.001,0.6901630759239197,0.9319090247154236
14,0.96359783411026,0.10099806636571884,0.001,0.5244607925415039,3.4829721450805664
15,0.9676425457000732,0.09062275290489197,0.001,0.7922146320343018,0.9357916712760925
16,0.9693759679794312,0.08244223147630692,0.001,0.7048921585083008,1.1010483503341675
17,0.9707241654396057,0.08373843133449554,0.001,0.713834822177887,1.6035865545272827
18,0.9709168076515198,0.07783601433038712,0.001,0.5113098621368408,2.3532555103302
19,0.973035454750061,0.07649960368871689,0.001,0.7369805574417114,1.6697667837142944
20,0.9734206199645996,0.07982680946588516,0.001,0.6906890869140625,0.8965949416160583
21,0.9780431389808655,0.06297315657138824,0.001,0.7716991305351257,1.2143299579620361
22,0.9768875241279602,0.06783334910869598,0.001,0.5134139657020569,2.664637804031372
23,0.9768875241279602,0.07047000527381897,0.001,0.7001578211784363,1.2551015615463257
24,0.9818952083587646,0.06078362092375755,0.001,0.567069947719574,2.714686632156372
25,0.9815100431442261,0.06084560975432396,0.001,0.717517077922821,1.6338917016983032
26,0.9765022993087769,0.06840970367193222,0.001,0.6517622470855713,1.9324946403503418
27,0.983243465423584,0.05065486952662468,0.001,0.7143608331680298,2.2190887928009033
28,0.9886363744735718,0.030684346333146095,0.0003,0.7169910669326782,1.833314061164856
29,0.9903697967529297,0.028520502150058746,0.0003,0.7380326390266418,1.8028005361557007
30,0.9895994067192078,0.033137209713459015,0.0003,0.7254076600074768,1.1753380298614502
31,0.990755021572113,0.028418349102139473,0.0003,0.7275118231773376,1.586028814315796
32,0.9911401867866516,0.027371175587177277,0.0003,0.762230396270752,1.9516689777374268
33,0.990562379360199,0.03154255822300911,0.0003,0.7543398141860962,1.5534266233444214
34,0.9928736686706543,0.02599990740418434,0.0003,0.7611783146858215,1.4264533519744873
35,0.9901772141456604,0.03345601260662079,0.0003,0.6738558411598206,2.890990972518921
36,0.9922958612442017,0.02291196584701538,0.0003,0.7669647336006165,1.3402280807495117
37,0.9940292835235596,0.021627839654684067,0.0003,0.7164649963378906,1.5183241367340088
38,0.9942218661308289,0.020903952419757843,0.0003,0.7354024052619934,2.648597240447998
39,0.9921032190322876,0.022329673171043396,0.0003,0.7206733226776123,2.625349998474121
40,0.9911401867866516,0.028713135048747063,0.0003,0.6659652590751648,3.0908656120300293
41,0.992488443851471,0.027809083461761475,0.0003,0.6833245754241943,2.5330278873443604
42,0.9921032190322876,0.023499377071857452,0.0003,0.7669647336006165,2.027334690093994
43,0.9942218661308289,0.019968237727880478,9e-05,0.7354024052619934,1.740010380744934
44,0.9949923157691956,0.018162380903959274,9e-05,0.7375065684318542,1.7588138580322266
45,0.9957627058029175,0.014992345124483109,9e-05,0.756443977355957,1.7495867013931274
46,0.9953774809837341,0.014457969926297665,9e-05,0.7574960589408875,1.7911115884780884
47,0.9942218661308289,0.018834345042705536,9e-05,0.752761721611023,1.6936805248260498
48,0.9955701231956482,0.014335720799863338,9e-05,0.7422409057617188,2.0090301036834717
49,0.9955701231956482,0.014154961332678795,9e-05,0.746975302696228,1.6547305583953857
