epoch,accuracy,loss,lr,val_accuracy,val_loss
0,0.8083590269088745,0.44392111897468567,0.001,0.13361388444900513,2.2521793842315674
1,0.8940678238868713,0.2623290419578552,0.001,0.23198316991329193,3.179124116897583
2,0.9167950749397278,0.2113078534603119,0.001,0.4997369945049286,1.2896074056625366
3,0.9341294169425964,0.17506344616413116,0.001,0.5681220293045044,2.774775266647339
4,0.9395223259925842,0.1597706377506256,0.001,0.4844818413257599,1.7900868654251099
5,0.9406779408454895,0.15734010934829712,0.001,0.5128879547119141,2.879373550415039
6,0.944915235042572,0.1501103937625885,0.001,0.6849026679992676,0.9995043277740479
7,0.9460708498954773,0.15075787901878357,0.001,0.46238821744918823,2.235731363296509
8,0.9462634921073914,0.1381503790616989,0.001,0.5533929467201233,3.3067705631256104
9,0.9572418928146362,0.11751165241003036,0.001,0.461862176656723,2.5516037940979004
10,0.9593605399131775,0.10540653765201569,0.001,0.5433982014656067,2.3685922622680664
11,0.9647534489631653,0.10062442719936371,0.001,0.6833245754241943,1.2358474731445312
12,0.9620569944381714,0.09728161990642548,0.001,0.5118358731269836,2.38619065284729
13,0.9591679573059082,0.11435685306787491,0.001,0.7364544868469238,1.1502556800842285
14,0.9687981605529785,0.09574885666370392,0.001,0.5539190173149109,1.685668706893921
15,0.9722650051116943,0.08190479129552841,0.001,0.6812204122543335,1.1813580989837646
16,0.9722650051116943,0.07478587329387665,0.001,0.7196212410926819,1.0271224975585938
17,0.9716871976852417,0.07408328354358673,0.001,0.795370876789093,0.9386934638023376
18,0.973805844783783,0.08117915689945221,0.001,0.5349816083908081,3.589984178543091
19,0.9765022993087769,0.0716208666563034,0.001,0.6586007475852966,1.6239004135131836
20,0.973805844783783,0.07467355579137802,0.001,0.5023671984672546,2.2919414043426514
21,0.9753466844558716,0.07121158391237259,0.001,0.6349290013313293,1.5481739044189453
22,0.981317400932312,0.059000905603170395,0.001,0.6191478371620178,2.0216777324676514
23,0.9828582406044006,0.05334334075450897,0.001,0.7853761315345764,1.4607247114181519
24,0.982280433177948,0.053337812423706055,0.001,0.5597054362297058,2.310096502304077
25,0.9807395935058594,0.05816658213734627,0.001,0.6854287385940552,2.7689907550811768
26,0.9736132621765137,0.08629205822944641,0.001,0.5071015357971191,3.208817958831787
27,0.9786209464073181,0.06429002434015274,0.001,0.7180431485176086,1.1363842487335205
28,0.9882511496543884,0.034530241042375565,0.001,0.6906890869140625,1.2858153581619263
29,0.981317400932312,0.054506391286849976,0.001,0.7306680679321289,1.5101004838943481
30,0.9911401867866516,0.03220222145318985,0.001,0.6317727565765381,1.5684551000595093
31,0.9441448450088501,0.18676280975341797,0.001,0.6649131774902344,1.8534846305847168
32,0.9772727489471436,0.06965911388397217,0.001,0.7648605704307556,1.0089342594146729
33,0.9857472777366638,0.04062206298112869,0.0003,0.7722251415252686,0.7512838840484619
34,0.9892141819000244,0.036587100476026535,0.0003,0.7859021425247192,1.3746682405471802
35,0.9911401867866516,0.026753637939691544,0.0003,0.7290899753570557,1.7777719497680664
36,0.990562379360199,0.033452924340963364,0.0003,0.752761721611023,1.2952734231948853
37,0.991718053817749,0.02616305649280548,0.0003,0.7385586500167847,1.375051736831665
38,0.991525411605835,0.02620892971754074,0.0003,0.734350323677063,1.6721205711364746
39,0.9934514760971069,0.021252231672406197,0.0003,0.7317201495170593,1.5386511087417603
40,0.9922958612442017,0.022514045238494873,0.0003,0.7769594788551331,1.4062281847000122
41,0.9913328289985657,0.023235028609633446,0.0003,0.6491320133209229,1.5330801010131836
42,0.9946070909500122,0.017947159707546234,0.0003,0.7448711395263672,1.4375725984573364
43,0.9942218661308289,0.021263474598526955,0.0003,0.7406628131866455,1.31663179397583
44,0.9932588338851929,0.020002229139208794,0.0003,0.7406628131866455,2.1237802505493164
45,0.9911401867866516,0.02639514021575451,0.0003,0.7311940789222717,1.9505373239517212
46,0.9928736686706543,0.021235711872577667,0.0003,0.5928458571434021,2.0826926231384277
47,0.9909476041793823,0.026785707101225853,0.0003,0.7269858121871948,1.8404486179351807
48,0.9944145083427429,0.016878247261047363,0.0003,0.713834822177887,3.2499847412109375
49,0.9944145083427429,0.018520893529057503,9e-05,0.7190952301025391,1.473569393157959
