epoch,accuracy,loss,lr,val_accuracy,val_loss
0,0.7754237055778503,0.49461737275123596,0.001,0.26301947236061096,2.885146379470825
1,0.8775038719177246,0.2963212728500366,0.001,0.28195685148239136,2.5118613243103027
2,0.9110169410705566,0.2417774647474289,0.001,0.4907943308353424,2.0471770763397217
3,0.9248844385147095,0.19839733839035034,0.001,0.5291951894760132,2.377603530883789
4,0.9296995401382446,0.19665001332759857,0.001,0.4660705029964447,2.2384591102600098
5,0.9377889037132263,0.167628675699234,0.001,0.5549710392951965,1.9936127662658691
6,0.9427965879440308,0.15059567987918854,0.001,0.540768027305603,2.3371593952178955
7,0.9516564011573792,0.13076962530612946,0.001,0.7122567296028137,0.9080128073692322
8,0.9399075508117676,0.15780547261238098,0.001,0.5981062650680542,1.4935413599014282
9,0.9568567276000977,0.11254420876502991,0.001,0.557601273059845,3.0445024967193604
10,0.9451078772544861,0.14323098957538605,0.001,0.5586533546447754,2.085439443588257
11,0.9485747218132019,0.1304226666688919,0.001,0.5470804572105408,2.5897045135498047
12,0.9599383473396301,0.11082954704761505,0.001,0.6806943416595459,1.1915712356567383
13,0.9605161547660828,0.10724151879549026,0.001,0.6591267585754395,1.5591906309127808
14,0.9603235721588135,0.10203400254249573,0.001,0.6601788401603699,1.4245474338531494
15,0.9591679573059082,0.11054114252328873,0.001,0.5954760909080505,2.8854644298553467
16,0.9659090638160706,0.08740134537220001,0.001,0.7169910669326782,1.4898998737335205
17,0.9716871976852417,0.08220179378986359,0.001,0.6196738481521606,1.5477880239486694
18,0.9661017060279846,0.08703763037919998,0.001,0.7059442400932312,1.2836308479309082
19,0.9661017060279846,0.09518012404441833,0.001,0.5549710392951965,1.9107568264007568
20,0.9716871976852417,0.08020760864019394,0.001,0.6091530919075012,1.3007985353469849
21,0.9707241654396057,0.07514094561338425,0.001,0.5318253636360168,1.952964186668396
22,0.973998486995697,0.07221424579620361,0.001,0.6880589127540588,0.9991240501403809
23,0.9815100431442261,0.05092823505401611,0.0003,0.6880589127540588,1.1616148948669434
24,0.983243465423584,0.045890629291534424,0.0003,0.7390847206115723,1.2612571716308594
25,0.9849768877029419,0.045559145510196686,0.0003,0.6806943416595459,1.6671394109725952
26,0.9851694703102112,0.04161316156387329,0.0003,0.6770120859146118,1.8510591983795166
27,0.9847843050956726,0.04026712849736214,0.0003,0.7180431485176086,1.6299190521240234
28,0.9849768877029419,0.046807996928691864,0.0003,0.7375065684318542,1.1429498195648193
29,0.9853621125221252,0.04320422559976578,0.0003,0.5470804572105408,2.199820041656494
30,0.9865177273750305,0.03862818703055382,0.0003,0.7101525664329529,1.6900794506072998
31,0.9878659248352051,0.036119502037763596,0.0003,0.7222514748573303,1.6291667222976685
32,0.9884437322616577,0.035760682076215744,0.0003,0.7669647336006165,1.4441447257995605
33,0.9880585670471191,0.03630237653851509,0.0003,0.734350323677063,1.4909290075302124
34,0.9894067645072937,0.03180214762687683,0.0003,0.7669647336006165,1.4922672510147095
35,0.9888289570808411,0.03416190296411514,0.0003,0.723303496837616,1.3590928316116333
36,0.9888289570808411,0.03703783079981804,0.0003,0.6833245754241943,2.013327121734619
37,0.9903697967529297,0.03278719633817673,0.0003,0.7164649963378906,1.2825384140014648
38,0.9928736686706543,0.027467824518680573,9e-05,0.7464492321014404,1.3723164796829224
39,0.9922958612442017,0.02605934999883175,9e-05,0.7574960589408875,1.386092185974121
40,0.9901772141456604,0.028020726516842842,9e-05,0.7553918957710266,1.6078364849090576
41,0.9901772141456604,0.026546049863100052,9e-05,0.735928475856781,1.4305943250656128
42,0.9899845719337463,0.02769692987203598,9e-05,0.7490794062614441,1.452913761138916
43,0.9930662512779236,0.021948466077446938,9e-05,0.7522356510162354,1.5102006196975708
44,0.9944145083427429,0.019084682688117027,9e-05,0.7601262331008911,1.670975923538208
45,0.9928736686706543,0.020145077258348465,9e-05,0.7532877326011658,1.7803932428359985
46,0.9919106364250183,0.023009227588772774,9e-05,0.723303496837616,1.4971672296524048
47,0.9911401867866516,0.025718992576003075,9e-05,0.7538138031959534,1.506432294845581
48,0.9930662512779236,0.0207204706966877,9e-05,0.7611783146858215,1.74490225315094
49,0.9930662512779236,0.021933961659669876,9e-05,0.7354024052619934,1.4868253469467163
