epoch,accuracy,loss,lr,val_accuracy,val_loss
0,0.8430277109146118,0.390089213848114,0.001,0.25460284948349,2.286893606185913
1,0.9256548285484314,0.21358655393123627,0.001,0.2582851052284241,6.3536176681518555
2,0.9404853582382202,0.15800829231739044,0.001,0.6407154202461243,1.6118760108947754
3,0.9437596201896667,0.16080611944198608,0.001,0.6438716650009155,0.822797417640686
4,0.9541602730751038,0.1245536059141159,0.001,0.7406628131866455,0.8392314314842224
5,0.9591679573059082,0.11656063050031662,0.001,0.6254602670669556,2.141751289367676
6,0.9593605399131775,0.12043335288763046,0.001,0.7385586500167847,1.1316709518432617
7,0.9670647382736206,0.09328711032867432,0.001,0.7275118231773376,1.901835560798645
8,0.973035454750061,0.0782850906252861,0.001,0.7022619843482971,1.6689399480819702
9,0.9745762944221497,0.07732626795768738,0.001,0.7864282131195068,0.762407124042511
10,0.9805470108985901,0.05280064791440964,0.001,0.7254076600074768,1.6033382415771484
11,0.9745762944221497,0.06974779814481735,0.001,0.7317201495170593,1.1740020513534546
12,0.973805844783783,0.07773271203041077,0.001,0.7133088111877441,2.356837034225464
13,0.9828582406044006,0.049729082733392715,0.001,0.7306680679321289,1.5169790983200073
14,0.9884437322616577,0.033142611384391785,0.001,0.7880063056945801,1.2850911617279053
15,0.982280433177948,0.04980582371354103,0.001,0.7880063056945801,1.0044828653335571
16,0.9892141819000244,0.03896978870034218,0.001,0.5860073566436768,3.7938637733459473
17,0.9865177273750305,0.04353439062833786,0.001,0.64860600233078,1.7415575981140137
18,0.990562379360199,0.034820593893527985,0.001,0.5854813456535339,3.0347280502319336
19,0.9947996735572815,0.020577890798449516,0.001,0.7738032341003418,1.5862830877304077
20,0.9901772141456604,0.03126638010144234,0.001,0.6954234838485718,2.9188246726989746
21,0.991525411605835,0.031677134335041046,0.001,0.644923746585846,2.19423246383667
22,0.9884437322616577,0.034720759838819504,0.001,0.7806417942047119,1.4379390478134155
23,0.9921032190322876,0.022272607311606407,0.001,0.6301946640014648,2.9254565238952637
24,0.9944145083427429,0.01888844184577465,0.001,0.7653866410255432,1.7440178394317627
25,0.9946070909500122,0.019740402698516846,0.0003,0.7385586500167847,1.9579651355743408
26,0.9978813529014587,0.008552285842597485,0.0003,0.7816938161849976,1.4938980340957642
27,0.9967257380485535,0.01003710925579071,0.0003,0.7874802947044373,1.582747220993042
28,0.9984591603279114,0.006793984677642584,0.0003,0.7706470489501953,1.4713799953460693
29,0.9988443851470947,0.008828282356262207,0.0003,0.7801157236099243,1.5312601327896118
30,0.9978813529014587,0.006887121591717005,0.0003,0.7943187952041626,1.7605048418045044
31,0.998073935508728,0.007460460998117924,0.0003,0.7390847206115723,2.314415216445923
32,0.9974961280822754,0.009525150991976261,0.0003,0.7348763942718506,2.0334205627441406
33,0.9969183206558228,0.008895596489310265,0.0003,0.7348763942718506,1.9990234375
34,0.9978813529014587,0.008766851387917995,0.0003,0.8132562041282654,1.5140736103057861
35,0.9978813529014587,0.00717795779928565,0.0003,0.793792724609375,1.352654218673706
36,0.9973035454750061,0.009416591376066208,0.0003,0.7164649963378906,1.845009207725525
37,0.9988443851470947,0.004349612630903721,0.0003,0.7922146320343018,1.4725676774978638
38,0.9976887702941895,0.0075094085186719894,0.0003,0.765912652015686,2.0493690967559814
39,0.9973035454750061,0.009281894192099571,0.0003,0.8037874698638916,2.0668466091156006
40,0.999036967754364,0.006501809228211641,9e-05,0.76380854845047,1.741705298423767
41,0.999036967754364,0.004345705267041922,9e-05,0.7716991305351257,1.6351807117462158
42,0.999036967754364,0.0038770423270761967,9e-05,0.7706470489501953,1.8595309257507324
43,0.999036967754364,0.0036523998714983463,9e-05,0.7685428857803345,1.6272352933883667
44,0.9986517429351807,0.004350005649030209,9e-05,0.7532877326011658,1.7340158224105835
45,0.9992296099662781,0.0030300198122859,9e-05,0.7816938161849976,1.7759108543395996
46,0.9978813529014587,0.006416866090148687,9e-05,0.7885323762893677,1.4558037519454956
47,0.999036967754364,0.004029008559882641,9e-05,0.7617043852806091,1.9201693534851074
48,0.9986517429351807,0.004114737268537283,9e-05,0.7685428857803345,1.8588638305664062
49,0.9984591603279114,0.004332732874900103,9e-05,0.784324049949646,1.8050824403762817
