epoch,accuracy,loss,lr,val_accuracy,val_loss
0,0.8459168076515198,0.37834325432777405,0.001,0.2582851052284241,3.764143466949463
1,0.9183359146118164,0.21672022342681885,0.001,0.5213045477867126,2.983585834503174
2,0.9358628392219543,0.17728391289710999,0.001,0.3671751618385315,3.4111881256103516
3,0.9408705830574036,0.16223296523094177,0.001,0.6854287385940552,1.3263500928878784
4,0.9587827324867249,0.11267632991075516,0.001,0.7190952301025391,1.410268783569336
5,0.9601309895515442,0.11800026893615723,0.001,0.5386638641357422,3.5508100986480713
6,0.9597457647323608,0.09969239681959152,0.001,0.5875855088233948,1.6960495710372925
7,0.9689907431602478,0.07542931288480759,0.001,0.734350323677063,1.61052668094635
8,0.9666795134544373,0.09826899319887161,0.001,0.7196212410926819,1.5503243207931519
9,0.9697611927986145,0.08190862834453583,0.001,0.7127827405929565,1.2539445161819458
10,0.9743836522102356,0.06155828759074211,0.001,0.6470279097557068,2.669321060180664
11,0.9815100431442261,0.046645328402519226,0.001,0.7001578211784363,1.7784847021102905
12,0.9774653315544128,0.06720927357673645,0.001,0.6728037595748901,1.1740425825119019
13,0.9815100431442261,0.04617787525057793,0.001,0.7459232211112976,1.225745439529419
14,0.9847843050956726,0.04845164716243744,0.001,0.7190952301025391,2.7210922241210938
15,0.9863251447677612,0.04078920558094978,0.001,0.7559179663658142,1.4302338361740112
16,0.9878659248352051,0.03718012571334839,0.001,0.734350323677063,1.557318091392517
17,0.9890215992927551,0.03828887268900871,0.001,0.7127827405929565,1.9856107234954834
18,0.989791989326477,0.03289596363902092,0.001,0.6706996560096741,2.562243938446045
19,0.9894067645072937,0.03278537467122078,0.001,0.6843766570091248,1.7575308084487915
20,0.9763097167015076,0.07674398273229599,0.001,0.4844818413257599,2.6853108406066895
21,0.9828582406044006,0.054376911371946335,0.001,0.6959494948387146,2.1371495723724365
22,0.9878659248352051,0.04050213098526001,0.001,0.7569699883460999,1.8851267099380493
23,0.9878659248352051,0.04286836087703705,0.001,0.34613361954689026,5.65513277053833
24,0.9776579141616821,0.06593761593103409,0.001,0.6296685934066772,2.3842060565948486
25,0.9847843050956726,0.041969988495111465,0.001,0.6964755654335022,1.778156042098999
26,0.9936440587043762,0.024999242275953293,0.001,0.7496054768562317,2.2603747844696045
27,0.9903697967529297,0.03255140036344528,0.001,0.7475013136863708,2.0064947605133057
28,0.9938367009162903,0.020569898188114166,0.0003,0.7601262331008911,1.9221950769424438
29,0.9940292835235596,0.020084308460354805,0.0003,0.7117306590080261,1.9229693412780762
30,0.9953774809837341,0.015086166560649872,0.0003,0.7822198867797852,1.5807268619537354
31,0.9976887702941895,0.00847006868571043,0.0003,0.7943187952041626,1.7257156372070312
32,0.9967257380485535,0.012043070048093796,0.0003,0.7327722311019897,2.3293704986572266
33,0.9974961280822754,0.010178603231906891,0.0003,0.7075223326683044,2.423407793045044
34,0.9969183206558228,0.011553537100553513,0.0003,0.7211993932723999,2.065249443054199
35,0.9982665777206421,0.007346865721046925,0.0003,0.7385586500167847,2.255378246307373
36,0.9971109628677368,0.010791247710585594,0.0003,0.7422409057617188,1.7607026100158691
37,0.9961479306221008,0.01769448071718216,0.0003,0.7448711395263672,1.991294264793396
38,0.9976887702941895,0.00937792006880045,0.0003,0.7148869037628174,2.7077512741088867
39,0.9969183206558228,0.012647570110857487,0.0003,0.7127827405929565,1.9531834125518799
40,0.9976887702941895,0.007660301402211189,0.0003,0.7443450689315796,2.2662899494171143
41,0.9976887702941895,0.009384007193148136,0.0003,0.7406628131866455,2.2778429985046387
42,0.9967257380485535,0.01130314078181982,0.0003,0.6896370053291321,2.7755556106567383
43,0.9974961280822754,0.009094826877117157,9e-05,0.7548658847808838,1.9177749156951904
44,0.9988443851470947,0.005397832486778498,9e-05,0.7664387226104736,1.7644877433776855
45,0.9974961280822754,0.009104779921472073,9e-05,0.7196212410926819,2.0180766582489014
46,0.9982665777206421,0.006453586742281914,9e-05,0.7222514748573303,2.404250144958496
47,0.9976887702941895,0.00641508586704731,9e-05,0.7380326390266418,2.0636398792266846
48,0.9988443851470947,0.004487265832722187,9e-05,0.7438190579414368,2.2370424270629883
49,0.9988443851470947,0.004425290040671825,9e-05,0.7338243126869202,2.425057888031006
