epoch,accuracy,loss,lr,val_accuracy,val_loss
0,0.8493836522102356,0.374430775642395,0.001,0.2582851052284241,3.653817653656006
1,0.9152542352676392,0.22744259238243103,0.001,0.2598632276058197,8.225715637207031
2,0.9354776740074158,0.17169630527496338,0.001,0.37980011105537415,3.9153990745544434
3,0.9401001334190369,0.1676468700170517,0.001,0.5023671984672546,3.1378533840179443
4,0.9576271176338196,0.11729728430509567,0.001,0.5817990303039551,2.3976426124572754
5,0.9603235721588135,0.10672973841428757,0.001,0.644923746585846,1.9705321788787842
6,0.9582049250602722,0.11912579089403152,0.001,0.7211993932723999,0.9297000765800476
7,0.9753466844558716,0.07260484248399734,0.001,0.7364544868469238,1.068142294883728
8,0.9701463580131531,0.08484257012605667,0.001,0.6996317505836487,1.544751524925232
9,0.973035454750061,0.08091465383768082,0.001,0.5323513746261597,3.7820518016815186
10,0.9736132621765137,0.07934797555208206,0.001,0.6307206749916077,2.2065868377685547
11,0.9861325025558472,0.05032315105199814,0.001,0.8148342967033386,0.8088218569755554
12,0.9826656579971313,0.04943041130900383,0.001,0.7464492321014404,1.4368609189987183
13,0.9834360480308533,0.045009270310401917,0.001,0.6980536580085754,1.7579001188278198
14,0.9876733422279358,0.04005805402994156,0.001,0.7716991305351257,1.997873067855835
15,0.9903697967529297,0.03507990762591362,0.001,0.7617043852806091,1.5675692558288574
16,0.9899845719337463,0.03261538967490196,0.001,0.7916885614395142,1.3566151857376099
17,0.9867103099822998,0.03952745348215103,0.001,0.8321935534477234,0.9307315349578857
18,0.9938367009162903,0.023054201155900955,0.001,0.734350323677063,1.2748262882232666
19,0.9919106364250183,0.02887183055281639,0.001,0.489742249250412,10.289244651794434
20,0.9892141819000244,0.036601945757865906,0.001,0.6664913296699524,2.0997555255889893
21,0.9911401867866516,0.024411601945757866,0.001,0.7974750399589539,1.9486935138702393
22,0.990562379360199,0.029797643423080444,0.001,0.7317201495170593,1.4325721263885498
23,0.9963405132293701,0.012928144074976444,0.001,0.6133614182472229,3.8117566108703613
24,0.991718053817749,0.031555015593767166,0.001,0.8137822151184082,1.5065776109695435
25,0.9936440587043762,0.020566465333104134,0.001,0.8006312251091003,1.368383765220642
26,0.9946070909500122,0.02073819190263748,0.001,0.8143082857131958,1.41363525390625
27,0.9957627058029175,0.012983779422938824,0.0003,0.7795897126197815,1.5970301628112793
28,0.9974961280822754,0.010229495353996754,0.0003,0.7890583872795105,1.5340379476547241
29,0.9986517429351807,0.006477001588791609,0.0003,0.7927406430244446,1.6673845052719116
30,0.9976887702941895,0.008840656839311123,0.0003,0.7627564668655396,1.6933517456054688
31,0.998073935508728,0.010331866331398487,0.0003,0.8279852867126465,1.6203900575637817
32,0.998073935508728,0.007094622123986483,0.0003,0.765912652015686,2.067580461502075
33,0.9984591603279114,0.006015673745423555,0.0003,0.8153603076934814,1.88148033618927
34,0.9986517429351807,0.0052514332346618176,0.0003,0.8406102061271667,1.3993372917175293
35,0.9971109628677368,0.012559005059301853,0.0003,0.8506049513816833,1.4909847974777222
36,0.9961479306221008,0.01118419598788023,0.0003,0.8495528697967529,1.2687761783599854
37,0.998073935508728,0.006463727448135614,0.0003,0.8085218071937561,1.8277660608291626
38,0.9978813529014587,0.007990400306880474,0.0003,0.8143082857131958,2.099609136581421
39,0.9984591603279114,0.00567077100276947,0.0003,0.7980010509490967,1.9751602411270142
40,0.9986517429351807,0.004801030736416578,0.0003,0.7627564668655396,2.0046164989471436
41,0.998073935508728,0.006389927119016647,0.0003,0.8169384598731995,1.7317914962768555
42,0.9984591603279114,0.006040735635906458,9e-05,0.8342977166175842,1.7576135396957397
43,0.9984591603279114,0.005837384145706892,9e-05,0.8311415314674377,1.6920491456985474
44,0.9982665777206421,0.006485457066446543,9e-05,0.7753813862800598,2.193997383117676
45,0.999036967754364,0.0034438208676874638,9e-05,0.7995791435241699,2.0707759857177734
46,0.9971109628677368,0.009688347578048706,9e-05,0.8079957962036133,1.9177234172821045
47,0.9982665777206421,0.00572658097371459,9e-05,0.8085218071937561,1.7647291421890259
48,0.9978813529014587,0.005673914682120085,9e-05,0.8348237872123718,1.5444058179855347
49,0.9988443851470947,0.0047286441549658775,9e-05,0.812204122543335,1.5961049795150757
