epoch,accuracy,loss,lr,val_accuracy,val_loss
0,0.866718053817749,0.35511523485183716,0.001,0.2735402286052704,6.3942975997924805
1,0.9327812194824219,0.19244888424873352,0.001,0.2703840136528015,10.665193557739258
2,0.9431818127632141,0.1593823879957199,0.001,0.42872172594070435,5.7795820236206055
3,0.9580123424530029,0.12106705456972122,0.001,0.6680694222450256,1.4153640270233154
4,0.9518489837646484,0.17264053225517273,0.001,0.3824302852153778,2.2634174823760986
5,0.9603235721588135,0.11381471902132034,0.001,0.6165176033973694,1.8346107006072998
6,0.9714946150779724,0.08057419210672379,0.001,0.6522882580757141,1.729243516921997
7,0.9795839786529541,0.06896056979894638,0.001,0.6728037595748901,1.974816083908081
8,0.9834360480308533,0.05248009413480759,0.001,0.6948974132537842,1.1181845664978027
9,0.9865177273750305,0.044815972447395325,0.001,0.7096264958381653,1.9419034719467163
10,0.9863251447677612,0.04783574119210243,0.001,0.6985796689987183,1.4314934015274048
11,0.9878659248352051,0.04220793396234512,0.001,0.7822198867797852,3.1123287677764893
12,0.9919106364250183,0.030575059354305267,0.001,0.765912652015686,2.478834629058838
13,0.9867103099822998,0.04421726241707802,0.001,0.7790636420249939,1.9824455976486206
14,0.9919106364250183,0.03092484548687935,0.001,0.7716991305351257,1.3486407995224
15,0.9843990802764893,0.045897986739873886,0.001,0.7238295674324036,1.7634313106536865
16,0.991718053817749,0.026383275166153908,0.001,0.8032614588737488,0.9148233532905579
17,0.9922958612442017,0.029996657744050026,0.001,0.7864282131195068,2.0037362575531006
18,0.9940292835235596,0.022586500272154808,0.001,0.7159389853477478,1.7586060762405396
19,0.9938367009162903,0.020595284178853035,0.001,0.4571278393268585,9.812203407287598
20,0.982280433177948,0.05716579034924507,0.001,0.5549710392951965,6.090672492980957
21,0.9870955348014832,0.04450372979044914,0.001,0.6827985048294067,2.131085157394409
22,0.9890215992927551,0.03384292498230934,0.001,0.7664387226104736,1.7301127910614014
23,0.9666795134544373,0.15111376345157623,0.001,0.6328248381614685,2.6789166927337646
24,0.9736132621765137,0.075428806245327,0.001,0.7396107316017151,1.2695001363754272
25,0.9872881174087524,0.03996310755610466,0.001,0.7185691595077515,1.7309757471084595
26,0.9922958612442017,0.02535669505596161,0.001,0.7396107316017151,1.7407221794128418
27,0.9890215992927551,0.03335185348987579,0.001,0.7695949673652649,1.4289608001708984
28,0.9942218661308289,0.020768549293279648,0.001,0.7154129147529602,2.001133918762207
29,0.9934514760971069,0.02705512009561062,0.001,0.7311940789222717,1.673179268836975
30,0.9967257380485535,0.010473277419805527,0.001,0.7027879953384399,2.4976422786712646
31,0.9932588338851929,0.02240138128399849,0.001,0.7106785774230957,1.6107652187347412
32,0.9978813529014587,0.006953039672225714,0.0003,0.7427669763565063,1.8985631465911865
33,0.9982665777206421,0.00495584262534976,0.0003,0.7611783146858215,2.087998867034912
34,0.9982665777206421,0.004868971183896065,0.0003,0.7464492321014404,2.280432939529419
35,0.9994221925735474,0.003451676107943058,0.0003,0.7443450689315796,2.069500207901001
36,0.9986517429351807,0.0033335646148771048,0.0003,0.7695949673652649,1.859232783317566
37,0.9982665777206421,0.004844390321522951,0.0003,0.7627564668655396,2.7874882221221924
38,0.9986517429351807,0.005543526727706194,0.0003,0.7401367425918579,2.959059953689575
39,0.9982665777206421,0.006819198373705149,0.0003,0.7396107316017151,2.3536345958709717
40,0.9984591603279114,0.006191497668623924,0.0003,0.756443977355957,1.9634965658187866
41,0.9988443851470947,0.0033069802448153496,0.0003,0.7422409057617188,2.2049143314361572
42,0.999036967754364,0.0022257715463638306,0.0003,0.7532877326011658,2.0802571773529053
43,0.9976887702941895,0.009056375361979008,0.0003,0.7722251415252686,2.073655843734741
44,0.9988443851470947,0.003820668673142791,0.0003,0.7427669763565063,2.7288403511047363
45,0.9984591603279114,0.005319071467965841,0.0003,0.7538138031959534,2.5544254779815674
46,0.9982665777206421,0.007001419086009264,0.0003,0.6954234838485718,2.415881872177124
47,0.998073935508728,0.003959754016250372,9e-05,0.7417148947715759,2.5167787075042725
48,0.9988443851470947,0.0031730930786579847,9e-05,0.735928475856781,2.79229998588562
49,0.9994221925735474,0.0016749684000387788,9e-05,0.7485533952713013,2.399212121963501
