epoch,accuracy,loss,lr,val_accuracy,val_loss
0,0.8609399199485779,0.36117827892303467,0.001,0.2582851052284241,8.205489158630371
1,0.9273883104324341,0.21715141832828522,0.001,0.2582851052284241,11.335540771484375
2,0.9397149682044983,0.18611015379428864,0.001,0.2651236057281494,5.031047821044922
3,0.9512711763381958,0.1410636603832245,0.001,0.4460810124874115,1.7594122886657715
4,0.956086277961731,0.118709996342659,0.001,0.6728037595748901,1.2723193168640137
5,0.9684129357337952,0.09572306275367737,0.001,0.6975275874137878,0.6732422113418579
6,0.9687981605529785,0.0856960266828537,0.001,0.7332982420921326,1.2819607257843018
7,0.9763097167015076,0.07927192002534866,0.001,0.6822724938392639,1.2457548379898071
8,0.9824730157852173,0.05491698905825615,0.001,0.825355052947998,0.7736925482749939
9,0.9761170744895935,0.07691731303930283,0.001,0.6864808201789856,2.584345579147339
10,0.9882511496543884,0.04296964034438133,0.001,0.7574960589408875,1.074877142906189
11,0.966486930847168,0.10915777832269669,0.001,0.7101525664329529,1.1121104955673218
12,0.9805470108985901,0.06648818403482437,0.001,0.7738032341003418,1.2940088510513306
13,0.9840138554573059,0.0496351532638073,0.001,0.7769594788551331,1.2806609869003296
14,0.9870955348014832,0.04015989229083061,0.001,0.76380854845047,1.4069674015045166
15,0.981317400932312,0.06135277450084686,0.001,0.5470804572105408,3.338305711746216
16,0.9824730157852173,0.052869588136672974,0.001,0.7585481405258179,1.5130926370620728
17,0.9932588338851929,0.021488457918167114,0.001,0.7096264958381653,2.4299426078796387
18,0.9932588338851929,0.026472769677639008,0.001,0.7795897126197815,1.8161852359771729
19,0.990755021572113,0.02903490699827671,0.001,0.8169384598731995,1.3363374471664429
20,0.9928736686706543,0.023379871621727943,0.001,0.6817464232444763,1.6534786224365234
21,0.9965331554412842,0.013130571693181992,0.0003,0.7611783146858215,1.753218173980713
22,0.9969183206558228,0.011696113273501396,0.0003,0.773277223110199,1.853243350982666
23,0.9978813529014587,0.008617963641881943,0.0003,0.7816938161849976,1.9402730464935303
24,0.9969183206558228,0.010435541160404682,0.0003,0.7701209783554077,1.8812859058380127
25,0.9974961280822754,0.010104822926223278,0.0003,0.8385060429573059,1.2512212991714478
26,0.9988443851470947,0.007060176692903042,0.0003,0.7795897126197815,2.2488017082214355
27,0.9976887702941895,0.007663001772016287,0.0003,0.7574960589408875,1.5531145334243774
28,0.9978813529014587,0.00704991165548563,0.0003,0.7701209783554077,2.4717702865600586
29,0.9973035454750061,0.0061059617437422276,0.0003,0.7901104688644409,2.0866761207580566
30,0.999036967754364,0.0029130694456398487,0.0003,0.784324049949646,2.1733336448669434
31,0.9940292835235596,0.02165275812149048,0.0003,0.4907943308353424,2.8677475452423096
32,0.9949923157691956,0.01734832115471363,0.0003,0.7906364798545837,1.5124183893203735
33,0.9974961280822754,0.007317293435335159,0.0003,0.7795897126197815,1.7373316287994385
34,0.9978813529014587,0.007415618747472763,0.0003,0.7664387226104736,1.9574018716812134
35,0.9984591603279114,0.007954935543239117,0.0003,0.7532877326011658,2.1157355308532715
36,0.9984591603279114,0.005126680713146925,9e-05,0.7648605704307556,1.761729121208191
37,0.9992296099662781,0.0030630987603217363,9e-05,0.7664387226104736,1.899073839187622
38,0.999036967754364,0.004169551655650139,9e-05,0.7664387226104736,1.9581042528152466
39,0.9994221925735474,0.002136591589078307,9e-05,0.7811678051948547,1.8216633796691895
40,0.999036967754364,0.0030543517787009478,9e-05,0.7706470489501953,1.858344554901123
41,0.9984591603279114,0.005704222712665796,9e-05,0.7695949673652649,1.9765838384628296
42,0.9984591603279114,0.003532727714627981,9e-05,0.7643345594406128,2.2239747047424316
43,0.9988443851470947,0.003342359559610486,9e-05,0.7927406430244446,1.8417937755584717
44,0.9996147751808167,0.002310866490006447,9e-05,0.7985270619392395,1.712915301322937
45,0.9996147751808167,0.0023027844727039337,9e-05,0.7627564668655396,2.2519991397857666
46,0.9988443851470947,0.0027389090973883867,9e-05,0.7848500609397888,2.0753724575042725
47,0.9994221925735474,0.0018268089042976499,9e-05,0.7948448061943054,2.0714099407196045
48,0.999036967754364,0.0035422947257757187,9e-05,0.8001052141189575,1.7749797105789185
49,0.9996147751808167,0.0008661256288178265,9e-05,0.7853761315345764,1.956687331199646
