epoch,accuracy,loss,lr,val_accuracy,val_loss
0,0.8532357215881348,0.3714509606361389,0.001,0.2582851052284241,3.963331699371338
1,0.908513069152832,0.24905574321746826,0.001,0.2845870554447174,2.7914645671844482
2,0.92719566822052,0.19642506539821625,0.001,0.6780641674995422,2.012941360473633
3,0.9402927756309509,0.1655735969543457,0.001,0.6117832660675049,3.1735687255859375
4,0.9558936953544617,0.12836843729019165,0.001,0.6912151575088501,1.0571353435516357
5,0.9555084705352783,0.1266048103570938,0.001,0.5481325387954712,1.8722865581512451
6,0.9610939621925354,0.1073627769947052,0.001,0.6964755654335022,1.5500211715698242
7,0.9705315828323364,0.08841312676668167,0.001,0.7148869037628174,1.511868953704834
8,0.9761170744895935,0.07245859503746033,0.001,0.7438190579414368,1.14180326461792
9,0.9807395935058594,0.060750577598810196,0.001,0.600210428237915,3.11043643951416
10,0.9624422192573547,0.14047861099243164,0.001,0.4839558005332947,4.464382648468018
11,0.9805470108985901,0.06103305146098137,0.001,0.7369805574417114,2.058565855026245
12,0.9849768877029419,0.040997494012117386,0.001,0.704366147518158,2.325856924057007
13,0.9865177273750305,0.039672646671533585,0.001,0.8001052141189575,1.5390571355819702
14,0.9849768877029419,0.049651842564344406,0.001,0.5718042850494385,3.828630208969116
15,0.9838212728500366,0.04339424520730972,0.001,0.7169910669326782,2.4328927993774414
16,0.9867103099822998,0.04025662690401077,0.001,0.8027353882789612,1.5218794345855713
17,0.9903697967529297,0.02856302820146084,0.001,0.8022093772888184,1.5680369138717651
18,0.9940292835235596,0.018747899681329727,0.001,0.4955286681652069,5.01099967956543
19,0.9874807596206665,0.042707785964012146,0.001,0.6885849833488464,1.5275009870529175
20,0.9942218661308289,0.02206573821604252,0.0003,0.724881649017334,1.6905598640441895
21,0.9971109628677368,0.013288530521094799,0.0003,0.7475013136863708,1.821494698524475
22,0.9926810264587402,0.02362697757780552,0.0003,0.6954234838485718,2.6117045879364014
23,0.9932588338851929,0.021057166159152985,0.0003,0.687532901763916,2.084535598754883
24,0.9974961280822754,0.010100140236318111,0.0003,0.7627564668655396,2.0719804763793945
25,0.9974961280822754,0.007423823233693838,0.0003,0.7985270619392395,2.1579959392547607
26,0.9967257380485535,0.012033157981932163,0.0003,0.7748553156852722,2.5172946453094482
27,0.9955701231956482,0.016570452600717545,0.0003,0.7664387226104736,1.826734185218811
28,0.9974961280822754,0.009521611966192722,0.0003,0.7354024052619934,2.644558906555176
29,0.9971109628677368,0.010780326090753078,0.0003,0.7543398141860962,2.6611075401306152
30,0.9969183206558228,0.01083464827388525,0.0003,0.6743819117546082,2.859849691390991
31,0.9973035454750061,0.010568451136350632,0.0003,0.7580220699310303,2.729715585708618
32,0.9982665777206421,0.00683470256626606,0.0003,0.7722251415252686,2.699007987976074
33,0.9971109628677368,0.010688657872378826,0.0003,0.7501314878463745,2.691483736038208
34,0.9955701231956482,0.013196596875786781,0.0003,0.7685428857803345,1.7074377536773682
35,0.9976887702941895,0.010637645609676838,9e-05,0.7685428857803345,2.2452101707458496
36,0.998073935508728,0.006977395620197058,9e-05,0.7743293046951294,2.271787166595459
37,0.9984591603279114,0.0071948217228055,9e-05,0.7727512121200562,2.2552061080932617
38,0.9978813529014587,0.00773261534050107,9e-05,0.7895844578742981,2.214707851409912
39,0.9974961280822754,0.006748939398676157,9e-05,0.7680168151855469,2.0210418701171875
40,0.998073935508728,0.00788890291005373,9e-05,0.795370876789093,2.2678139209747314
41,0.9984591603279114,0.006077365949749947,9e-05,0.7811678051948547,2.3711752891540527
42,0.999036967754364,0.0035493667237460613,9e-05,0.7769594788551331,2.4683425426483154
43,0.9992296099662781,0.004432606510818005,9e-05,0.7517096400260925,2.5979855060577393
44,0.9969183206558228,0.00809185765683651,9e-05,0.7532877326011658,2.7646801471710205
45,0.9984591603279114,0.005523757543414831,9e-05,0.7958968877792358,2.190589189529419
46,0.9992296099662781,0.0030060589779168367,9e-05,0.7548658847808838,2.5361437797546387
47,0.9984591603279114,0.00579593563452363,9e-05,0.7033140659332275,3.285043954849243
48,0.9984591603279114,0.005798975937068462,9e-05,0.7180431485176086,2.479355573654175
49,0.9994221925735474,0.002143225632607937,9e-05,0.782745897769928,2.480874538421631
