epoch,accuracy,loss,lr,val_accuracy,val_loss
0,0.8072034120559692,0.4379343092441559,0.001,0.39926353096961975,2.2300240993499756
1,0.8526579141616821,0.32041311264038086,0.001,0.32088375091552734,7.672420501708984
2,0.8906009197235107,0.2738132178783417,0.001,0.6743819117546082,2.3117947578430176
3,0.9287365078926086,0.22425606846809387,0.001,0.6743819117546082,1.3527413606643677
4,0.937596321105957,0.17954964935779572,0.001,0.7275118231773376,0.8678445816040039
5,0.9574345350265503,0.1195216029882431,0.001,0.7143608331680298,1.573362112045288
6,0.945878267288208,0.17439177632331848,0.001,0.6985796689987183,1.1576508283615112
7,0.9637904763221741,0.10364735871553421,0.001,0.7012099027633667,0.5461630821228027
8,0.9674499034881592,0.08608468621969223,0.001,0.5060494542121887,4.643054008483887
9,0.9674499034881592,0.08354568481445312,0.001,0.6475539207458496,2.1451950073242188
10,0.9774653315544128,0.06288573890924454,0.001,0.7196212410926819,2.0207371711730957
11,0.9693759679794312,0.07895918190479279,0.001,0.5681220293045044,4.941622734069824
12,0.9790061712265015,0.05738632008433342,0.001,0.7543398141860962,1.9949438571929932
13,0.973035454750061,0.08300638198852539,0.001,0.6938453316688538,0.8934649229049683
14,0.9867103099822998,0.04179157316684723,0.001,0.8032614588737488,1.1112898588180542
15,0.9867103099822998,0.0441988930106163,0.001,0.6628090739250183,2.4083411693573
16,0.9874807596206665,0.05820917710661888,0.001,0.6822724938392639,2.6363492012023926
17,0.9859399199485779,0.04894939437508583,0.001,0.6922672390937805,2.111172676086426
18,0.9884437322616577,0.04225640371441841,0.001,0.7322461605072021,0.9111195802688599
19,0.990755021572113,0.034587275236845016,0.001,0.7338243126869202,2.384200096130371
20,0.990755021572113,0.03350992873311043,0.001,0.6722777485847473,1.8907549381256104
21,0.9919106364250183,0.03255176544189453,0.001,0.7411888241767883,1.9806334972381592
22,0.9940292835235596,0.02444240264594555,0.001,0.626512348651886,3.609771251678467
23,0.9963405132293701,0.01445835828781128,0.0003,0.7627564668655396,2.0230090618133545
24,0.9961479306221008,0.013398231938481331,0.0003,0.7306680679321289,1.876853346824646
25,0.9963405132293701,0.009038039483129978,0.0003,0.7680168151855469,2.077009439468384
26,0.9976887702941895,0.007864728569984436,0.0003,0.76380854845047,2.2071282863616943
27,0.9961479306221008,0.015327760949730873,0.0003,0.7443450689315796,1.6718699932098389
28,0.9953774809837341,0.013350377790629864,0.0003,0.7532877326011658,2.039185047149658
29,0.998073935508728,0.00807706918567419,0.0003,0.7711730599403381,2.239025354385376
30,0.9973035454750061,0.0090705044567585,0.0003,0.7780115604400635,2.1710245609283447
31,0.9974961280822754,0.010373123921453953,0.0003,0.7795897126197815,2.1694839000701904
32,0.9959552884101868,0.010102391242980957,0.0003,0.7327722311019897,2.4008028507232666
33,0.9971109628677368,0.01016044057905674,0.0003,0.7880063056945801,1.4120718240737915
34,0.9963405132293701,0.012321783229708672,0.0003,0.7948448061943054,1.5587917566299438
35,0.9974961280822754,0.008575928397476673,0.0003,0.7785376310348511,1.9956732988357544
36,0.9969183206558228,0.012899869121611118,0.0003,0.773277223110199,2.0048773288726807
37,0.9986517429351807,0.004761912859976292,0.0003,0.7653866410255432,1.6605304479599
38,0.9974961280822754,0.008826917968690395,9e-05,0.7538138031959534,2.609034776687622
39,0.999036967754364,0.005199194885790348,9e-05,0.7769594788551331,1.715706467628479
40,0.9982665777206421,0.010146847926080227,9e-05,0.7759073972702026,2.0309722423553467
41,0.9988443851470947,0.0065199281089007854,9e-05,0.7759073972702026,2.082767963409424
42,0.9994221925735474,0.005156800616532564,9e-05,0.7716991305351257,2.223783254623413
43,0.9988443851470947,0.0034377879928797483,9e-05,0.7496054768562317,2.8306784629821777
44,0.9992296099662781,0.0037187489215284586,9e-05,0.7280378937721252,2.8396291732788086
45,0.9992296099662781,0.0024784146808087826,9e-05,0.7522356510162354,2.251258373260498
46,0.9988443851470947,0.004357016179710627,9e-05,0.7569699883460999,2.786921501159668
47,0.9992296099662781,0.003690737299621105,9e-05,0.7596002221107483,2.421492338180542
48,0.999036967754364,0.002919316990301013,9e-05,0.7501314878463745,2.5427167415618896
49,0.9994221925735474,0.001269660540856421,9e-05,0.7401367425918579,2.6810789108276367
