epoch,accuracy,loss,lr,val_accuracy,val_loss
0,0.8387904763221741,0.41659051179885864,0.001,0.2209363430738449,4.760142803192139
1,0.909476101398468,0.23305009305477142,0.001,0.3051025867462158,7.851235389709473
2,0.9445300698280334,0.16801705956459045,0.001,0.6822724938392639,1.4471454620361328
3,0.9460708498954773,0.14027076959609985,0.001,0.489742249250412,4.536716461181641
4,0.9437596201896667,0.21140560507774353,0.001,0.7596002221107483,1.0001115798950195
5,0.9582049250602722,0.11550736427307129,0.001,0.7338243126869202,1.4334595203399658
6,0.9574345350265503,0.12458744645118713,0.001,0.762230396270752,1.177215814590454
7,0.972842812538147,0.0748659148812294,0.001,0.7916885614395142,1.3575142621994019
8,0.9797765612602234,0.058173004537820816,0.001,0.7722251415252686,1.4438331127166748
9,0.9763097167015076,0.06600850075483322,0.001,0.7759073972702026,1.1110703945159912
10,0.9761170744895935,0.06893875449895859,0.001,0.5654918551445007,2.744481325149536
11,0.9840138554573059,0.05747140198945999,0.001,0.7022619843482971,1.8706084489822388
12,0.9870955348014832,0.04107044264674187,0.001,0.658074676990509,2.174018144607544
13,0.9880585670471191,0.039898552000522614,0.001,0.8148342967033386,1.073917269706726
14,0.9901772141456604,0.037189725786447525,0.001,0.7254076600074768,3.156905174255371
15,0.9884437322616577,0.037173088639974594,0.001,0.5533929467201233,6.512207508087158
16,0.98420649766922,0.0538274422287941,0.001,0.49815887212753296,4.421045780181885
17,0.9865177273750305,0.046781059354543686,0.001,0.734350323677063,1.38362455368042
18,0.9895994067192078,0.03963609039783478,0.001,0.7606523036956787,2.2829320430755615
19,0.992488443851471,0.027351247146725655,0.001,0.8132562041282654,0.9418903589248657
20,0.9926810264587402,0.031525637954473495,0.001,0.7738032341003418,1.455007791519165
21,0.9859399199485779,0.0531662218272686,0.001,0.34087321162223816,25.588905334472656
22,0.9890215992927551,0.03841075673699379,0.001,0.735928475856781,2.6982295513153076
23,0.991525411605835,0.026926366612315178,0.001,0.7769594788551331,2.0280282497406006
24,0.9932588338851929,0.01912197284400463,0.001,0.6659652590751648,2.1541335582733154
25,0.955123245716095,0.29107964038848877,0.001,0.6054707765579224,5.964862823486328
26,0.9620569944381714,0.13635483384132385,0.001,0.5912677645683289,2.920267105102539
27,0.9830508232116699,0.053962767124176025,0.001,0.7596002221107483,1.2838311195373535
28,0.991525411605835,0.03071938455104828,0.001,0.76380854845047,1.5023595094680786
29,0.9838212728500366,0.057514503598213196,0.001,0.7048921585083008,1.5363895893096924
30,0.9940292835235596,0.021198857575654984,0.001,0.7001578211784363,2.346522092819214
31,0.9938367009162903,0.023431265726685524,0.001,0.8243029713630676,1.5205990076065063
32,0.990755021572113,0.03025106154382229,0.001,0.7585481405258179,2.6031012535095215
33,0.9957627058029175,0.01909433677792549,0.001,0.7874802947044373,1.5224905014038086
34,0.9973035454750061,0.012837600894272327,0.001,0.795370876789093,1.7470989227294922
35,0.9973035454750061,0.009623306803405285,0.0003,0.6991057395935059,1.9587689638137817
36,0.9986517429351807,0.005561852362006903,0.0003,0.7427669763565063,2.3505380153656006
37,0.9978813529014587,0.007343030534684658,0.0003,0.7701209783554077,2.130441188812256
38,0.9986517429351807,0.006295355502516031,0.0003,0.7980010509490967,2.034363269805908
39,0.9986517429351807,0.005798604805022478,0.0003,0.7885323762893677,2.3104002475738525
40,0.9984591603279114,0.007285024970769882,0.0003,0.76380854845047,2.45631742477417
41,0.9988443851470947,0.004014831036329269,0.0003,0.7943187952041626,3.0171515941619873
42,0.9974961280822754,0.010957244783639908,0.0003,0.7375065684318542,5.599437713623047
43,0.9994221925735474,0.0033766301348805428,0.0003,0.7606523036956787,2.9893746376037598
44,0.9986517429351807,0.005245451349765062,0.0003,0.8090478777885437,1.980475664138794
45,0.9992296099662781,0.0036869526375085115,0.0003,0.8095738887786865,2.5630321502685547
46,0.999036967754364,0.005359970964491367,0.0003,0.8085218071937561,2.13434100151062
47,0.9992296099662781,0.0027060103602707386,0.0003,0.74539715051651,2.548893928527832
48,0.9957627058029175,0.01884751208126545,0.0003,0.7411888241767883,2.0261778831481934
49,0.9986517429351807,0.004251176491379738,0.0003,0.7701209783554077,1.8381516933441162
