epoch,accuracy,loss,lr,val_accuracy,val_loss
0,0.8547765612602234,0.38612112402915955,0.001,0.2740662693977356,5.3154520988464355
1,0.9285439252853394,0.20143058896064758,0.001,0.34087321162223816,9.013912200927734
2,0.9402927756309509,0.15745516121387482,0.001,0.3324565887451172,5.284723281860352
3,0.9545454382896423,0.1463857889175415,0.001,0.7180431485176086,1.2501773834228516
4,0.9576271176338196,0.11717456579208374,0.001,0.7106785774230957,1.9864414930343628
5,0.9641756415367126,0.10173264145851135,0.001,0.7496054768562317,1.1121257543563843
6,0.9703390002250671,0.0885145366191864,0.001,0.7112046480178833,1.3222781419754028
7,0.9753466844558716,0.06751520931720734,0.001,0.6564965844154358,1.4197853803634644
8,0.973805844783783,0.0788012221455574,0.001,0.6244081854820251,2.2844908237457275
9,0.9763097167015076,0.07138516753911972,0.001,0.6301946640014648,1.9638078212738037
10,0.9811248183250427,0.06493227928876877,0.001,0.7496054768562317,1.4039477109909058
11,0.9693759679794312,0.09480535238981247,0.001,0.7406628131866455,2.0547478199005127
12,0.9753466844558716,0.0856221616268158,0.001,0.7774855494499207,1.0664995908737183
13,0.9867103099822998,0.043717969208955765,0.001,0.6917411684989929,1.0978392362594604
14,0.9834360480308533,0.05795717239379883,0.001,0.7259337306022644,3.923687219619751
15,0.990562379360199,0.04371410980820656,0.001,0.6822724938392639,1.8986871242523193
16,0.9926810264587402,0.03302909806370735,0.001,0.7901104688644409,2.191357374191284
17,0.9955701231956482,0.02038353681564331,0.001,0.6412414312362671,3.0023295879364014
18,0.992488443851471,0.026830825954675674,0.001,0.7332982420921326,3.066408395767212
19,0.9886363744735718,0.03990773856639862,0.001,0.5418201088905334,4.772277355194092
20,0.9951848983764648,0.02060478739440441,0.001,0.6706996560096741,1.4408751726150513
21,0.9901772141456604,0.03271116688847542,0.001,0.7127827405929565,1.8119144439697266
22,0.991718053817749,0.03336089476943016,0.001,0.6349290013313293,2.6184258460998535
23,0.9882511496543884,0.040224798023700714,0.001,0.762230396270752,2.436441659927368
24,0.9959552884101868,0.013132171705365181,0.001,0.7106785774230957,3.487070322036743
25,0.9919106364250183,0.03458515927195549,0.001,0.7711730599403381,1.729482650756836
26,0.9901772141456604,0.0373309850692749,0.001,0.6317727565765381,2.9206268787384033
27,0.9722650051116943,0.10224664211273193,0.001,0.4355602264404297,3.4932641983032227
28,0.9892141819000244,0.045524340122938156,0.0003,0.7601262331008911,1.9853620529174805
29,0.9951848983764648,0.014306595548987389,0.0003,0.7795897126197815,2.0345358848571777
30,0.9932588338851929,0.023571234196424484,0.0003,0.7922146320343018,2.3369598388671875
31,0.9947996735572815,0.018338941037654877,0.0003,0.7169910669326782,1.8266737461090088
32,0.9969183206558228,0.009829042479395866,0.0003,0.7848500609397888,2.624837875366211
33,0.9949923157691956,0.01654825732111931,0.0003,0.7669647336006165,2.734614372253418
34,0.9953774809837341,0.02400827407836914,0.0003,0.7748553156852722,3.751103639602661
35,0.9984591603279114,0.005458363797515631,0.0003,0.7701209783554077,3.2670371532440186
36,0.9955701231956482,0.01721588708460331,0.0003,0.7706470489501953,3.233245372772217
37,0.9974961280822754,0.010775157250463963,0.0003,0.8006312251091003,2.6850500106811523
38,0.9974961280822754,0.006393506191670895,0.0003,0.7958968877792358,1.5936055183410645
39,0.9973035454750061,0.012278060428798199,0.0003,0.7411888241767883,2.7400126457214355
40,0.9978813529014587,0.008442748337984085,0.0003,0.7795897126197815,2.553428888320923
41,0.9984591603279114,0.006319489795714617,0.0003,0.7690688967704773,2.665362596511841
42,0.9978813529014587,0.004883158951997757,0.0003,0.7837979793548584,3.493913412094116
43,0.999036967754364,0.0034819431602954865,9e-05,0.7848500609397888,2.8131589889526367
44,0.9996147751808167,0.0015344740822911263,9e-05,0.7795897126197815,2.9252777099609375
45,0.999036967754364,0.002716320799663663,9e-05,0.784324049949646,2.6449644565582275
46,0.9973035454750061,0.008962906897068024,9e-05,0.7990531325340271,2.2739310264587402
47,0.999036967754364,0.0030544884502887726,9e-05,0.7769594788551331,2.7805047035217285
48,0.9992296099662781,0.003624668577685952,9e-05,0.7543398141860962,2.844813108444214
49,0.9982665777206421,0.004191883374005556,9e-05,0.7706470489501953,3.0244271755218506
