epoch,accuracy,loss,lr,val_accuracy,val_loss
0,0.7973805665969849,0.47674837708473206,0.001,0.2582851052284241,7.264484405517578
1,0.7817796468734741,0.38769519329071045,0.001,0.5207785367965698,5.764640808105469
2,0.8149075508117676,0.37014782428741455,0.001,0.6722777485847473,4.139622688293457
3,0.8037365078926086,0.29828354716300964,0.001,0.6664913296699524,1.2585763931274414
4,0.8322418928146362,0.25983738899230957,0.001,0.7085744142532349,0.8438257575035095
5,0.8137519359588623,0.2716742157936096,0.001,0.735928475856781,1.0066336393356323
6,0.856317400932312,0.2509381175041199,0.001,0.47869542241096497,8.199271202087402
7,0.7935284972190857,0.33441707491874695,0.001,0.6770120859146118,1.1588248014450073
8,0.8463020324707031,0.25001204013824463,0.001,0.6759600043296814,1.0492470264434814
9,0.8409090638160706,0.21950259804725647,0.001,0.6107311844825745,1.6012182235717773
10,0.909476101398468,0.20550233125686646,0.001,0.6212520003318787,2.116349697113037
11,0.9164098501205444,0.19201084971427917,0.001,0.773277223110199,1.6819695234298706
12,0.944915235042572,0.15743020176887512,0.001,0.6780641674995422,1.5721179246902466
13,0.9603235721588135,0.10984179377555847,0.001,0.6591267585754395,1.426243543624878
14,0.9585901498794556,0.12870268523693085,0.001,0.6081010103225708,1.7860054969787598
15,0.9541602730751038,0.15322409570217133,0.001,0.6081010103225708,1.753925085067749
16,0.9680277109146118,0.10229788720607758,0.001,0.5839031934738159,1.4107247591018677
17,0.9718798398971558,0.09023774415254593,0.001,0.6849026679992676,2.011305809020996
18,0.9763097167015076,0.09733755886554718,0.001,0.6296685934066772,2.3382620811462402
19,0.9612866044044495,0.10936567932367325,0.001,0.47816938161849976,3.4563398361206055
20,0.9811248183250427,0.05092001333832741,0.0003,0.7143608331680298,2.043696880340576
21,0.98420649766922,0.04625343903899193,0.0003,0.7059442400932312,2.0616564750671387
22,0.9853621125221252,0.040085241198539734,0.0003,0.7101525664329529,2.0431034564971924
23,0.9884437322616577,0.039026640355587006,0.0003,0.7133088111877441,2.0200231075286865
24,0.990562379360199,0.03454776108264923,0.0003,0.6591267585754395,2.39874267578125
25,0.9870955348014832,0.03562955558300018,0.0003,0.7559179663658142,2.0511014461517334
26,0.9878659248352051,0.042303021997213364,0.0003,0.7653866410255432,1.426225185394287
27,0.990562379360199,0.0307488851249218,0.0003,0.7275118231773376,2.2657248973846436
28,0.9901772141456604,0.03348952904343605,0.0003,0.7496054768562317,1.6934164762496948
29,0.9880585670471191,0.0371750108897686,0.0003,0.7196212410926819,1.854015827178955
30,0.9892141819000244,0.034059446305036545,0.0003,0.7075223326683044,2.373551607131958
31,0.9894067645072937,0.024645263329148293,0.0003,0.724881649017334,2.334019660949707
32,0.9859399199485779,0.04393536597490311,0.0003,0.7427669763565063,2.218477487564087
33,0.9886363744735718,0.035876400768756866,0.0003,0.5718042850494385,3.1737587451934814
34,0.9878659248352051,0.033734243363142014,0.0003,0.6628090739250183,2.6492767333984375
35,0.9953774809837341,0.02120933122932911,9e-05,0.7396107316017151,2.6257314682006836
36,0.9942218661308289,0.021561088040471077,9e-05,0.7001578211784363,2.6338512897491455
37,0.9946070909500122,0.01601226069033146,9e-05,0.7364544868469238,2.7544617652893066
38,0.9963405132293701,0.014936821535229683,9e-05,0.7432929873466492,2.7101871967315674
39,0.9940292835235596,0.02524779736995697,9e-05,0.7243555784225464,2.609903573989868
40,0.9961479306221008,0.017594557255506516,9e-05,0.7727512121200562,2.123624086380005
41,0.9955701231956482,0.023181945085525513,9e-05,0.6391372680664062,2.4461236000061035
42,0.9953774809837341,0.018363818526268005,9e-05,0.7185691595077515,2.430335521697998
43,0.9946070909500122,0.023373156785964966,9e-05,0.746975302696228,2.3254716396331787
44,0.9971109628677368,0.016167573630809784,9e-05,0.723303496837616,2.644221782684326
45,0.9944145083427429,0.023287992924451828,9e-05,0.7538138031959534,2.3716564178466797
46,0.9971109628677368,0.013109233230352402,9e-05,0.7206733226776123,2.6201300621032715
47,0.9953774809837341,0.017884351313114166,9e-05,0.7148869037628174,3.015439033508301
48,0.9969183206558228,0.014259557239711285,9e-05,0.7380326390266418,2.77197265625
49,0.9957627058029175,0.012638546526432037,9e-05,0.7164649963378906,3.12176251411438
