epoch,accuracy,loss,lr,val_accuracy,val_loss
0,0.8201078772544861,0.5151782631874084,0.001,0.2582851052284241,17.575178146362305
1,0.901001513004303,0.27983686327934265,0.001,0.2582851052284241,15.528277397155762
2,0.9235361814498901,0.23299477994441986,0.001,0.6591267585754395,1.9842592477798462
3,0.9329738020896912,0.29094430804252625,0.001,0.32140979170799255,7.590068817138672
4,0.9356702566146851,0.18594057857990265,0.001,0.7269858121871948,0.9342197775840759
5,0.9437596201896667,0.1612759679555893,0.001,0.7227774858474731,1.5230039358139038
6,0.9557010531425476,0.12545359134674072,0.001,0.6301946640014648,1.4789268970489502
7,0.9709168076515198,0.08683139830827713,0.001,0.7143608331680298,1.838240385055542
8,0.9711093902587891,0.08706667274236679,0.001,0.697001576423645,1.5968234539031982
9,0.9797765612602234,0.06290823966264725,0.001,0.7085744142532349,1.1167699098587036
10,0.9817026257514954,0.058361247181892395,0.001,0.7669647336006165,0.9518106579780579
11,0.9859399199485779,0.04257706180214882,0.001,0.6796423196792603,1.485176920890808
12,0.9763097167015076,0.08909798413515091,0.001,0.6201999187469482,1.6729661226272583
13,0.9836286306381226,0.049751248210668564,0.001,0.6344029307365417,2.0027339458465576
14,0.9697611927986145,0.10733612626791,0.001,0.752761721611023,1.2593762874603271
15,0.982280433177948,0.06071987748146057,0.001,0.6201999187469482,1.4236785173416138
16,0.9899845719337463,0.03180389106273651,0.001,0.7690688967704773,1.3399450778961182
17,0.9899845719337463,0.04198005050420761,0.001,0.7490794062614441,1.830142855644226
18,0.9424114227294922,0.24356839060783386,0.001,0.6980536580085754,1.1607359647750854
19,0.972072422504425,0.09088508784770966,0.001,0.6791162490844727,1.7764899730682373
20,0.989791989326477,0.03553564101457596,0.0003,0.74539715051651,2.3711934089660645
21,0.9909476041793823,0.033830031752586365,0.0003,0.756443977355957,1.917992353439331
22,0.9936440587043762,0.03078436851501465,0.0003,0.7617043852806091,2.107316493988037
23,0.9944145083427429,0.022303950041532516,0.0003,0.7669647336006165,1.680946707725525
24,0.990755021572113,0.031215596944093704,0.0003,0.7664387226104736,2.543008327484131
25,0.9951848983764648,0.01674634963274002,0.0003,0.7548658847808838,2.4096055030822754
26,0.9965331554412842,0.014061647467315197,0.0003,0.7795897126197815,2.3403124809265137
27,0.9946070909500122,0.02011333964765072,0.0003,0.773277223110199,1.8627631664276123
28,0.9938367009162903,0.032419245690107346,0.0003,0.7769594788551331,2.0910868644714355
29,0.9944145083427429,0.02197440341114998,0.0003,0.7785376310348511,1.9310705661773682
30,0.9963405132293701,0.01327997911721468,0.0003,0.7990531325340271,2.1069843769073486
31,0.9976887702941895,0.011967661790549755,0.0003,0.7259337306022644,1.9908826351165771
32,0.9938367009162903,0.02314571477472782,0.0003,0.7501314878463745,1.8124769926071167
33,0.9953774809837341,0.01597600430250168,0.0003,0.7932667136192322,1.7009536027908325
34,0.9974961280822754,0.009463198482990265,0.0003,0.7738032341003418,1.626098871231079
35,0.9940292835235596,0.02233830653131008,9e-05,0.7438190579414368,2.600719690322876
36,0.9982665777206421,0.008671720512211323,9e-05,0.8032614588737488,2.1419942378997803
37,0.9973035454750061,0.0068326909095048904,9e-05,0.7980010509490967,2.433159589767456
38,0.999036967754364,0.005742472596466541,9e-05,0.7985270619392395,2.271834373474121
39,0.9974961280822754,0.008893441408872604,9e-05,0.7895844578742981,2.587904453277588
40,0.9994221925735474,0.0034059258177876472,9e-05,0.7969489693641663,2.6042838096618652
41,0.999036967754364,0.004331476986408234,9e-05,0.7932667136192322,2.6282975673675537
42,0.9986517429351807,0.006104286760091782,9e-05,0.7774855494499207,2.758389472961426
43,0.9971109628677368,0.011372090317308903,9e-05,0.7811678051948547,2.6784310340881348
44,0.9967257380485535,0.014202031306922436,9e-05,0.7874802947044373,2.5504016876220703
45,0.9986517429351807,0.006293467245995998,9e-05,0.7964229583740234,2.8228886127471924
46,0.998073935508728,0.008615386672317982,9e-05,0.7948448061943054,2.7010343074798584
47,0.9986517429351807,0.0048005953431129456,9e-05,0.7874802947044373,2.6859219074249268
48,0.999036967754364,0.004525953438133001,9e-05,0.7922146320343018,2.5161526203155518
49,0.9976887702941895,0.009311709553003311,9e-05,0.7764334678649902,2.5653560161590576
