epoch,accuracy,loss,lr,val_accuracy,val_loss
0,0.8370569944381714,0.48546093702316284,0.001,0.2582851052284241,5.939267635345459
1,0.9054314494132996,0.2809765040874481,0.001,0.32509204745292664,9.89062213897705
2,0.9266178607940674,0.20841850340366364,0.001,0.4171488583087921,5.149917125701904
3,0.928158700466156,0.24070285260677338,0.001,0.578116774559021,5.127586364746094
4,0.9402927756309509,0.17283974587917328,0.001,0.669121503829956,1.2461439371109009
5,0.9587827324867249,0.11563030630350113,0.001,0.579694926738739,1.6568692922592163
6,0.9614791870117188,0.12051015347242355,0.001,0.6796423196792603,0.9709813594818115
7,0.9687981605529785,0.09699869900941849,0.001,0.5754866003990173,1.9137036800384521
8,0.973035454750061,0.08180510252714157,0.001,0.7075223326683044,1.6791213750839233
9,0.9830508232116699,0.05515461415052414,0.001,0.7017359137535095,2.290236473083496
10,0.983243465423584,0.05495510622859001,0.001,0.6338769197463989,2.414957046508789
11,0.9801617860794067,0.06872762739658356,0.001,0.6522882580757141,0.9208118319511414
12,0.9778505563735962,0.0757802277803421,0.001,0.7169910669326782,1.9321134090423584
13,0.9830508232116699,0.06354771554470062,0.001,0.6075749397277832,2.1902430057525635
14,0.9869029521942139,0.038172442466020584,0.001,0.746975302696228,1.3324286937713623
15,0.9869029521942139,0.048697035759687424,0.001,0.6228300929069519,3.310267448425293
16,0.9362480640411377,0.3075861632823944,0.001,0.6165176033973694,3.7174367904663086
17,0.9713020324707031,0.10001979768276215,0.001,0.6564965844154358,2.3856403827667236
18,0.974768877029419,0.08773477375507355,0.001,0.6528143286705017,1.2987017631530762
19,0.9890215992927551,0.032819099724292755,0.001,0.7006838321685791,1.80695378780365
20,0.9834360480308533,0.06568357348442078,0.001,0.8221988677978516,1.1653647422790527
21,0.9805470108985901,0.06891646981239319,0.001,0.723303496837616,1.9940637350082397
22,0.992488443851471,0.028141401708126068,0.001,0.804839551448822,1.4675179719924927
23,0.9911401867866516,0.04274982959032059,0.001,0.815886378288269,1.683274507522583
24,0.9934514760971069,0.0223471038043499,0.001,0.723303496837616,2.728076457977295
25,0.989791989326477,0.041196901351213455,0.001,0.665439248085022,2.1439273357391357
26,0.9851694703102112,0.07670082151889801,0.001,0.3961073160171509,8.38160514831543
27,0.9878659248352051,0.033167071640491486,0.0003,0.773277223110199,1.1222294569015503
28,0.9947996735572815,0.022787244990468025,0.0003,0.773277223110199,1.4243547916412354
29,0.9909476041793823,0.036324337124824524,0.0003,0.7869542241096497,1.2700046300888062
30,0.9934514760971069,0.020666390657424927,0.0003,0.7816938161849976,1.5284302234649658
31,0.9971109628677368,0.010789517313241959,0.0003,0.7275118231773376,1.8663352727890015
32,0.9951848983764648,0.013762476854026318,0.0003,0.804839551448822,1.7289457321166992
33,0.9926810264587402,0.02609541267156601,0.0003,0.7496054768562317,1.508279800415039
34,0.9982665777206421,0.00996196549385786,0.0003,0.8058916330337524,1.714532494544983
35,0.9940292835235596,0.0279970895498991,0.0003,0.8243029713630676,1.8641929626464844
36,0.9961479306221008,0.01476852223277092,0.0003,0.7785376310348511,2.053865671157837
37,0.9971109628677368,0.009004754945635796,0.0003,0.7948448061943054,1.83405339717865
38,0.9957627058029175,0.019411301240324974,0.0003,0.7432929873466492,2.158562660217285
39,0.9961479306221008,0.010308900848031044,0.0003,0.7811678051948547,1.841248869895935
40,0.9942218661308289,0.033084169030189514,0.0003,0.7354024052619934,2.5940897464752197
41,0.9963405132293701,0.013543562032282352,0.0003,0.8243029713630676,1.3896822929382324
42,0.9988443851470947,0.0037087842356413603,9e-05,0.8011572957038879,1.8277093172073364
43,0.9976887702941895,0.007293586619198322,9e-05,0.8095738887786865,1.7042356729507446
44,0.9988443851470947,0.004859458655118942,9e-05,0.7958968877792358,1.8432726860046387
45,0.9978813529014587,0.0057351719588041306,9e-05,0.7648605704307556,2.248469829559326
46,0.9984591603279114,0.005532203707844019,9e-05,0.7869542241096497,2.399521589279175
47,0.9973035454750061,0.009342632256448269,9e-05,0.7217254042625427,2.716559886932373
48,0.9978813529014587,0.03769299015402794,9e-05,0.7832719683647156,2.433727264404297
49,0.9978813529014587,0.006480250041931868,9e-05,0.784324049949646,2.49908447265625
