epoch,accuracy,loss,lr,val_accuracy,val_loss
0,0.599768877029419,0.799772322177887,0.001,0.5912677645683289,0.876680850982666
1,0.7748458981513977,0.48301962018013,0.001,0.5981062650680542,1.090714931488037
2,0.8938751816749573,0.27739831805229187,0.001,0.7322461605072021,1.0535334348678589
3,0.9177581071853638,0.21410538256168365,0.001,0.7432929873466492,1.0443569421768188
4,0.9323959946632385,0.18837201595306396,0.001,0.7169910669326782,0.8876979947090149
5,0.9431818127632141,0.1505243331193924,0.001,0.7485533952713013,0.9959481954574585
6,0.956278920173645,0.12306508421897888,0.001,0.7264597415924072,1.3289988040924072
7,0.9657164812088013,0.09559959173202515,0.001,0.6633350849151611,1.1664981842041016
8,0.9749614596366882,0.07024985551834106,0.001,0.7617043852806091,1.3098931312561035
9,0.9745762944221497,0.07558483630418777,0.001,0.7869542241096497,1.0066715478897095
10,0.9713020324707031,0.07523743063211441,0.001,0.7853761315345764,0.8469632267951965
11,0.9834360480308533,0.049354128539562225,0.001,0.7790636420249939,1.0088069438934326
12,0.955315887928009,0.17680591344833374,0.001,0.6417675018310547,0.8758044838905334
13,0.9185284972190857,0.20231063663959503,0.001,0.7627564668655396,1.0741312503814697
14,0.9687981605529785,0.0819781944155693,0.001,0.7422409057617188,1.488470196723938
15,0.9736132621765137,0.0646895095705986,0.001,0.7727512121200562,0.962092399597168
16,0.9795839786529541,0.05830385535955429,0.001,0.7716991305351257,1.2296830415725708
17,0.9884437322616577,0.030222993344068527,0.001,0.7632824778556824,1.3401412963867188
18,0.9886363744735718,0.03220798447728157,0.001,0.7690688967704773,1.9928181171417236
19,0.9828582406044006,0.05384477600455284,0.001,0.7054182291030884,1.1153576374053955
20,0.992488443851471,0.026824768632650375,0.001,0.7269858121871948,1.9506224393844604
21,0.9973035454750061,0.009012346155941486,0.0003,0.76380854845047,1.657381296157837
22,0.9984591603279114,0.0060391961596906185,0.0003,0.7559179663658142,1.8005366325378418
23,0.9988443851470947,0.00421127351000905,0.0003,0.7716991305351257,2.023442268371582
24,0.9986517429351807,0.003954621031880379,0.0003,0.767490804195404,2.179577350616455
25,0.9982665777206421,0.005286648869514465,0.0003,0.762230396270752,2.17779541015625
26,0.999036967754364,0.0038606810849159956,0.0003,0.76380854845047,2.403841733932495
27,0.9957627058029175,0.009348547086119652,0.0003,0.7932667136192322,1.7768241167068481
28,0.9986517429351807,0.003558764699846506,0.0003,0.7685428857803345,2.1901462078094482
29,0.998073935508728,0.003711472963914275,0.0003,0.7853761315345764,2.0399608612060547
30,0.9992296099662781,0.0022411239333450794,0.0003,0.76380854845047,2.1894495487213135
31,0.9998074173927307,0.0009164630901068449,9e-05,0.773277223110199,2.23775577545166
32,1.0,0.0007401551702059805,9e-05,0.7790636420249939,2.300309181213379
33,1.0,0.0005082032294012606,9e-05,0.7790636420249939,2.3112854957580566
34,1.0,0.00042809106525965035,9e-05,0.7822198867797852,2.329354763031006
35,1.0,0.0005100235575810075,9e-05,0.7811678051948547,2.425619602203369
36,1.0,0.0003888819774147123,9e-05,0.7795897126197815,2.437410593032837
37,1.0,0.0003083175979554653,9e-05,0.7811678051948547,2.4985618591308594
38,1.0,0.0003190136922057718,9e-05,0.7822198867797852,2.532316207885742
39,1.0,0.00024098459107335657,9e-05,0.782745897769928,2.587042808532715
40,1.0,0.00021257365006022155,9e-05,0.7801157236099243,2.6229896545410156
41,1.0,0.00013862043851986527,2.7e-05,0.7806417942047119,2.6310198307037354
42,1.0,0.00014078657841309905,2.7e-05,0.7806417942047119,2.6509816646575928
43,1.0,0.0001612234627828002,2.7e-05,0.7811678051948547,2.656836986541748
44,1.0,0.0001697630068520084,2.7e-05,0.7780115604400635,2.6539204120635986
45,1.0,0.00017915386706590652,2.7e-05,0.7806417942047119,2.7056326866149902
46,1.0,0.0002966006868518889,2.7e-05,0.7795897126197815,2.7176856994628906
47,1.0,0.00012551348481792957,2.7e-05,0.7795897126197815,2.7418227195739746
48,1.0,0.00012961051834281534,2.7e-05,0.7816938161849976,2.7427258491516113
49,1.0,0.00018658732005860656,2.7e-05,0.7785376310348511,2.7583889961242676
