epoch,accuracy,loss,lr,val_accuracy,val_loss
0,0.6288520693778992,0.752800703048706,0.001,0.5744345188140869,0.8008519411087036
1,0.8262711763381958,0.39649537205696106,0.001,0.7264597415924072,1.0047738552093506
2,0.909476101398468,0.239713653922081,0.001,0.644923746585846,1.2506142854690552
3,0.9397149682044983,0.16245137155056,0.001,0.7180431485176086,1.1676156520843506
4,0.9564715027809143,0.12159967422485352,0.001,0.7369805574417114,1.783313274383545
5,0.9518489837646484,0.13151250779628754,0.001,0.6586007475852966,1.7395305633544922
6,0.9743836522102356,0.07148148119449615,0.001,0.7327722311019897,1.720781922340393
7,0.9687981605529785,0.08579181134700775,0.001,0.7580220699310303,1.637194275856018
8,0.9805470108985901,0.058252789080142975,0.001,0.717517077922821,1.7186884880065918
9,0.9630200266838074,0.1213429793715477,0.001,0.7548658847808838,1.1934564113616943
10,0.9632126092910767,0.11186762899160385,0.001,0.7727512121200562,1.0426428318023682
11,0.9843990802764893,0.04809055104851723,0.0003,0.7611783146858215,1.4474619626998901
12,0.9884437322616577,0.032364290207624435,0.0003,0.7611783146858215,1.599024772644043
13,0.9911401867866516,0.02744193561375141,0.0003,0.7501314878463745,1.8797783851623535
14,0.9911401867866516,0.02690376713871956,0.0003,0.7459232211112976,1.8653924465179443
15,0.9922958612442017,0.02187022939324379,0.0003,0.7348763942718506,1.777084231376648
16,0.9942218661308289,0.01714342273771763,0.0003,0.7764334678649902,1.6301031112670898
17,0.9911401867866516,0.0270871389657259,0.0003,0.7375065684318542,1.9188402891159058
18,0.9953774809837341,0.01297296117991209,0.0003,0.7485533952713013,2.0480754375457764
19,0.9953774809837341,0.014184925705194473,0.0003,0.762230396270752,2.1540298461914062
20,0.9963405132293701,0.012668255716562271,0.0003,0.7648605704307556,2.038785219192505
21,0.998073935508728,0.007029972970485687,9e-05,0.756443977355957,2.229306936264038
22,0.9982665777206421,0.004805438220500946,9e-05,0.752761721611023,2.5181350708007812
23,0.9988443851470947,0.0033881154377013445,9e-05,0.7517096400260925,2.4859986305236816
24,0.9992296099662781,0.002820501569658518,9e-05,0.7506575584411621,2.7619571685791016
25,0.9982665777206421,0.00393765140324831,9e-05,0.7285639047622681,2.8542449474334717
26,0.9994221925735474,0.0021942234598100185,9e-05,0.746975302696228,3.0318896770477295
27,0.9998074173927307,0.0014574608067050576,9e-05,0.7475013136863708,3.108748435974121
28,0.9996147751808167,0.0015962094767019153,9e-05,0.7390847206115723,3.0733046531677246
29,0.9998074173927307,0.0010516353650018573,9e-05,0.7375065684318542,3.195859432220459
30,0.9986517429351807,0.003116546431556344,9e-05,0.7543398141860962,3.087057590484619
31,0.9992296099662781,0.0022848949301987886,2.7e-05,0.7459232211112976,3.263978958129883
32,0.9992296099662781,0.0012049685465171933,2.7e-05,0.7380326390266418,3.320155143737793
33,1.0,0.0006884004105813801,2.7e-05,0.7390847206115723,3.349409580230713
34,0.9998074173927307,0.0008249185630120337,2.7e-05,0.7427669763565063,3.340276002883911
35,0.9998074173927307,0.0007668577018193901,2.7e-05,0.7348763942718506,3.333709478378296
36,1.0,0.0005494325305335224,2.7e-05,0.7438190579414368,3.4276957511901855
37,0.9998074173927307,0.0008157686097547412,2.7e-05,0.7422409057617188,3.4051191806793213
38,0.9996147751808167,0.0009307848522439599,2.7e-05,0.7448711395263672,3.4419283866882324
39,1.0,0.00043701354297809303,2.7e-05,0.7506575584411621,3.5133707523345947
40,0.9998074173927307,0.0006357012898661196,2.7e-05,0.7464492321014404,3.570295572280884
41,1.0,0.0003223573148716241,8.1e-06,0.7485533952713013,3.553161859512329
42,1.0,0.00039406181895174086,8.1e-06,0.7485533952713013,3.5480010509490967
43,1.0,0.0003437155100982636,8.1e-06,0.7480273246765137,3.5608651638031006
44,1.0,0.0003601162461563945,8.1e-06,0.7480273246765137,3.5879340171813965
45,1.0,0.00038569606840610504,8.1e-06,0.7496054768562317,3.611963987350464
46,1.0,0.00038073689211159945,8.1e-06,0.7490794062614441,3.6181466579437256
47,1.0,0.00027416858938522637,8.1e-06,0.7490794062614441,3.653592824935913
48,1.0,0.00042564902105368674,8.1e-06,0.7506575584411621,3.6352460384368896
49,1.0,0.0002512063947506249,8.1e-06,0.7490794062614441,3.6774239540100098
