epoch,accuracy,loss,lr,val_accuracy,val_loss
0,0.6120955348014832,0.7731450796127319,0.001,0.6885849833488464,1.239629864692688
1,0.8004622459411621,0.44340071082115173,0.001,0.6286165118217468,0.9314848780632019
2,0.8619029521942139,0.3377123773097992,0.001,0.7532877326011658,0.8955720067024231
3,0.9108243584632874,0.220510333776474,0.001,0.7311940789222717,1.0155060291290283
4,0.9491525292396545,0.13947293162345886,0.001,0.7254076600074768,1.2867953777313232
5,0.9520416259765625,0.130759596824646,0.001,0.7543398141860962,0.8552195429801941
6,0.9572418928146362,0.11031121760606766,0.001,0.7743293046951294,0.936568558216095
7,0.9753466844558716,0.071181520819664,0.001,0.7269858121871948,1.5624819993972778
8,0.9624422192573547,0.10800925642251968,0.001,0.6054707765579224,1.6109133958816528
9,0.973035454750061,0.07554910331964493,0.001,0.7211993932723999,1.3247507810592651
10,0.9691833853721619,0.0814785361289978,0.001,0.7438190579414368,1.3707666397094727
11,0.9790061712265015,0.057678937911987305,0.001,0.7627564668655396,1.429634928703308
12,0.9861325025558472,0.03548066318035126,0.001,0.7596002221107483,1.8292728662490845
13,0.9711093902587891,0.0868777185678482,0.001,0.7853761315345764,1.2072983980178833
14,0.9857472777366638,0.042266566306352615,0.001,0.7348763942718506,1.78946053981781
15,0.9820878505706787,0.052080608904361725,0.001,0.7490794062614441,1.6240565776824951
16,0.9936440587043762,0.017915792763233185,0.0003,0.765912652015686,1.7499077320098877
17,0.9955701231956482,0.011820178478956223,0.0003,0.7722251415252686,1.5959548950195312
18,0.9978813529014587,0.007770172320306301,0.0003,0.7690688967704773,1.7701905965805054
19,0.9982665777206421,0.006375722587108612,0.0003,0.7601262331008911,1.9691472053527832
20,0.998073935508728,0.004993351176381111,0.0003,0.7559179663658142,1.7854167222976685
21,0.9949923157691956,0.010685451328754425,0.0003,0.7680168151855469,2.0000319480895996
22,0.9986517429351807,0.004255714826285839,0.0003,0.7653866410255432,2.0598506927490234
23,0.998073935508728,0.006995823234319687,0.0003,0.7301420569419861,2.1839983463287354
24,0.9971109628677368,0.007529867812991142,0.0003,0.7685428857803345,1.7844421863555908
25,0.9955701231956482,0.009709222242236137,0.0003,0.7632824778556824,1.9692111015319824
26,0.9986517429351807,0.0039969757199287415,9e-05,0.7837979793548584,1.9763760566711426
27,0.9992296099662781,0.003537409007549286,9e-05,0.7822198867797852,2.0293166637420654
28,0.9992296099662781,0.0029968598391860723,9e-05,0.7769594788551331,2.0005900859832764
29,0.9992296099662781,0.002407670021057129,9e-05,0.7743293046951294,2.1695003509521484
30,0.9992296099662781,0.0027123659383505583,9e-05,0.773277223110199,2.1893022060394287
31,0.9996147751808167,0.0022485703229904175,9e-05,0.7706470489501953,2.2734899520874023
32,0.9994221925735474,0.0021491586230695248,9e-05,0.7680168151855469,2.2675604820251465
33,0.9996147751808167,0.0018490698421373963,9e-05,0.7680168151855469,2.340796947479248
34,0.9998074173927307,0.0011289764661341906,9e-05,0.7601262331008911,2.509202480316162
35,0.9994221925735474,0.0020864305552095175,9e-05,0.7669647336006165,2.402026891708374
36,0.9998074173927307,0.001158158527687192,2.7e-05,0.7664387226104736,2.4087274074554443
37,0.9996147751808167,0.0009641461074352264,2.7e-05,0.7611783146858215,2.413524866104126
38,0.9998074173927307,0.0012630725977942348,2.7e-05,0.7590741515159607,2.424771308898926
39,0.9998074173927307,0.0008553741499781609,2.7e-05,0.7664387226104736,2.5176403522491455
40,0.9998074173927307,0.0009811666095629334,2.7e-05,0.765912652015686,2.510637044906616
41,1.0,0.0007720059948042035,2.7e-05,0.7653866410255432,2.5900685787200928
42,0.9996147751808167,0.0009278114885091782,2.7e-05,0.76380854845047,2.5957393646240234
43,0.9998074173927307,0.0010853722924366593,2.7e-05,0.762230396270752,2.5689477920532227
44,0.9998074173927307,0.0010163704864680767,2.7e-05,0.7653866410255432,2.632791042327881
45,0.9998074173927307,0.0010274929227307439,2.7e-05,0.7611783146858215,2.7131876945495605
46,0.9998074173927307,0.000733693246729672,8.1e-06,0.7611783146858215,2.7163541316986084
47,0.9998074173927307,0.0006143000209704041,8.1e-06,0.7611783146858215,2.712521553039551
48,1.0,0.0006334217614494264,8.1e-06,0.7606523036956787,2.72174072265625
49,0.9996147751808167,0.0006935998681001365,8.1e-06,0.7617043852806091,2.707516670227051
