epoch,accuracy,loss,lr,val_accuracy,val_loss
0,0.6117103099822998,4.331455707550049,0.001,0.2582851052284241,2.580308198928833
1,0.8281972408294678,1.3560922145843506,0.001,0.2582851052284241,6.691222667694092
2,0.8528505563735962,1.1301167011260986,0.001,0.26249343156814575,7.766319751739502
3,0.8653697967529297,0.6556611657142639,0.001,0.13098369538784027,15.295464515686035
4,0.8800076842308044,0.7003164291381836,0.001,0.7443450689315796,1.0727888345718384
5,0.9175654649734497,0.43672582507133484,0.001,0.4061020612716675,7.624400615692139
6,0.9067796468734741,0.5030583143234253,0.001,0.7443450689315796,0.8497171998023987
7,0.9372110962867737,0.25741755962371826,0.001,0.4939505457878113,2.24346923828125
8,0.9491525292396545,0.1859319508075714,0.001,0.5702261924743652,2.16111159324646
9,0.9605161547660828,0.1496686041355133,0.001,0.6759600043296814,1.4148375988006592
10,0.973998486995697,0.07937740534543991,0.001,0.6407154202461243,1.6799685955047607
11,0.9680277109146118,0.1072264239192009,0.001,0.6733298301696777,3.3968496322631836
12,0.964560866355896,0.15623387694358826,0.001,0.7464492321014404,1.29450261592865
13,0.9634052515029907,0.12732748687267303,0.001,0.6896370053291321,1.4463642835617065
14,0.9722650051116943,0.09225325286388397,0.001,0.7480273246765137,0.6551584601402283
15,0.9817026257514954,0.06523270159959793,0.001,0.6728037595748901,1.8156883716583252
16,0.9890215992927551,0.03746834397315979,0.001,0.762230396270752,1.3452441692352295
17,0.9678351283073425,0.11927787214517593,0.001,0.7275118231773376,1.0582245588302612
18,0.9861325025558472,0.03938763216137886,0.001,0.7201473116874695,0.9647886157035828
19,0.9857472777366638,0.048641689121723175,0.001,0.7432929873466492,1.579619288444519
20,0.9963405132293701,0.014347795397043228,0.001,0.7601262331008911,1.2155053615570068
21,0.9880585670471191,0.035766761749982834,0.001,0.6328248381614685,1.8253566026687622
22,0.9919106364250183,0.030925583094358444,0.001,0.6522882580757141,4.139825344085693
23,0.981317400932312,0.06072316691279411,0.001,0.7506575584411621,1.5467389822006226
24,0.9865177273750305,0.05058746412396431,0.001,0.29721200466156006,6.412884712219238
25,0.9826656579971313,0.057171162217855453,0.001,0.7238295674324036,1.9860337972640991
26,0.98420649766922,0.05932887643575668,0.001,0.3961073160171509,18.772226333618164
27,0.9882511496543884,0.055951882153749466,0.001,0.5207785367965698,19.42295265197754
28,0.9368258714675903,0.20983661711215973,0.001,0.6817464232444763,1.664756178855896
29,0.9651386737823486,0.11142346262931824,0.001,0.7196212410926819,0.9783255457878113
30,0.9895994067192078,0.031395092606544495,0.0003,0.7222514748573303,1.118543028831482
31,0.9895994067192078,0.03252671658992767,0.0003,0.7511835694313049,0.9796473383903503
32,0.9955701231956482,0.018496612086892128,0.0003,0.6954234838485718,1.4631942510604858
33,0.9911401867866516,0.025374464690685272,0.0003,0.7459232211112976,1.3957754373550415
34,0.9965331554412842,0.012083716690540314,0.0003,0.7311940789222717,1.5732578039169312
35,0.9959552884101868,0.013369646854698658,0.0003,0.7190952301025391,1.334733486175537
36,0.9994221925735474,0.004610574338585138,0.0003,0.723303496837616,1.2548749446868896
37,0.998073935508728,0.006276818923652172,0.0003,0.7127827405929565,1.7640745639801025
38,0.9961479306221008,0.011111626401543617,0.0003,0.7390847206115723,2.062018394470215
39,0.9946070909500122,0.015380656346678734,0.0003,0.7354024052619934,1.458372950553894
40,0.999036967754364,0.005980451125651598,0.0003,0.7417148947715759,1.6195738315582275
41,0.9982665777206421,0.0052045006304979324,0.0003,0.6775381565093994,2.275226593017578
42,0.9986517429351807,0.004626683425158262,0.0003,0.7201473116874695,1.881553053855896
43,0.9951848983764648,0.014439420774579048,0.0003,0.49289846420288086,6.551177024841309
44,0.9949923157691956,0.016441546380519867,0.0003,0.7254076600074768,2.086827516555786
45,0.9982665777206421,0.005778695922344923,9e-05,0.7201473116874695,1.8404420614242554
46,0.9984591603279114,0.004216903820633888,9e-05,0.7259337306022644,1.7114018201828003
47,0.9971109628677368,0.008792903274297714,9e-05,0.7338243126869202,1.8403961658477783
48,0.9986517429351807,0.0035822689533233643,9e-05,0.7196212410926819,1.7367874383926392
49,0.9998074173927307,0.0016518820775672793,9e-05,0.7264597415924072,1.8288580179214478
