epoch,accuracy,loss,lr,val_accuracy,val_loss
0,0.67719566822052,3.0933139324188232,0.001,0.26301947236061096,4.767134666442871
1,0.7326656579971313,2.4262609481811523,0.001,0.24355602264404297,1598.6297607421875
2,0.7942989468574524,2.0019643306732178,0.001,0.20831140875816345,987.892578125
3,0.7345916628837585,2.2269062995910645,0.001,0.4950026273727417,96.80326843261719
4,0.8701848983764648,0.3896338641643524,0.001,0.6912151575088501,1.7766938209533691
5,0.8996533155441284,0.2966725826263428,0.001,0.5376117825508118,5.176366329193115
6,0.9108243584632874,0.27716848254203796,0.001,0.4944765865802765,4.914554119110107
7,0.7005007863044739,3.206470251083374,0.001,0.2603892683982849,395.0877380371094
8,0.7505778074264526,1.894588828086853,0.001,0.2451341450214386,20.34714698791504
9,0.7532742619514465,1.9238762855529785,0.001,0.44450289011001587,94.9126968383789
10,0.8114407062530518,1.3684982061386108,0.001,0.5691741108894348,5.851946830749512
11,0.8149075508117676,0.9618874192237854,0.001,0.7243555784225464,1.1692008972167969
12,0.865755021572113,0.6563359498977661,0.001,0.4560757577419281,2.432856321334839
13,0.8909861445426941,0.49645188450813293,0.001,0.6849026679992676,0.9384399056434631
14,0.8986902832984924,0.4127338230609894,0.001,0.35455024242401123,5.686657905578613
15,0.9000385403633118,0.6147693395614624,0.001,0.6438716650009155,1.0573657751083374
16,0.912365198135376,0.37609535455703735,0.001,0.6759600043296814,1.727772831916809
17,0.8757703900337219,0.6718440055847168,0.001,0.6007364392280579,43.793216705322266
18,0.9006163477897644,0.5358275175094604,0.001,0.3876906931400299,14.02721118927002
19,0.9379814863204956,0.32581430673599243,0.001,0.7296159863471985,1.4653922319412231
20,0.9385592937469482,0.28311067819595337,0.001,0.6659652590751648,1.7316148281097412
21,0.9420261979103088,0.24956177175045013,0.001,0.7264597415924072,1.7235089540481567
22,0.9395223259925842,0.41340363025665283,0.001,0.45397159457206726,5.8175554275512695
23,0.9497303366661072,0.18835259974002838,0.001,0.45239347219467163,102.89218139648438
24,0.9628274440765381,0.19316360354423523,0.0003,0.7543398141860962,1.6174761056900024
25,0.9753466844558716,0.10360907018184662,0.0003,0.7238295674324036,1.6026556491851807
26,0.980354368686676,0.057340361177921295,0.0003,0.7390847206115723,1.4364018440246582
27,0.9741910696029663,0.10739204287528992,0.0003,0.6791162490844727,1.602274775505066
28,0.9741910696029663,0.1214808002114296,0.0003,0.7117306590080261,1.5886269807815552
29,0.9780431389808655,0.10583290457725525,0.0003,0.6570225954055786,2.6360995769500732
30,0.9828582406044006,0.076386459171772,0.0003,0.7422409057617188,1.428659439086914
31,0.9784283638000488,0.0823889821767807,0.0003,0.5349816083908081,4.248138427734375
32,0.9853621125221252,0.06034790351986885,0.0003,0.6817464232444763,2.0145108699798584
33,0.9765022993087769,0.09115824848413467,0.0003,0.7122567296028137,1.6820746660232544
34,0.9830508232116699,0.06341399997472763,9e-05,0.6959494948387146,1.922354817390442
35,0.9859399199485779,0.04908567667007446,9e-05,0.724881649017334,1.7688755989074707
36,0.9903697967529297,0.030360642820596695,9e-05,0.7069963216781616,1.8327374458312988
37,0.991718053817749,0.03354169428348541,9e-05,0.6701735854148865,2.1266744136810303
38,0.9913328289985657,0.02428138256072998,9e-05,0.7038400769233704,1.8413364887237549
39,0.990755021572113,0.03488865867257118,9e-05,0.6985796689987183,1.9593935012817383
40,0.9899845719337463,0.0320129320025444,9e-05,0.7222514748573303,1.7218620777130127
41,0.9895994067192078,0.03469618409872055,9e-05,0.7033140659332275,1.8588062524795532
42,0.991525411605835,0.02613716572523117,9e-05,0.6943714022636414,1.9926629066467285
43,0.9901772141456604,0.03886896371841431,9e-05,0.7133088111877441,2.1275124549865723
44,0.9942218661308289,0.01575874350965023,2.7e-05,0.7211993932723999,1.9433857202529907
45,0.9953774809837341,0.016348686069250107,2.7e-05,0.7075223326683044,1.9454385042190552
46,0.9955701231956482,0.015496444888412952,2.7e-05,0.735928475856781,1.8252151012420654
47,0.9949923157691956,0.01636533997952938,2.7e-05,0.7311940789222717,1.8218026161193848
48,0.9934514760971069,0.02041548676788807,2.7e-05,0.7206733226776123,1.8855690956115723
49,0.9963405132293701,0.01700819469988346,2.7e-05,0.7054182291030884,1.9356544017791748
