epoch,accuracy,loss,lr,val_accuracy,val_loss
0,0.5828197002410889,4.373172283172607,0.001,0.19936875998973846,8.113269805908203
1,0.760208010673523,1.3742940425872803,0.001,0.26301947236061096,6.221897125244141
2,0.8251155614852905,0.7245831489562988,0.001,0.7227774858474731,1.3282036781311035
3,0.8696070909500122,0.5330926179885864,0.001,0.7911625504493713,0.5506204962730408
4,0.8701848983764648,0.6003996133804321,0.001,0.5476065278053284,2.952991247177124
5,0.9050462245941162,0.37216436862945557,0.001,0.5013151168823242,2.6829371452331543
6,0.9106317162513733,0.3841998875141144,0.001,0.7375065684318542,0.5831231474876404
7,0.9062018394470215,0.3732371926307678,0.001,0.26722776889801025,39.36573028564453
8,0.9252696633338928,0.2116159200668335,0.001,0.7222514748573303,0.6706590056419373
9,0.9597457647323608,0.15045151114463806,0.001,0.7995791435241699,0.6866486072540283
10,0.9535824060440063,0.16646236181259155,0.001,0.7338243126869202,0.9345982670783997
11,0.9662942886352539,0.12035227566957474,0.001,0.6991057395935059,1.513972520828247
12,0.9763097167015076,0.06694761663675308,0.001,0.7780115604400635,0.6391499042510986
13,0.9809321761131287,0.06427529454231262,0.001,0.5654918551445007,1.8284481763839722
14,0.9872881174087524,0.041720498353242874,0.0003,0.644923746585846,1.4684940576553345
15,0.992488443851471,0.027709491550922394,0.0003,0.7264597415924072,1.151240348815918
16,0.9942218661308289,0.019133947789669037,0.0003,0.7327722311019897,1.0409520864486694
17,0.9967257380485535,0.011741152964532375,0.0003,0.7596002221107483,1.0527273416519165
18,0.9969183206558228,0.009690875187516212,0.0003,0.7632824778556824,1.01727294921875
19,0.9963405132293701,0.017270227894186974,0.0003,0.7069963216781616,1.0026286840438843
20,0.9936440587043762,0.022469963878393173,0.0003,0.7332982420921326,1.176810383796692
21,0.9965331554412842,0.013117615133523941,0.0003,0.7269858121871948,1.0087838172912598
22,0.9967257380485535,0.010751187801361084,0.0003,0.6922672390937805,1.2912880182266235
23,0.9942218661308289,0.019085414707660675,0.0003,0.734350323677063,1.247686743736267
24,0.9984591603279114,0.007104973774403334,9e-05,0.7364544868469238,1.091428518295288
25,0.998073935508728,0.004138560965657234,9e-05,0.7369805574417114,1.125884771347046
26,0.9988443851470947,0.006293094716966152,9e-05,0.713834822177887,1.3410345315933228
27,0.9978813529014587,0.00804980844259262,9e-05,0.6891109943389893,1.2654311656951904
28,0.9986517429351807,0.004056314472109079,9e-05,0.6733298301696777,1.4287892580032349
29,0.9984591603279114,0.0046808491460978985,9e-05,0.7280378937721252,1.1627721786499023
30,0.999036967754364,0.0036110994406044483,9e-05,0.7222514748573303,1.2317289113998413
31,0.9994221925735474,0.0034652710892260075,9e-05,0.7159389853477478,1.126081943511963
32,0.9967257380485535,0.007990597747266293,9e-05,0.7327722311019897,1.20384681224823
33,0.9986517429351807,0.005998197011649609,9e-05,0.7390847206115723,1.1423393487930298
34,0.998073935508728,0.006396326702088118,2.7e-05,0.7159389853477478,1.20697021484375
35,0.999036967754364,0.0031765513122081757,2.7e-05,0.7332982420921326,1.1550859212875366
36,0.9986517429351807,0.0046478803269565105,2.7e-05,0.6812204122543335,1.2547870874404907
37,0.999036967754364,0.0034247550647705793,2.7e-05,0.735928475856781,1.190918207168579
38,0.9996147751808167,0.0018743353430181742,2.7e-05,0.7348763942718506,1.2160494327545166
39,0.9994221925735474,0.0019322347361594439,2.7e-05,0.717517077922821,1.2392040491104126
40,0.9998074173927307,0.0015574690187349916,2.7e-05,0.7269858121871948,1.2686798572540283
41,0.9998074173927307,0.0010025524534285069,2.7e-05,0.7211993932723999,1.2250585556030273
42,0.9996147751808167,0.001435799989849329,2.7e-05,0.7369805574417114,1.2057896852493286
43,0.9998074173927307,0.0011330419220030308,2.7e-05,0.7338243126869202,1.2188929319381714
44,0.9998074173927307,0.0009993877029046416,8.1e-06,0.7227774858474731,1.2220219373703003
45,0.999036967754364,0.004122658167034388,8.1e-06,0.7269858121871948,1.2196599245071411
46,0.9994221925735474,0.002035625046119094,8.1e-06,0.7354024052619934,1.163617491722107
47,0.9994221925735474,0.0030339425429701805,8.1e-06,0.7180431485176086,1.2504559755325317
48,0.9998074173927307,0.0015182241331785917,8.1e-06,0.7101525664329529,1.286691427230835
49,0.999036967754364,0.004684419371187687,8.1e-06,0.7496054768562317,1.2099589109420776
50,0.9996147751808167,0.0011526766465976834,8.1e-06,0.7227774858474731,1.2662829160690308
51,0.9996147751808167,0.001508829416707158,8.1e-06,0.7180431485176086,1.238008737564087
52,1.0,0.0006476125563494861,8.1e-06,0.7227774858474731,1.1994296312332153
53,0.999036967754364,0.002968831919133663,8.1e-06,0.7038400769233704,1.4258270263671875
54,0.9996147751808167,0.0013016082812100649,2.43e-06,0.7091004848480225,1.3826931715011597
55,0.9996147751808167,0.0010666829766705632,2.43e-06,0.717517077922821,1.3350310325622559
56,0.9994221925735474,0.0017015091143548489,2.43e-06,0.717517077922821,1.3133031129837036
57,0.9998074173927307,0.000861017033457756,2.43e-06,0.7222514748573303,1.263860821723938
58,0.9998074173927307,0.0009707013959996402,2.43e-06,0.7201473116874695,1.2669981718063354
59,1.0,0.0006550014368258417,2.43e-06,0.7206733226776123,1.2734220027923584
60,0.9996147751808167,0.00198399112559855,2.43e-06,0.7154129147529602,1.275139331817627
61,0.9998074173927307,0.0010822104522958398,2.43e-06,0.717517077922821,1.2833366394042969
62,0.9998074173927307,0.0012100047897547483,2.43e-06,0.7269858121871948,1.245948076248169
63,0.9998074173927307,0.0006650205468758941,2.43e-06,0.7211993932723999,1.2666414976119995
64,0.9992296099662781,0.003118271706625819,1e-06,0.723303496837616,1.2710630893707275
65,0.9998074173927307,0.0012702587991952896,1e-06,0.7196212410926819,1.2676153182983398
66,0.9994221925735474,0.0012697628699243069,1e-06,0.7290899753570557,1.252572774887085
67,0.9996147751808167,0.0010870542610064149,1e-06,0.7206733226776123,1.296259880065918
68,0.9992296099662781,0.0018076550913974643,1e-06,0.7201473116874695,1.285058617591858
69,0.9998074173927307,0.0007910234271548688,1e-06,0.7211993932723999,1.2816158533096313
70,1.0,0.0007629917818121612,1e-06,0.7196212410926819,1.2670838832855225
71,0.9998074173927307,0.0008933632052503526,1e-06,0.7238295674324036,1.2782037258148193
72,0.999036967754364,0.003057532012462616,1e-06,0.7238295674324036,1.2645368576049805
73,0.9994221925735474,0.0014433118049055338,1e-06,0.7206733226776123,1.274114966392517
74,0.9992296099662781,0.0035178011748939753,1e-06,0.7190952301025391,1.283032774925232
75,0.9998074173927307,0.0008056212682276964,1e-06,0.7201473116874695,1.2677983045578003
76,1.0,0.0005669775418937206,1e-06,0.7190952301025391,1.2741042375564575
77,0.9992296099662781,0.004695674404501915,1e-06,0.7154129147529602,1.2617642879486084
78,0.9998074173927307,0.0009676163899712265,1e-06,0.7164649963378906,1.2503737211227417
79,1.0,0.0006229710415937006,1e-06,0.713834822177887,1.2680318355560303
80,1.0,0.0006526768556796014,1e-06,0.7143608331680298,1.2615758180618286
81,1.0,0.0005701451445929706,1e-06,0.7164649963378906,1.253782033920288
82,0.9998074173927307,0.0012753242626786232,1e-06,0.7164649963378906,1.2845304012298584
83,0.9998074173927307,0.0006555417785421014,1e-06,0.7143608331680298,1.2924582958221436
84,0.9992296099662781,0.0026411914732307196,1e-06,0.7143608331680298,1.2905439138412476
85,0.9994221925735474,0.00191653857473284,1e-06,0.724881649017334,1.272947072982788
86,0.9988443851470947,0.00217129266820848,1e-06,0.7254076600074768,1.2583950757980347
87,0.9998074173927307,0.002026587724685669,1e-06,0.7243555784225464,1.2524393796920776
88,1.0,0.0005061466945335269,1e-06,0.7201473116874695,1.2525763511657715
89,0.9996147751808167,0.0019086779793724418,1e-06,0.7169910669326782,1.2511934041976929
90,0.9998074173927307,0.000691608467604965,1e-06,0.7196212410926819,1.2583292722702026
91,0.9994221925735474,0.002054598182439804,1e-06,0.7196212410926819,1.2403560876846313
92,0.9996147751808167,0.0013953875750303268,1e-06,0.7185691595077515,1.2655243873596191
93,0.9996147751808167,0.0017176010878756642,1e-06,0.7222514748573303,1.223212480545044
94,0.9998074173927307,0.000951964408159256,1e-06,0.7169910669326782,1.256730318069458
95,1.0,0.0005560403224080801,1e-06,0.7185691595077515,1.2710113525390625
96,0.9998074173927307,0.0006679615471512079,1e-06,0.7185691595077515,1.2759239673614502
97,1.0,0.0006238934001885355,1e-06,0.7238295674324036,1.2641245126724243
98,1.0,0.00038969595334492624,1e-06,0.7206733226776123,1.2660940885543823
99,0.9996147751808167,0.001399870146997273,1e-06,0.7180431485176086,1.2838964462280273
100,0.9998074173927307,0.000858562474604696,1e-06,0.7190952301025391,1.273765206336975
101,0.9994221925735474,0.00190635584294796,1e-06,0.7211993932723999,1.2880277633666992
102,1.0,0.00040187773993238807,1e-06,0.7227774858474731,1.279604196548462
103,0.9998074173927307,0.0014981008134782314,1e-06,0.7238295674324036,1.2700676918029785
