epoch,accuracy,loss,val_accuracy,val_loss
0,0.5262054800987244,0.7006930112838745,0.5454545617103577,0.683587372303009
1,0.5890985131263733,0.6757491230964661,0.5454545617103577,0.7239039540290833
2,0.6037735939025879,0.6581969857215881,0.5454545617103577,0.8681497573852539
3,0.6341719031333923,0.6445991396903992,0.5454545617103577,1.0806946754455566
4,0.6572327017784119,0.6273557543754578,0.5454545617103577,1.2813279628753662
5,0.6771488189697266,0.6164175868034363,0.5454545617103577,1.382319450378418
6,0.6928721070289612,0.5945703983306885,0.5454545617103577,1.347286343574524
7,0.705450713634491,0.5797426700592041,0.5454545617103577,1.2163918018341064
8,0.694968581199646,0.5825023651123047,0.5454545617103577,1.0294548273086548
9,0.7138364911079407,0.5718433856964111,0.5454545617103577,0.7797399759292603
10,0.7023060917854309,0.5725658535957336,0.5454545617103577,0.742286205291748
11,0.704402506351471,0.5705304741859436,0.5454545617103577,0.7818253636360168
12,0.7295597195625305,0.5541365742683411,0.5454545617103577,0.7566386461257935
13,0.7211740016937256,0.5430722832679749,0.5454545617103577,0.7740644216537476
14,0.7232704162597656,0.5555657744407654,0.5151515007019043,0.8340857028961182
15,0.7075471878051758,0.5637038350105286,0.5404040217399597,0.8605391383171082
16,0.7064989805221558,0.558381199836731,0.5303030014038086,0.8331590890884399
17,0.7306079864501953,0.5376174449920654,0.47979798913002014,0.9290496110916138
18,0.7295597195625305,0.538751482963562,0.3888888955116272,0.8722716569900513
19,0.7348008155822754,0.5476692914962769,0.5151515007019043,0.8542133569717407
20,0.74737948179245,0.5236941576004028,0.46464645862579346,0.8147987723350525
21,0.7295597195625305,0.5335813164710999,0.5101010203361511,0.9588437080383301
22,0.7410901188850403,0.5262457132339478,0.5151515007019043,0.8848469257354736
23,0.7348008155822754,0.5303100943565369,0.469696968793869,0.9029799103736877
24,0.7442348003387451,0.5229225754737854,0.4545454680919647,0.7406488060951233
25,0.7431865930557251,0.5319560170173645,0.5101010203361511,0.9422793984413147
