epoch,accuracy,loss,val_accuracy,val_loss
0,0.5146750807762146,0.6930571794509888,0.5454545617103577,0.6871272325515747
1,0.5775681138038635,0.6801725029945374,0.5454545617103577,0.7182042002677917
2,0.6477987170219421,0.654982328414917,0.5454545617103577,0.8553061485290527
3,0.6383647918701172,0.6493982076644897,0.5454545617103577,1.0803279876708984
4,0.6436058878898621,0.6328607797622681,0.5454545617103577,1.3359707593917847
5,0.6761006116867065,0.620932936668396,0.5454545617103577,1.502366304397583
6,0.6844863891601562,0.6175320744514465,0.5454545617103577,1.5547704696655273
7,0.6844863891601562,0.5991628766059875,0.5454545617103577,1.471788763999939
8,0.697064995765686,0.5916942358016968,0.5454545617103577,1.27449369430542
9,0.697064995765686,0.5898441076278687,0.5454545617103577,1.0147827863693237
10,0.7127882838249207,0.5734180212020874,0.5454545617103577,0.9467018246650696
11,0.7085953950881958,0.564042329788208,0.5454545617103577,0.7754039764404297
12,0.6991614103317261,0.5741708874702454,0.5454545617103577,0.8324297666549683
13,0.7169811129570007,0.5632864236831665,0.5303030014038086,0.8584337830543518
14,0.7180293798446655,0.5639270544052124,0.4595959484577179,0.8893753290176392
15,0.7274633049964905,0.5562695860862732,0.5101010203361511,0.9352684617042542
16,0.7368972897529602,0.5532161593437195,0.3737373650074005,0.965503990650177
17,0.7316561937332153,0.5511927008628845,0.34343433380126953,0.9122664332389832
18,0.7358490824699402,0.5448283553123474,0.24747474491596222,1.003050446510315
19,0.7463312149047852,0.5336756706237793,0.32828283309936523,1.0528252124786377
20,0.74737948179245,0.5409306883811951,0.39898988604545593,1.0592280626296997
21,0.7463312149047852,0.5246113538742065,0.47979798913002014,0.915092408657074
22,0.7306079864501953,0.5420191287994385,0.4747474789619446,1.123854160308838
23,0.7327044010162354,0.5337881445884705,0.469696968793869,1.0573242902755737
24,0.7662473917007446,0.5105879902839661,0.469696968793869,1.001069188117981
25,0.7557651996612549,0.5208200216293335,0.5,0.7339873909950256
