epoch,accuracy,loss,val_accuracy,val_loss
0,0.5303983092308044,0.6939417123794556,0.5454545617103577,0.6881555318832397
1,0.554507315158844,0.681781530380249,0.5454545617103577,0.7228106260299683
2,0.597484290599823,0.6682376861572266,0.5454545617103577,0.8442580103874207
3,0.6341719031333923,0.650996744632721,0.5454545617103577,1.0584617853164673
4,0.6635220050811768,0.6281542778015137,0.5454545617103577,1.2965010404586792
5,0.653039813041687,0.6292814612388611,0.5454545617103577,1.4255155324935913
6,0.6603773832321167,0.6101058125495911,0.5454545617103577,1.437321662902832
7,0.6823899149894714,0.6002665758132935,0.5454545617103577,1.3572192192077637
8,0.6928721070289612,0.5877373814582825,0.5454545617103577,1.1854171752929688
9,0.697064995765686,0.5744834542274475,0.5454545617103577,0.9341886043548584
10,0.7106918096542358,0.5800378322601318,0.5454545617103577,0.7394801378250122
11,0.696016788482666,0.5668043494224548,0.5454545617103577,0.7736294865608215
12,0.7033542990684509,0.5736891627311707,0.5454545617103577,0.7291445732116699
13,0.7127882838249207,0.5656072497367859,0.5404040217399597,0.7740515470504761
14,0.7096436023712158,0.5592490434646606,0.5101010203361511,0.798332154750824
15,0.7358490824699402,0.5467260479927063,0.5202020406723022,0.8654456734657288
16,0.7085953950881958,0.5694093704223633,0.3484848439693451,0.8367725014686584
17,0.7264150977134705,0.5442891120910645,0.3737373650074005,0.9191680550575256
18,0.7274633049964905,0.5482831597328186,0.47979798913002014,0.8782490491867065
19,0.7421383857727051,0.5356579422950745,0.5151515007019043,0.854360044002533
20,0.7316561937332153,0.5467702150344849,0.5202020406723022,0.809945821762085
21,0.7442348003387451,0.5395053625106812,0.5404040217399597,0.9310557246208191
22,0.74737948179245,0.5285694599151611,0.44949495792388916,0.9133495688438416
23,0.7431865930557251,0.5465814471244812,0.5202020406723022,0.8947566151618958
24,0.7285115122795105,0.5367818474769592,0.5202020406723022,0.8132967948913574
25,0.7557651996612549,0.520725429058075,0.5151515007019043,0.8315207958221436
