epoch,accuracy,loss,val_accuracy,val_loss
0,0.5188679099082947,0.6985101103782654,0.5454545617103577,0.6856493949890137
1,0.5744234919548035,0.6712024807929993,0.5454545617103577,0.6921052932739258
2,0.598532497882843,0.6590906977653503,0.5454545617103577,0.7794210910797119
3,0.6268343925476074,0.6525870561599731,0.5454545617103577,0.9628046751022339
4,0.642557680606842,0.6419131755828857,0.5454545617103577,1.1391918659210205
5,0.649895191192627,0.6227579116821289,0.5454545617103577,1.169743537902832
6,0.6740041971206665,0.6105293035507202,0.5454545617103577,1.1316300630569458
7,0.6781970858573914,0.6018364429473877,0.5454545617103577,1.0842323303222656
8,0.6761006116867065,0.5983334183692932,0.5454545617103577,0.9630902409553528
9,0.6897274851799011,0.5810248851776123,0.5454545617103577,0.9021288752555847
10,0.6886792182922363,0.5769686102867126,0.5454545617103577,0.7869820594787598
11,0.6897274851799011,0.5922060608863831,0.5454545617103577,0.7098185420036316
12,0.6844863891601562,0.5884168744087219,0.5454545617103577,0.8186182379722595
13,0.7023060917854309,0.577637791633606,0.5,0.7599496841430664
14,0.7064989805221558,0.5577365159988403,0.5151515007019043,0.8201499581336975
15,0.7274633049964905,0.5545302033424377,0.4848484992980957,0.8185806274414062
16,0.7096436023712158,0.5550935864448547,0.4595959484577179,0.8183930516242981
17,0.704402506351471,0.5588948130607605,0.469696968793869,0.823154866695404
18,0.7106918096542358,0.5547626614570618,0.4747474789619446,0.8208770155906677
19,0.7379454970359802,0.5473071932792664,0.4444444477558136,0.8261369466781616
20,0.7348008155822754,0.5306853652000427,0.4747474789619446,0.8410192131996155
21,0.7358490824699402,0.5413755774497986,0.4545454680919647,0.9620305895805359
22,0.7127882838249207,0.5426506400108337,0.44949495792388916,0.8152158856391907
23,0.7295597195625305,0.5386943221092224,0.47979798913002014,0.7803450226783752
24,0.7410901188850403,0.5364031195640564,0.4444444477558136,0.7234483957290649
25,0.75052410364151,0.5350333452224731,0.4747474789619446,0.8244531154632568
