epoch,accuracy,loss,val_accuracy,val_loss
0,0.5136268138885498,0.7085298895835876,0.5454545617103577,0.688044011592865
1,0.5670859813690186,0.6855485439300537,0.5454545617103577,0.7046953439712524
2,0.6058700084686279,0.6681658029556274,0.5454545617103577,0.7785396575927734
3,0.6551362872123718,0.6490786671638489,0.5454545617103577,0.9162083864212036
4,0.6656184196472168,0.6347489356994629,0.5454545617103577,1.0935454368591309
5,0.6802935004234314,0.626789927482605,0.5454545617103577,1.2716747522354126
6,0.6844863891601562,0.6142488121986389,0.5454545617103577,1.3552109003067017
7,0.6918238997459412,0.5875180959701538,0.5454545617103577,1.2999825477600098
8,0.7190775871276855,0.5803827047348022,0.5454545617103577,1.2944961786270142
9,0.7274633049964905,0.5759422779083252,0.5454545617103577,1.0538849830627441
10,0.7400419116020203,0.5794146060943604,0.5454545617103577,0.9061402082443237
11,0.7274633049964905,0.5713409781455994,0.5454545617103577,0.7999787926673889
12,0.7159329056739807,0.5669557452201843,0.5454545617103577,0.7828706502914429
13,0.7169811129570007,0.573745846748352,0.5454545617103577,0.8270061016082764
14,0.7306079864501953,0.5648927688598633,0.4848484992980957,0.8195309042930603
15,0.7327044010162354,0.5573946833610535,0.5404040217399597,0.7580669522285461
16,0.7127882838249207,0.555030882358551,0.49494948983192444,0.7953155040740967
17,0.7232704162597656,0.5514093637466431,0.4848484992980957,0.825214684009552
18,0.7253668904304504,0.5529740452766418,0.5353535413742065,0.8379459381103516
19,0.7159329056739807,0.5421047806739807,0.4848484992980957,0.7809843420982361
20,0.7463312149047852,0.5281678438186646,0.5353535413742065,0.8166232109069824
21,0.75157231092453,0.532852053642273,0.5202020406723022,0.7261384129524231
22,0.7442348003387451,0.5328803062438965,0.49494948983192444,0.8404985666275024
23,0.7358490824699402,0.5345852375030518,0.5353535413742065,0.8251857757568359
24,0.7641509175300598,0.5142797827720642,0.5101010203361511,0.7098293304443359
25,0.7693920135498047,0.5138588547706604,0.5404040217399597,0.8674964308738708
