epoch,accuracy,loss,val_accuracy,val_loss
0,0.5503144860267639,0.6994979977607727,0.5454545617103577,0.6871704459190369
1,0.597484290599823,0.6702889204025269,0.5454545617103577,0.7024932503700256
2,0.6153039932250977,0.6488097906112671,0.5454545617103577,0.7937740683555603
3,0.6624737977981567,0.6374087929725647,0.5454545617103577,0.9613483548164368
4,0.6624737977981567,0.6216300129890442,0.5454545617103577,1.187119483947754
5,0.6907756924629211,0.6055126786231995,0.5454545617103577,1.3352835178375244
6,0.6771488189697266,0.6043989658355713,0.5454545617103577,1.333061933517456
7,0.6886792182922363,0.5947546362876892,0.5454545617103577,1.2233682870864868
8,0.7106918096542358,0.5785809755325317,0.5454545617103577,1.0649657249450684
9,0.6991614103317261,0.5766319632530212,0.5454545617103577,0.9246589541435242
10,0.7306079864501953,0.5753183364868164,0.5454545617103577,0.8584759831428528
11,0.7368972897529602,0.5602423548698425,0.5454545617103577,0.7382633686065674
12,0.7295597195625305,0.5587966442108154,0.5454545617103577,0.7341609001159668
13,0.7159329056739807,0.5616059899330139,0.46464645862579346,0.8198368549346924
14,0.7358490824699402,0.5409970879554749,0.4545454680919647,0.8330590128898621
15,0.7180293798446655,0.5466486215591431,0.2373737394809723,0.9396824836730957
16,0.7431865930557251,0.5464245080947876,0.3080808222293854,0.8715620040893555
17,0.7368972897529602,0.5347023010253906,0.4444444477558136,0.814690351486206
18,0.7389937043190002,0.5377551317214966,0.43939393758773804,0.8918215036392212
19,0.7452830076217651,0.535458505153656,0.3636363744735718,0.9464924335479736
20,0.7421383857727051,0.5279370546340942,0.4898989796638489,0.8316708207130432
21,0.7400419116020203,0.5393093824386597,0.44949495792388916,0.7391872406005859
22,0.7285115122795105,0.5459362268447876,0.4191919267177582,0.9042089581489563
23,0.7452830076217651,0.5191822648048401,0.33838382363319397,0.9208416938781738
24,0.74842768907547,0.5060142278671265,0.5050504803657532,0.8451249599456787
25,0.75262051820755,0.5211653113365173,0.4898989796638489,0.7625642418861389
