epoch,accuracy,loss,val_accuracy,val_loss
0,0.5083857178688049,0.7060618996620178,0.5454545617103577,0.6901246905326843
1,0.5870020985603333,0.6792110204696655,0.5454545617103577,0.6921816468238831
2,0.6268343925476074,0.6563096642494202,0.5454545617103577,0.7790305614471436
3,0.6467505097389221,0.6456407308578491,0.5454545617103577,0.9623981714248657
4,0.6614255905151367,0.6338123083114624,0.5454545617103577,1.177408218383789
5,0.6865828037261963,0.6134682297706604,0.5454545617103577,1.3240993022918701
6,0.6897274851799011,0.6013447046279907,0.5454545617103577,1.3126157522201538
7,0.6666666865348816,0.5995450019836426,0.5454545617103577,1.1974226236343384
8,0.7243186831474304,0.5688006281852722,0.5454545617103577,1.0132300853729248
9,0.694968581199646,0.5835480690002441,0.5454545617103577,0.9496468305587769
10,0.7075471878051758,0.5674606561660767,0.5454545617103577,0.7972011566162109
11,0.7201257944107056,0.5579002499580383,0.5454545617103577,0.7201855778694153
12,0.7169811129570007,0.5635069012641907,0.5454545617103577,0.808989942073822
13,0.7201257944107056,0.5645762085914612,0.5454545617103577,0.7461782097816467
14,0.7117400169372559,0.5613349676132202,0.5404040217399597,0.8522027730941772
15,0.7190775871276855,0.5429538488388062,0.5151515007019043,0.8141014575958252
16,0.7316561937332153,0.5513930916786194,0.4747474789619446,0.8603634834289551
17,0.7316561937332153,0.5368685722351074,0.5151515007019043,0.7946343421936035
18,0.7316561937332153,0.5417474508285522,0.40909090638160706,0.8751693367958069
19,0.7358490824699402,0.5303160548210144,0.3787878751754761,0.8572534918785095
20,0.7463312149047852,0.5329346060752869,0.4595959484577179,0.9565578699111938
21,0.7306079864501953,0.5370903611183167,0.49494948983192444,0.8714892268180847
22,0.7327044010162354,0.5333148837089539,0.5202020406723022,0.9430388808250427
23,0.7285115122795105,0.5444703102111816,0.5101010203361511,0.8749053478240967
24,0.7421383857727051,0.5154919624328613,0.38383838534355164,0.8330703377723694
25,0.7274633049964905,0.5313056111335754,0.5050504803657532,0.7093384861946106
