epoch,accuracy,loss,val_accuracy,val_loss
0,0.48951780796051025,0.705399215221405,0.5454545617103577,0.6860401630401611
1,0.5817610025405884,0.6684727668762207,0.5454545617103577,0.7142361998558044
2,0.650943398475647,0.6455075740814209,0.5454545617103577,0.8476465344429016
3,0.6299790143966675,0.6479088664054871,0.5454545617103577,1.0519477128982544
4,0.6593291163444519,0.6241146326065063,0.5454545617103577,1.2987090349197388
5,0.6729559898376465,0.609196126461029,0.5454545617103577,1.4759637117385864
6,0.696016788482666,0.5921335220336914,0.5454545617103577,1.5548828840255737
7,0.7012578845024109,0.5871598124504089,0.5454545617103577,1.508649468421936
8,0.7201257944107056,0.5687340497970581,0.5454545617103577,1.3025338649749756
9,0.7180293798446655,0.5681127905845642,0.5454545617103577,1.1704448461532593
10,0.7033542990684509,0.5735100507736206,0.5454545617103577,1.0674610137939453
11,0.7127882838249207,0.5648186802864075,0.5454545617103577,0.9264060258865356
12,0.7211740016937256,0.5682457685470581,0.5454545617103577,0.8701729774475098
13,0.7190775871276855,0.5574304461479187,0.5454545617103577,0.9028425812721252
14,0.7243186831474304,0.5617132186889648,0.5454545617103577,0.902858316898346
15,0.7379454970359802,0.54415363073349,0.5454545617103577,0.8809725642204285
16,0.7327044010162354,0.5531938672065735,0.5404040217399597,0.9871836304664612
17,0.7306079864501953,0.5446412563323975,0.5353535413742065,0.9981220960617065
18,0.7421383857727051,0.5332090854644775,0.5353535413742065,0.8862245082855225
19,0.7358490824699402,0.531518280506134,0.4444444477558136,0.9604867696762085
20,0.7327044010162354,0.5331249833106995,0.4898989796638489,0.8859758973121643
21,0.7547169923782349,0.5111669301986694,0.4898989796638489,0.9039005041122437
22,0.74737948179245,0.5097078084945679,0.5353535413742065,0.8664989471435547
23,0.74842768907547,0.5287742018699646,0.5404040217399597,0.8328344225883484
24,0.7316561937332153,0.536952793598175,0.5454545617103577,0.8833434581756592
25,0.7589098811149597,0.5228130221366882,0.5050504803657532,0.9869787693023682
