epoch,accuracy,loss,val_accuracy,val_loss
0,0.553459107875824,0.6946697235107422,0.5454545617103577,0.6910244822502136
1,0.5849056839942932,0.6748592257499695,0.5454545617103577,0.745303750038147
2,0.5838574171066284,0.6709344983100891,0.5454545617103577,0.8856310844421387
3,0.6394129991531372,0.6491028070449829,0.5454545617103577,1.107658863067627
4,0.6352201104164124,0.6404727101325989,0.5454545617103577,1.3209681510925293
5,0.6687631011009216,0.6235655546188354,0.5454545617103577,1.4839273691177368
6,0.6561844944953918,0.6118724942207336,0.5454545617103577,1.4846574068069458
7,0.6907756924629211,0.603938639163971,0.5454545617103577,1.36686110496521
8,0.6865828037261963,0.5965854525566101,0.5454545617103577,1.1728296279907227
9,0.6761006116867065,0.5877586007118225,0.5454545617103577,0.9435051679611206
10,0.6844863891601562,0.5837752223014832,0.5454545617103577,0.8303554058074951
11,0.7096436023712158,0.5725904703140259,0.5454545617103577,0.8009207248687744
12,0.694968581199646,0.5764899849891663,0.5454545617103577,0.795347273349762
13,0.7222222089767456,0.5709847807884216,0.5404040217399597,0.8380523920059204
14,0.7190775871276855,0.5506402254104614,0.5353535413742065,0.8432796597480774
15,0.7222222089767456,0.5564916133880615,0.44949495792388916,0.849032998085022
16,0.7148846983909607,0.5541859269142151,0.49494948983192444,0.9017488360404968
17,0.7222222089767456,0.5496092438697815,0.3888888955116272,0.892784059047699
18,0.7148846983909607,0.557956337928772,0.4141414165496826,0.899819016456604
19,0.7253668904304504,0.556232750415802,0.43939393758773804,0.9233327507972717
20,0.7410901188850403,0.5486950874328613,0.3636363744735718,0.936726450920105
21,0.7389937043190002,0.5407909750938416,0.49494948983192444,0.9124149084091187
22,0.697064995765686,0.5609039664268494,0.46464645862579346,0.8702313303947449
23,0.7410901188850403,0.5471567511558533,0.4747474789619446,0.847970724105835
24,0.7075471878051758,0.5654834508895874,0.4595959484577179,0.8042382001876831
25,0.7348008155822754,0.5328524112701416,0.4898989796638489,0.8281118869781494
