epoch,accuracy,loss,lr,val_accuracy,val_loss
0,0.4786040782928467,1.419093370437622,0.001,0.523644745349884,1.29951810836792
1,0.5916078090667725,1.1128638982772827,0.001,0.5028834939002991,1.4981971979141235
2,0.5862069129943848,1.0923335552215576,0.001,0.43252596259117126,1.536136507987976
3,0.6310760378837585,0.9101055264472961,0.001,0.4728950262069702,1.8849750757217407
4,0.6597424149513245,0.7938768267631531,0.001,0.3956170678138733,2.189462184906006
5,0.7095969915390015,0.7304061055183411,0.001,0.30219146609306335,2.5987322330474854
6,0.7424179315567017,0.6479173302650452,0.001,0.29296424984931946,3.12967586517334
7,0.7756543159484863,0.5859553217887878,0.001,0.4567474126815796,2.5864064693450928
8,0.7769007086753845,0.5561440587043762,0.001,0.38292965292930603,2.3946053981781006
9,0.8034898042678833,0.5024868249893188,0.001,0.3148788809776306,2.852755069732666
10,0.7939343452453613,0.5327499508857727,0.001,0.4036908745765686,2.6000516414642334
11,0.863730788230896,0.3956875205039978,0.0003,0.3598615825176239,3.568211793899536
12,0.8874117136001587,0.30212053656578064,0.0003,0.3852364420890808,3.978219985961914
13,0.8957208395004272,0.2795499265193939,0.0003,0.3956170678138733,4.16301155090332
14,0.904029905796051,0.24388939142227173,0.0003,0.45213380455970764,3.9674232006073
15,0.912754476070404,0.23938031494617462,0.0003,0.4382929503917694,4.025825500488281
16,0.912754476070404,0.22444534301757812,0.0003,0.4048442840576172,4.131587028503418
17,0.926048994064331,0.18399329483509064,0.0003,0.41637831926345825,4.17943000793457
18,0.9140008091926575,0.2262444943189621,0.0003,0.3679354190826416,4.424070358276367
19,0.9376817345619202,0.16920225322246552,0.0003,0.3356401324272156,4.225210666656494
20,0.9518072009086609,0.13813628256320953,0.0003,0.3679354190826416,4.803072452545166
21,0.9601163268089294,0.10849636793136597,9e-05,0.3425605595111847,4.701203346252441
22,0.9621936082839966,0.1010599136352539,9e-05,0.37370243668556213,4.376317501068115
23,0.959700882434845,0.1079069972038269,9e-05,0.33679354190826416,5.004641056060791
24,0.9655172228813171,0.09225080162286758,9e-05,0.36447519063949585,4.539573669433594
25,0.9709181785583496,0.08063720911741257,9e-05,0.36332181096076965,4.827830791473389
26,0.9692563414573669,0.08952633291482925,9e-05,0.3690887987613678,5.026271820068359
27,0.9588699340820312,0.106160007417202,9e-05,0.36562860012054443,4.846377372741699
28,0.9734109044075012,0.07496470957994461,9e-05,0.35409456491470337,5.007033824920654
29,0.9763190746307373,0.07344435900449753,9e-05,0.3598615825176239,5.11107063293457
30,0.9746572375297546,0.0719418078660965,9e-05,0.33794695138931274,5.688753128051758
31,0.9763190746307373,0.06640752404928207,2.7e-05,0.3702422082424164,5.172652721405029
32,0.981719970703125,0.06295166164636612,2.7e-05,0.36332181096076965,5.465723514556885
33,0.9792272448539734,0.06088561192154884,2.7e-05,0.366782009601593,5.409295082092285
34,0.9763190746307373,0.06184912845492363,2.7e-05,0.3794694244861603,5.298137664794922
35,0.9846281409263611,0.056566935032606125,2.7e-05,0.37485581636428833,5.366707801818848
36,0.9821354150772095,0.05577048659324646,2.7e-05,0.35640138387680054,5.7038726806640625
37,0.9833818078041077,0.0486760139465332,2.7e-05,0.3679354190826416,5.629538059234619
38,0.9858745336532593,0.04982752352952957,2.7e-05,0.3598615825176239,5.7264485359191895
39,0.9800581932067871,0.05150604248046875,2.7e-05,0.3598615825176239,5.729732036590576
40,0.9850436449050903,0.05311231315135956,2.7e-05,0.35409456491470337,5.822368621826172
41,0.9875363707542419,0.04556557163596153,8.1e-06,0.36216840147972107,5.721851825714111
42,0.9871209263801575,0.04648550972342491,8.1e-06,0.3598615825176239,5.814037322998047
43,0.9871209263801575,0.04424109309911728,8.1e-06,0.3598615825176239,5.838045597076416
44,0.9846281409263611,0.047197125852108,8.1e-06,0.36216840147972107,5.831282138824463
45,0.9850436449050903,0.04836428537964821,8.1e-06,0.3598615825176239,5.887842178344727
46,0.9875363707542419,0.04509783908724785,8.1e-06,0.3598615825176239,5.885946273803711
47,0.9825509190559387,0.046503107994794846,8.1e-06,0.3587082028388977,5.952269077301025
48,0.9858745336532593,0.0479184053838253,8.1e-06,0.3587082028388977,5.9427876472473145
49,0.9854590892791748,0.0434889942407608,8.1e-06,0.3587082028388977,5.937676906585693
