epoch,accuracy,loss,lr,val_accuracy,val_loss
0,0.3942667245864868,1.595449686050415,0.001,0.5524798035621643,1.289001703262329
1,0.5907769203186035,1.121608018875122,0.001,0.36332181096076965,1.6923853158950806
2,0.6530951261520386,0.8335316777229309,0.001,0.5190311670303345,1.9133422374725342
3,0.6938097476959229,0.7094090580940247,0.001,0.3333333432674408,2.8321802616119385
4,0.7498961091041565,0.6395991444587708,0.001,0.3264129161834717,3.3956778049468994
5,0.7507270574569702,0.6485318541526794,0.001,0.282583624124527,2.9687106609344482
6,0.7706688642501831,0.5855490565299988,0.001,0.35524797439575195,3.288708209991455
7,0.773577094078064,0.6153148412704468,0.001,0.3517877757549286,2.7540342807769775
8,0.7901952862739563,0.5467994809150696,0.001,0.3944636583328247,2.9616639614105225
9,0.8130452632904053,0.48508286476135254,0.001,0.41522490978240967,2.6603286266326904
10,0.8354798555374146,0.44596007466316223,0.001,0.4809688627719879,2.317725896835327
11,0.8824262619018555,0.3115682601928711,0.0003,0.4452133774757385,2.5939409732818604
12,0.9094308018684387,0.24969634413719177,0.0003,0.41868510842323303,3.224179983139038
13,0.9181553721427917,0.22598661482334137,0.0003,0.4636678099632263,3.1122519969940186
14,0.9094308018684387,0.24085783958435059,0.0003,0.45905420184135437,3.130896806716919
15,0.8936435580253601,0.2838563919067383,0.0003,0.45328718423843384,2.9425852298736572
16,0.9268799424171448,0.1859973520040512,0.0003,0.42675894498825073,3.4770164489746094
17,0.9339426755905151,0.18107686936855316,0.0003,0.4313725531101227,3.464311361312866
18,0.9052762985229492,0.24350225925445557,0.0003,0.4913494884967804,2.6678075790405273
19,0.9468217492103577,0.14502325654029846,0.0003,0.43367934226989746,3.595806360244751
20,0.950145423412323,0.13829128444194794,0.0003,0.42675894498825073,3.8331005573272705
21,0.959700882434845,0.11130332201719284,9e-05,0.43598616123199463,3.8461883068084717
22,0.9605317711830139,0.10453428328037262,9e-05,0.43483275175094604,3.984729766845703
23,0.9655172228813171,0.09829536080360413,9e-05,0.423298716545105,4.347994804382324
24,0.9621936082839966,0.10420652478933334,9e-05,0.4117647111415863,4.365139007568359
25,0.9613627195358276,0.09298702329397202,9e-05,0.4117647111415863,4.337021827697754
26,0.9709181785583496,0.08627206832170486,9e-05,0.42675894498825073,4.4208574295043945
27,0.9605317711830139,0.10081687569618225,9e-05,0.4129181206226349,4.567172527313232
28,0.9688408970832825,0.08684874325990677,9e-05,0.3921568691730499,4.653885364532471
29,0.972995400428772,0.07750853896141052,9e-05,0.3956170678138733,4.90704870223999
30,0.9651017785072327,0.08930493891239166,9e-05,0.3944636583328247,4.907957553863525
31,0.9700872302055359,0.07253456115722656,2.7e-05,0.40945789217948914,4.771648406982422
32,0.9759036302566528,0.0668410211801529,2.7e-05,0.3944636583328247,4.802285671234131
33,0.9759036302566528,0.07070210576057434,2.7e-05,0.3886966407299042,4.884289741516113
34,0.97798091173172,0.06620514392852783,2.7e-05,0.3852364420890808,4.909843444824219
35,0.97798091173172,0.06519876420497894,2.7e-05,0.3863898515701294,4.878589153289795
36,0.9734109044075012,0.06450337916612625,2.7e-05,0.387543261051178,4.959588050842285
37,0.9792272448539734,0.05902298539876938,2.7e-05,0.38985005021095276,5.108875274658203
38,0.9763190746307373,0.0660322979092598,2.7e-05,0.3840830326080322,4.9822001457214355
39,0.9804736375808716,0.061947863548994064,2.7e-05,0.3886966407299042,5.052727699279785
40,0.9771499633789062,0.06870336085557938,2.7e-05,0.38292965292930603,5.025184631347656
41,0.9825509190559387,0.054029662162065506,8.1e-06,0.38292965292930603,4.945089340209961
42,0.981719970703125,0.05650627613067627,8.1e-06,0.38062283396720886,5.004755020141602
43,0.9783963561058044,0.05935939773917198,8.1e-06,0.3852364420890808,5.041934967041016
44,0.9833818078041077,0.054971806704998016,8.1e-06,0.387543261051178,5.001620769500732
45,0.980889081954956,0.054217610508203506,8.1e-06,0.38292965292930603,5.098858833312988
46,0.9800581932067871,0.05779034644365311,8.1e-06,0.3886966407299042,5.0551300048828125
47,0.9800581932067871,0.05301864072680473,8.1e-06,0.3852364420890808,5.075289726257324
48,0.9800581932067871,0.053911350667476654,8.1e-06,0.387543261051178,5.054585933685303
49,0.9813045263290405,0.05366351827979088,8.1e-06,0.3840830326080322,5.038123607635498
