epoch,accuracy,loss,lr,val_accuracy,val_loss
0,0.4665558934211731,1.4220678806304932,0.001,0.4901960790157318,1.4921571016311646
1,0.6111341714859009,1.0129709243774414,0.001,0.24221453070640564,2.2119550704956055
2,0.6493560671806335,0.8277636766433716,0.001,0.5074971318244934,2.0854203701019287
3,0.7141669988632202,0.7171239256858826,0.001,0.3414071500301361,2.2096617221832275
4,0.7640215754508972,0.6140758395195007,0.001,0.32987311482429504,2.8934085369110107
5,0.8076443672180176,0.5087919235229492,0.001,0.36447519063949585,2.966930627822876
6,0.8217698335647583,0.455962598323822,0.001,0.44405996799468994,3.2182023525238037
7,0.854175329208374,0.38040605187416077,0.001,0.4117647111415863,3.2644946575164795
8,0.826339840888977,0.43567126989364624,0.001,0.39100345969200134,2.6637215614318848
9,0.8558371663093567,0.36309149861335754,0.001,0.4025374948978424,3.6498897075653076
10,0.8246780037879944,0.4269251823425293,0.001,0.366782009601593,3.3194329738616943
11,0.8961362838745117,0.24447380006313324,0.0003,0.4313725531101227,3.305427312850952
12,0.9281262755393982,0.1860450655221939,0.0003,0.41637831926345825,3.757272481918335
13,0.9115080833435059,0.21117906272411346,0.0003,0.471741646528244,3.1732559204101562
14,0.9372662901878357,0.16197596490383148,0.0003,0.4221453368663788,3.942988634109497
15,0.9335272312164307,0.15197999775409698,0.0003,0.4129181206226349,3.9647650718688965
16,0.9248026609420776,0.19263653457164764,0.0003,0.3483275771141052,3.889289379119873
17,0.9326962828636169,0.16839562356472015,0.0003,0.35409456491470337,4.146036624908447
18,0.9505608677864075,0.13578909635543823,0.0003,0.40830451250076294,4.079962730407715
19,0.9488990306854248,0.13685831427574158,0.0003,0.3679354190826416,4.078127384185791
20,0.9447444677352905,0.13480059802532196,0.0003,0.3494809567928314,3.7877485752105713
21,0.972164511680603,0.08481933176517487,9e-05,0.35063436627388,4.3077239990234375
22,0.9675945043563843,0.08152955770492554,9e-05,0.36216840147972107,4.282289981842041
23,0.9642708897590637,0.08342717587947845,9e-05,0.35524797439575195,4.433235168457031
24,0.9713336229324341,0.07367481291294098,9e-05,0.3587082028388977,4.436660289764404
25,0.9750726819038391,0.06678485125303268,9e-05,0.35409456491470337,4.665445804595947
26,0.9700872302055359,0.07536008954048157,9e-05,0.31141868233680725,5.211960315704346
27,0.9688408970832825,0.08591506630182266,9e-05,0.32179930806159973,4.954843044281006
28,0.9713336229324341,0.07400085777044296,9e-05,0.3414071500301361,4.925037860870361
29,0.972164511680603,0.0672713965177536,9e-05,0.37370243668556213,4.6273345947265625
30,0.9746572375297546,0.06717132031917572,9e-05,0.35640138387680054,4.971213340759277
31,0.9800581932067871,0.05400772765278816,2.7e-05,0.34602075815200806,5.041727066040039
32,0.9875363707542419,0.047274231910705566,2.7e-05,0.3414071500301361,5.169609069824219
33,0.9862899780273438,0.04641873762011528,2.7e-05,0.3517877757549286,5.133162021636963
34,0.9813045263290405,0.04972148686647415,2.7e-05,0.3402537405490875,5.296947002410889
35,0.9862899780273438,0.04600249603390694,2.7e-05,0.3321799337863922,5.46428918838501
36,0.9842126965522766,0.048345040529966354,2.7e-05,0.33679354190826416,5.505913257598877
37,0.9854590892791748,0.0472949743270874,2.7e-05,0.33910036087036133,5.497431755065918
38,0.9858745336532593,0.046559616923332214,2.7e-05,0.3437139689922333,5.466446399688721
39,0.9850436449050903,0.04441697150468826,2.7e-05,0.32871973514556885,5.7027082443237305
40,0.9862899780273438,0.04385823383927345,2.7e-05,0.33794695138931274,5.498703956604004
41,0.9883672595024109,0.04010116308927536,8.1e-06,0.33910036087036133,5.52363920211792
42,0.9883672595024109,0.03804848715662956,8.1e-06,0.3356401324272156,5.643460750579834
43,0.9842126965522766,0.04525637999176979,8.1e-06,0.334486722946167,5.634363174438477
44,0.9850436449050903,0.04148278385400772,8.1e-06,0.33910036087036133,5.650635242462158
45,0.9833818078041077,0.041186198592185974,8.1e-06,0.33679354190826416,5.688647270202637
46,0.9883672595024109,0.03937162086367607,8.1e-06,0.3414071500301361,5.564907073974609
47,0.9879518151283264,0.03751959279179573,8.1e-06,0.3414071500301361,5.6364641189575195
48,0.9842126965522766,0.04271678254008293,8.1e-06,0.33910036087036133,5.682415962219238
49,0.9879518151283264,0.03737717121839523,8.1e-06,0.3402537405490875,5.684684753417969
