epoch,accuracy,loss,lr,val_accuracy,val_loss
0,0.5438305139541626,3.035886764526367,0.001,0.31833910942077637,1.7242534160614014
1,0.7498961091041565,0.8808547258377075,0.001,0.3252595067024231,7.153184413909912
2,0.8034898042678833,0.5256039500236511,0.001,0.38062283396720886,7.545471668243408
3,0.7623597979545593,1.0982214212417603,0.001,0.20299884676933289,9.101078033447266
4,0.7785625457763672,0.8808287382125854,0.001,0.3679354190826416,1299.3193359375
5,0.7852097749710083,1.3325291872024536,0.001,0.41522490978240967,42.123287200927734
6,0.8030743598937988,0.6086581945419312,0.001,0.5190311670303345,4.328157901763916
7,0.8504362106323242,0.6437576413154602,0.001,0.35063436627388,105.8867416381836
8,0.8014125227928162,0.7189954519271851,0.001,0.4198385179042816,5.800137042999268
9,0.854175329208374,0.472969114780426,0.001,0.43598616123199463,4.784139633178711
10,0.8745326399803162,0.5763561725616455,0.001,0.38062283396720886,5.275593280792236
11,0.9115080833435059,0.2375437319278717,0.0003,0.48558247089385986,4.22573709487915
12,0.9372662901878357,0.2407364547252655,0.0003,0.4821222722530365,3.5525519847869873
13,0.9210635423660278,0.3533264100551605,0.0003,0.47866204380989075,3.630692720413208
14,0.9343581199645996,0.1810852289199829,0.0003,0.5005766749382019,5.030660152435303
15,0.9189862608909607,0.23905938863754272,0.0003,0.4659746289253235,4.453851699829102
16,0.9497299790382385,0.15479566156864166,0.0003,0.5040369033813477,4.326292037963867
17,0.959700882434845,0.13934357464313507,0.0003,0.44175317883491516,4.685001373291016
18,0.9675945043563843,0.098684161901474,0.0003,0.5167243480682373,5.157982349395752
19,0.9592854380607605,0.1278899759054184,0.0003,0.44405996799468994,4.556251049041748
20,0.9646863341331482,0.111109659075737,0.0003,0.5051903128623962,4.2963457107543945
21,0.9792272448539734,0.16105476021766663,9e-05,0.47635525465011597,5.155807971954346
22,0.9742417931556702,0.12330982834100723,9e-05,0.4821222722530365,5.734159469604492
23,0.9771499633789062,0.1023445576429367,9e-05,0.5098039507865906,5.760259628295898
24,0.9788118004798889,0.07156609743833542,9e-05,0.47866204380989075,5.311503887176514
25,0.9829663634300232,0.053444620221853256,9e-05,0.4728950262069702,5.402946949005127
26,0.981719970703125,0.07404617965221405,9e-05,0.44290658831596375,5.106410980224609
27,0.9792272448539734,0.1471310704946518,9e-05,0.4405997693538666,5.564764976501465
28,0.9825509190559387,0.10134296864271164,9e-05,0.4832756519317627,4.03856086730957
29,0.9883672595024109,0.0659281462430954,9e-05,0.4106113016605377,5.59965705871582
30,0.9725799560546875,0.08967702835798264,9e-05,0.4936562776565552,5.039933681488037
31,0.9854590892791748,0.07792847603559494,2.7e-05,0.4544405937194824,5.092854022979736
32,0.9875363707542419,0.04894787073135376,2.7e-05,0.4405997693538666,5.39691162109375
33,0.9883672595024109,0.03874493017792702,2.7e-05,0.4452133774757385,5.537777900695801
34,0.9854590892791748,0.04660314321517944,2.7e-05,0.4279123544692993,5.835136413574219
35,0.9879518151283264,0.11542488634586334,2.7e-05,0.41522490978240967,5.326051235198975
36,0.9854590892791748,0.07019160687923431,2.7e-05,0.45213380455970764,5.566930770874023
37,0.990444540977478,0.037709977477788925,2.7e-05,0.4463667869567871,5.6821699142456055
38,0.9858745336532593,0.043659571558237076,2.7e-05,0.45328718423843384,5.648686408996582
39,0.9879518151283264,0.04393262416124344,2.7e-05,0.4313725531101227,5.976315498352051
40,0.9854590892791748,0.06897886842489243,2.7e-05,0.4302191436290741,5.757371425628662
41,0.9883672595024109,0.08972179889678955,8.1e-06,0.43367934226989746,5.864213466644287
42,0.9929372668266296,0.029966119676828384,8.1e-06,0.4475201964378357,5.916286468505859
43,0.9887827038764954,0.050525516271591187,8.1e-06,0.4498269855976105,5.895674705505371
44,0.9908599853515625,0.03827982023358345,8.1e-06,0.4498269855976105,5.937112331390381
45,0.9929372668266296,0.03293856233358383,8.1e-06,0.4498269855976105,5.986032009124756
46,0.991275429725647,0.03374165669083595,8.1e-06,0.4463667869567871,6.090570449829102
47,0.9858745336532593,0.06614061444997787,8.1e-06,0.4486735761165619,5.87628173828125
48,0.991275429725647,0.033334724605083466,8.1e-06,0.4486735761165619,5.934779644012451
49,0.9896136522293091,0.032917194068431854,8.1e-06,0.4463667869567871,5.942193984985352
