epoch,accuracy,loss,lr,val_accuracy,val_loss
0,0.5463232398033142,2.6371383666992188,0.001,0.31833910942077637,5.919336795806885
1,0.7631906867027283,0.6735892295837402,0.001,0.3252595067024231,3.67372989654541
2,0.6177814602851868,3.3920857906341553,0.001,0.31833910942077637,3992.219970703125
3,0.7528043389320374,0.6302990913391113,0.001,0.32179930806159973,3.9531466960906982
4,0.8009970784187317,0.7044533491134644,0.001,0.3252595067024231,5.063887119293213
5,0.8350644111633301,0.4366239607334137,0.001,0.31833910942077637,5.897027492523193
6,0.8720398545265198,0.3603416383266449,0.001,0.37139561772346497,6.053726673126221
7,0.8404653072357178,0.4159938097000122,0.001,0.43598616123199463,4.726202487945557
8,0.8745326399803162,0.3489714562892914,0.001,0.41753172874450684,4.463769912719727
9,0.9015371799468994,0.2688947916030884,0.001,0.5051903128623962,4.393073081970215
10,0.8226007223129272,0.9871199727058411,0.001,0.28604382276535034,7.739126682281494
11,0.8529289364814758,0.405246764421463,0.001,0.4036908745765686,2.9314324855804443
12,0.8707935214042664,0.829585611820221,0.001,0.47750866413116455,2.852588653564453
13,0.7910261750221252,2.839534044265747,0.001,0.31833910942077637,6685.2080078125
14,0.8196925520896912,0.5830929279327393,0.001,0.3252595067024231,11.242288589477539
15,0.8678853511810303,0.42087849974632263,0.001,0.2629757821559906,6.036576271057129
16,0.8707935214042664,0.8008511662483215,0.001,0.3933102786540985,4.91951322555542
17,0.8882426023483276,0.4457134008407593,0.001,0.41868510842323303,3.66597318649292
18,0.8965517282485962,0.5201176404953003,0.001,0.49596309661865234,3.9797914028167725
19,0.9077690243721008,0.24416927993297577,0.001,0.46828141808509827,4.666983127593994
20,0.9144163131713867,0.2753080725669861,0.001,0.3771626353263855,4.078257083892822
21,0.926048994064331,0.22801271080970764,0.001,0.5040369033813477,3.6335794925689697
22,0.9372662901878357,0.1821546107530594,0.001,0.4313725531101227,3.764101505279541
23,0.9580390453338623,0.12790517508983612,0.0003,0.4498269855976105,4.11790132522583
24,0.959700882434845,0.1490313708782196,0.0003,0.43483275175094604,4.207736968994141
25,0.9534690380096436,0.3000487685203552,0.0003,0.4475201964378357,4.253377914428711
26,0.9705026745796204,0.10847409069538116,0.0003,0.44405996799468994,4.294291019439697
27,0.9725799560546875,0.09344610571861267,0.0003,0.4544405937194824,4.565298080444336
28,0.9717490673065186,0.08453624695539474,0.0003,0.4648212194442749,4.3872389793396
29,0.9763190746307373,0.07958577573299408,0.0003,0.4463667869567871,4.645202159881592
30,0.9825509190559387,0.05805037170648575,0.0003,0.4382929503917694,4.485103130340576
31,0.9630244970321655,0.10352678596973419,0.0003,0.4463667869567871,4.684725284576416
32,0.981719970703125,0.06026884540915489,0.0003,0.44405996799468994,4.440507888793945
33,0.9883672595024109,0.06091377139091492,9e-05,0.45213380455970764,4.787108898162842
34,0.9916908740997314,0.036748290061950684,9e-05,0.4486735761165619,4.873636722564697
35,0.9900290966033936,0.038737233728170395,9e-05,0.45213380455970764,4.797518253326416
36,0.9891981482505798,0.039463404566049576,9e-05,0.4475201964378357,4.969229698181152
37,0.9900290966033936,0.05160294473171234,9e-05,0.4636678099632263,4.850946426391602
38,0.980889081954956,0.07212181389331818,9e-05,0.4313725531101227,4.648139953613281
39,0.9813045263290405,0.058526165783405304,9e-05,0.44405996799468994,4.501938819885254
40,0.9875363707542419,0.0454845055937767,9e-05,0.4475201964378357,4.623128414154053
41,0.9858745336532593,0.08700808882713318,9e-05,0.45328718423843384,4.5187835693359375
42,0.9937681555747986,0.02777199074625969,9e-05,0.45098039507865906,4.777556419372559
43,0.9929372668266296,0.031234586611390114,2.7e-05,0.44405996799468994,4.88266134262085
44,0.9921063780784607,0.030250441282987595,2.7e-05,0.44290658831596375,4.757436752319336
45,0.990444540977478,0.03459099307656288,2.7e-05,0.4452133774757385,4.659128665924072
46,0.9941836595535278,0.03238636627793312,2.7e-05,0.44405996799468994,4.753509998321533
47,0.9945991039276123,0.02124020829796791,2.7e-05,0.4371395707130432,4.855765342712402
48,0.9945991039276123,0.025315728038549423,2.7e-05,0.43598616123199463,4.7696709632873535
49,0.9933527112007141,0.028132230043411255,2.7e-05,0.4382929503917694,4.771745681762695
