epoch,accuracy,loss,lr,val_accuracy,val_loss
0,0.6003323793411255,2.720945358276367,0.001,0.3252595067024231,3.858422040939331
1,0.7095969915390015,0.9180710911750793,0.001,0.3252595067024231,7.3961920738220215
2,0.7627752423286438,0.6553134322166443,0.001,0.3252595067024231,7.538551330566406
3,0.7993353009223938,0.5578461289405823,0.001,0.27681660652160645,6.728560447692871
4,0.854175329208374,0.41181445121765137,0.001,0.42675894498825073,9.447762489318848
5,0.8226007223129272,2.459444761276245,0.001,0.32756632566452026,36038.65234375
6,0.6281678676605225,6.831198692321777,0.001,0.31833910942077637,24025.375
7,0.7769007086753845,0.758529782295227,0.001,0.34717416763305664,69.8652114868164
8,0.7793934345245361,0.8489493727684021,0.001,0.28489041328430176,455.2429504394531
9,0.6850851774215698,1.3358155488967896,0.001,0.17762398719787598,4.717522144317627
10,0.7744079828262329,0.7797999382019043,0.001,0.35640138387680054,4.835756778717041
11,0.8537598848342896,0.4420018494129181,0.0003,0.35524797439575195,5.581577301025391
12,0.8512671589851379,0.3710537254810333,0.0003,0.32756632566452026,4.236008644104004
13,0.8737016916275024,0.32521000504493713,0.0003,0.439446359872818,4.821457386016846
14,0.8865808248519897,0.29493680596351624,0.0003,0.35063436627388,4.362490653991699
15,0.9023680686950684,0.25653010606765747,0.0003,0.387543261051178,4.505876541137695
16,0.9069380760192871,0.23796191811561584,0.0003,0.39907726645469666,5.316071510314941
17,0.9052762985229492,0.27585819363594055,0.0003,0.45098039507865906,6.204512119293213
18,0.9256335496902466,0.20658047497272491,0.0003,0.4198385179042816,6.643933296203613
19,0.9023680686950684,0.3142537474632263,0.0003,0.4036908745765686,5.2545084953308105
20,0.9239717721939087,0.2216092199087143,0.0003,0.4890426695346832,4.359012126922607
21,0.9447444677352905,0.16430751979351044,9e-05,0.4625144302845001,3.795649528503418
22,0.9547154307365417,0.14121320843696594,9e-05,0.49596309661865234,4.099470138549805
23,0.9488990306854248,0.15415392816066742,9e-05,0.512110710144043,4.027852535247803
24,0.9601163268089294,0.11804047971963882,9e-05,0.46943482756614685,4.417482852935791
25,0.9592854380607605,0.1211719885468483,9e-05,0.44175317883491516,4.098349094390869
26,0.9547154307365417,0.1352846324443817,9e-05,0.4544405937194824,4.32258939743042
27,0.9547154307365417,0.13644468784332275,9e-05,0.44405996799468994,4.363039493560791
28,0.968425452709198,0.09837912768125534,9e-05,0.4625144302845001,4.890671253204346
29,0.9659326672554016,0.10024931281805038,9e-05,0.3944636583328247,5.033843040466309
30,0.9609472155570984,0.1246955469250679,9e-05,0.40599769353866577,4.607396125793457
31,0.9646863341331482,0.11963055282831192,9e-05,0.47058823704719543,4.634736061096191
32,0.9717490673065186,0.09148994833230972,2.7e-05,0.4463667869567871,4.410844326019287
33,0.9759036302566528,0.07993028312921524,2.7e-05,0.46020761132240295,4.441401481628418
34,0.9796426892280579,0.07906767725944519,2.7e-05,0.45328718423843384,4.538307189941406
35,0.9788118004798889,0.0745244100689888,2.7e-05,0.4728950262069702,4.389828205108643
36,0.9746572375297546,0.0910896435379982,2.7e-05,0.46136102080345154,4.422808647155762
37,0.9800581932067871,0.0745164230465889,2.7e-05,0.45905420184135437,4.34895658493042
38,0.9763190746307373,0.09578853100538254,2.7e-05,0.4382929503917694,4.267497539520264
39,0.9709181785583496,0.08506035804748535,2.7e-05,0.4648212194442749,4.321415424346924
40,0.980889081954956,0.06383603066205978,2.7e-05,0.43483275175094604,4.417179107666016
41,0.9821354150772095,0.06880048662424088,2.7e-05,0.4648212194442749,4.575658798217773
42,0.9767345190048218,0.0687052309513092,8.1e-06,0.44175317883491516,4.656285285949707
43,0.9800581932067871,0.06746813654899597,8.1e-06,0.4475201964378357,4.589275360107422
44,0.97798091173172,0.06873565167188644,8.1e-06,0.44405996799468994,4.597725868225098
45,0.9842126965522766,0.052158743143081665,8.1e-06,0.43598616123199463,4.667525291442871
46,0.9833818078041077,0.07163993269205093,8.1e-06,0.44175317883491516,4.699615478515625
47,0.9788118004798889,0.0767909362912178,8.1e-06,0.4475201964378357,4.4809980392456055
48,0.9825509190559387,0.06920483708381653,8.1e-06,0.4475201964378357,4.488319396972656
49,0.9792272448539734,0.06980428099632263,8.1e-06,0.43483275175094604,4.561723709106445
