epoch,accuracy,loss,val_accuracy,val_loss
0,0.48148149251937866,1.9207813739776611,0.15584415197372437,4.0381879806518555
1,0.5982906222343445,1.2635868787765503,0.3419913351535797,4.715198040008545
2,0.6308166980743408,1.078395962715149,0.5054112672805786,1.4321796894073486
3,0.674026608467102,0.8832978010177612,0.5086579918861389,1.5030697584152222
4,0.7172364592552185,0.7794304490089417,0.560606062412262,1.5054733753204346
5,0.752136766910553,0.664726734161377,0.5854978561401367,1.235944151878357
6,0.7659069299697876,0.6235338449478149,0.5151515007019043,1.5492113828659058
7,0.7666192054748535,0.7303507328033447,0.5064935088157654,1.5687721967697144
8,0.7891737818717957,0.6961905360221863,0.6017315983772278,1.81440269947052
9,0.793684720993042,0.6384639739990234,0.5497835278511047,1.4493111371994019
10,0.8425925970077515,0.44041815400123596,0.5714285969734192,1.38033926486969
11,0.8611111044883728,0.4107609987258911,0.45129871368408203,2.0181422233581543
12,0.8708451986312866,0.39774054288864136,0.5378788113594055,2.7137255668640137
13,0.9036087393760681,0.27105358242988586,0.5865800976753235,1.5564789772033691
14,0.916904091835022,0.24883057177066803,0.5541125535964966,2.127589702606201
15,0.9176163077354431,0.26279503107070923,0.4642857015132904,2.4643330574035645
16,0.8983855843544006,0.3459740877151489,0.5313853025436401,2.4184210300445557
17,0.9237892031669617,0.2654663920402527,0.5075757503509521,2.7634520530700684
18,0.9370844960212708,0.22683969140052795,0.600649356842041,1.7137402296066284
19,0.9442070126533508,0.18130533397197723,0.5811688303947449,3.0193488597869873
20,0.9354225993156433,0.2571079730987549,0.5422077775001526,1.973196029663086
21,0.956315279006958,0.15212666988372803,0.4523809552192688,3.7677900791168213
22,0.9560778737068176,0.16119727492332458,0.6114718317985535,2.3827319145202637
23,0.954178512096405,0.18084506690502167,0.5790043473243713,2.2382593154907227
24,0.9596391320228577,0.14389309287071228,0.4577922224998474,3.130887746810913
25,0.9589268565177917,0.16905032098293304,0.4978354871273041,3.4724414348602295
26,0.9660493731498718,0.11773974448442459,0.5952380895614624,3.3991856575012207
27,0.9560778737068176,0.17706359922885895,0.6179653406143188,2.2702748775482178
28,0.968898355960846,0.10751362144947052,0.5465368032455444,3.5223770141601562
29,0.9613010287284851,0.13907653093338013,0.523809552192688,2.963268518447876
30,0.9779202342033386,0.07097582519054413,0.5465368032455444,2.5537662506103516
