epoch,accuracy,loss,val_accuracy,val_loss
0,0.4475308656692505,1.9846245050430298,0.18831168115139008,3.5456020832061768
1,0.5921177864074707,1.3065998554229736,0.21212121844291687,4.938008785247803
2,0.6208451986312866,1.0836098194122314,0.523809552192688,1.2613956928253174
3,0.669040858745575,0.9032406210899353,0.5411255359649658,1.2559068202972412
4,0.6991927623748779,0.8552285432815552,0.6060606241226196,1.140427589416504
5,0.7355175614356995,0.7434667944908142,0.6049783825874329,1.0557222366333008
6,0.7492877244949341,0.6986210942268372,0.5010822415351868,1.3306323289871216
7,0.7673314213752747,0.6975113749504089,0.5714285969734192,1.3328040838241577
8,0.7692307829856873,0.6923725008964539,0.548701286315918,1.9749616384506226
9,0.8122032284736633,0.519061267375946,0.48593074083328247,1.4443761110305786
10,0.8198005557060242,0.5409549474716187,0.2911255359649658,4.128014087677002
11,0.8471035361289978,0.448722243309021,0.600649356842041,1.6648074388504028
12,0.8608736991882324,0.4288265109062195,0.5909090638160706,2.1022565364837646
13,0.8706077933311462,0.41279998421669006,0.6287878751754761,1.6622980833053589
14,0.9009971618652344,0.29563409090042114,0.5313853025436401,2.4588518142700195
15,0.9026590585708618,0.3535541296005249,0.5422077775001526,2.3185176849365234
16,0.9166666865348816,0.27643293142318726,0.5595238208770752,1.8542149066925049
17,0.9242640137672424,0.26574984192848206,0.4134199023246765,3.9605319499969482
18,0.9287749528884888,0.253034383058548,0.560606062412262,1.894790768623352
19,0.9394586682319641,0.20165607333183289,0.6580086350440979,1.6286342144012451
20,0.9368470907211304,0.22072279453277588,0.523809552192688,2.292513847351074
21,0.9489553570747375,0.1877281367778778,0.5411255359649658,3.240891456604004
22,0.9589268565177917,0.12784330546855927,0.5627705454826355,2.4293746948242188
23,0.9565526843070984,0.16553787887096405,0.551948070526123,3.155941963195801
24,0.9451566934585571,0.22465725243091583,0.5562770366668701,1.9501359462738037
25,0.9624881148338318,0.1091151162981987,0.5216450095176697,2.4893875122070312
26,0.976020872592926,0.09572980552911758,0.5335497856140137,2.6772615909576416
27,0.9496676325798035,0.21123096346855164,0.4707792103290558,4.835203170776367
28,0.9653371572494507,0.10988074541091919,0.5746753215789795,1.9771037101745605
29,0.9674738645553589,0.10450553148984909,0.5173160433769226,4.460905075073242
30,0.976020872592926,0.06971994787454605,0.6017315983772278,2.627671480178833
