epoch,accuracy,loss,val_accuracy,val_loss
0,0.46581196784973145,1.9184497594833374,0.24458874762058258,3.3586623668670654
1,0.5876068472862244,1.3176593780517578,0.33441558480262756,3.816368818283081
2,0.6419752836227417,1.0259525775909424,0.4967532455921173,1.2848178148269653
3,0.6666666865348816,1.0002949237823486,0.5021644830703735,1.3534355163574219
4,0.7020418047904968,0.8468585014343262,0.5443723201751709,1.2680855989456177
5,0.7191358208656311,0.7385884523391724,0.5584415793418884,1.3222562074661255
6,0.7433523535728455,0.7107526659965515,0.5757575631141663,1.3139681816101074
7,0.7628205418586731,0.6809200644493103,0.5422077775001526,2.2366318702697754
8,0.8214625120162964,0.5075410008430481,0.6190476417541504,1.5747801065444946
9,0.8354700803756714,0.5013702511787415,0.4047619104385376,2.164858102798462
10,0.833808183670044,0.5597100853919983,0.4783549904823303,1.4070273637771606
11,0.8708451986312866,0.3399360775947571,0.5714285969734192,1.5064465999603271
12,0.8696581125259399,0.39618292450904846,0.5227272510528564,4.3817830085754395
13,0.854938268661499,0.52736896276474,0.6428571343421936,1.577522873878479
14,0.8888888955116272,0.40166667103767395,0.5638527870178223,2.466613292694092
15,0.9233143329620361,0.2389916628599167,0.5281385183334351,1.9785889387130737
16,0.9335232377052307,0.1987982839345932,0.5541125535964966,1.7708559036254883
17,0.9396961331367493,0.1863240897655487,0.6168830990791321,2.063416004180908
18,0.9418328404426575,0.1823386698961258,0.5476190447807312,2.0118300914764404
19,0.9442070126533508,0.21151073276996613,0.5378788113594055,2.393357515335083
20,0.919040858745575,0.29606765508651733,0.6136363744735718,2.6260342597961426
21,0.9470560550689697,0.20614758133888245,0.540043294429779,2.074115753173828
22,0.9615384340286255,0.15556222200393677,0.548701286315918,4.9415764808654785
23,0.9632003903388977,0.12606419622898102,0.5530303120613098,2.6351370811462402
24,0.9577397704124451,0.17076092958450317,0.5779221057891846,3.8123629093170166
25,0.9655745625495911,0.09904679656028748,0.5833333134651184,3.0712718963623047
26,0.9788699150085449,0.06952179223299026,0.588744580745697,2.7447943687438965
27,0.9843304753303528,0.04821443930268288,0.5790043473243713,4.214298725128174
28,0.9646248817443848,0.10339756309986115,0.48917749524116516,4.088979244232178
29,0.9757834672927856,0.08377610892057419,0.5984848737716675,2.6010313034057617
