epoch,accuracy,loss,val_accuracy,val_loss
0,0.4693732261657715,1.870722770690918,0.23701298236846924,4.51500129699707
1,0.5952041745185852,1.2266114950180054,0.35281383991241455,3.1294922828674316
2,0.6369895339012146,1.0111268758773804,0.5357142686843872,1.1790857315063477
3,0.6697530746459961,0.929678201675415,0.6049783825874329,1.0337553024291992
4,0.7003798484802246,0.8039947748184204,0.5995671153068542,1.090501070022583
5,0.7210351228713989,0.7837945222854614,0.5303030014038086,1.4119770526885986
6,0.7537986636161804,0.7041304111480713,0.4729437232017517,1.541167974472046
7,0.769705593585968,0.6349621415138245,0.6190476417541504,1.4448261260986328
8,0.7818138599395752,0.6048975586891174,0.5844155550003052,1.539126992225647
9,0.8050807118415833,0.5889843106269836,0.5660173296928406,2.0110092163085938
10,0.8323836922645569,0.48441821336746216,0.5909090638160706,1.45223069190979
11,0.8475783467292786,0.5124027729034424,0.5270562767982483,2.272852659225464
12,0.87678062915802,0.41790324449539185,0.5757575631141663,1.9661811590194702
13,0.8829534649848938,0.38507452607154846,0.5692640542984009,1.8553962707519531
14,0.897198498249054,0.3730541169643402,0.4794372320175171,2.5494463443756104
15,0.9202279448509216,0.2564070224761963,0.5292207598686218,1.8483484983444214
16,0.919040858745575,0.24745799601078033,0.6038960814476013,2.78454327583313
17,0.9358974099159241,0.2153274416923523,0.540043294429779,2.4773800373077393
18,0.9135802388191223,0.32949861884117126,0.5584415793418884,2.654120922088623
19,0.9472934603691101,0.15895713865756989,0.5735930800437927,2.834218978881836
20,0.9442070126533508,0.18990980088710785,0.35606059432029724,6.817563533782959
21,0.9513295292854309,0.14782485365867615,0.5064935088157654,2.6871142387390137
22,0.9681861400604248,0.09163377434015274,0.6071428656578064,3.3849074840545654
23,0.9575023651123047,0.14727114140987396,0.5854978561401367,3.206563949584961
24,0.9332858324050903,0.2549303472042084,0.5086579918861389,3.665886163711548
25,0.9636752009391785,0.12289810925722122,0.5714285969734192,2.8787474632263184
26,0.9639126062393188,0.11633065342903137,0.6147186160087585,3.0554580688476562
27,0.9681861400604248,0.12146681547164917,0.5476190447807312,3.03702449798584
28,0.9800570011138916,0.061642132699489594,0.637445867061615,3.1877310276031494
