epoch,accuracy,loss,val_accuracy,val_loss
0,0.46367520093917847,1.8022620677947998,0.21645021438598633,3.1959667205810547
1,0.6099240183830261,1.1952556371688843,0.2586580216884613,4.037887096405029
2,0.6431623697280884,1.0114409923553467,0.5248917937278748,1.5254833698272705
3,0.6894586682319641,0.8701962828636169,0.5313853025436401,1.1890485286712646
4,0.7086894512176514,0.8521748781204224,0.6071428656578064,1.0652838945388794
5,0.7340930700302124,0.8546817302703857,0.548701286315918,1.5293769836425781
6,0.7654321193695068,0.6428936123847961,0.5638527870178223,1.6737416982650757
7,0.7839506268501282,0.6641742587089539,0.5551947951316833,1.8964585065841675
8,0.8022317290306091,0.5482971668243408,0.5454545617103577,1.7888309955596924
9,0.8269230723381042,0.49131572246551514,0.5984848737716675,1.5929251909255981
10,0.8428300023078918,0.47998398542404175,0.5248917937278748,1.5443236827850342
11,0.8499525189399719,0.49452364444732666,0.5757575631141663,1.9221593141555786
12,0.8805792927742004,0.35984423756599426,0.5854978561401367,1.2612248659133911
13,0.8995726704597473,0.30757126212120056,0.6136363744735718,1.2915889024734497
14,0.8941120505332947,0.359234482049942,0.5995671153068542,2.1796162128448486
15,0.9078822135925293,0.3334318697452545,0.523809552192688,3.550889015197754
16,0.9375593662261963,0.1980661153793335,0.576839804649353,2.576997756958008
17,0.9404083490371704,0.20064620673656464,0.6179653406143188,1.7369565963745117
18,0.9444444179534912,0.18290065228939056,0.6233766078948975,1.4533039331436157
19,0.9349477887153625,0.2575151026248932,0.5822510719299316,2.669431209564209
20,0.956315279006958,0.17388728260993958,0.5811688303947449,2.183413028717041
21,0.9653371572494507,0.10598932206630707,0.588744580745697,2.8663008213043213
22,0.9558404684066772,0.1849970668554306,0.5194805264472961,2.808344841003418
23,0.9613010287284851,0.11690850555896759,0.4556277096271515,2.823416233062744
24,0.9788699150085449,0.07253217697143555,0.5919913649559021,2.8764235973358154
25,0.9684235453605652,0.105713851749897,0.5616883039474487,3.804431200027466
26,0.9636752009391785,0.13163116574287415,0.49025973677635193,5.439325332641602
27,0.9627255201339722,0.13631483912467957,0.481601744890213,3.034858226776123
28,0.9615384340286255,0.1578729748725891,0.5638527870178223,2.796621084213257
29,0.9617758989334106,0.17270810902118683,0.548701286315918,2.4785008430480957
