epoch,accuracy,loss,val_accuracy,val_loss
0,0.4641500413417816,1.8800804615020752,0.22186146676540375,3.7684197425842285
1,0.5994777083396912,1.247525930404663,0.2380952388048172,4.818794250488281
2,0.6386514902114868,1.0525870323181152,0.6071428656578064,1.0805630683898926
3,0.6716524362564087,0.8933802247047424,0.41450217366218567,1.5640368461608887
4,0.709876537322998,0.8352025151252747,0.5476190447807312,1.4111360311508179
5,0.718898355960846,0.7561283111572266,0.560606062412262,1.4247524738311768
6,0.7523741722106934,0.7147133350372314,0.5173160433769226,1.4165568351745605
7,0.7761158347129822,0.5923513770103455,0.600649356842041,1.3452823162078857
8,0.7986704707145691,0.5396314859390259,0.3625541031360626,3.1732892990112305
9,0.7913105487823486,0.7420582175254822,0.5497835278511047,1.099174976348877
10,0.8247863054275513,0.5269769430160522,0.523809552192688,1.4818540811538696
11,0.8347578644752502,0.5565694570541382,0.5443723201751709,1.7016055583953857
12,0.8701329827308655,0.3883211612701416,0.5108225345611572,1.645766258239746
13,0.8872269988059998,0.4071381986141205,0.5054112672805786,2.9831061363220215
14,0.9026590585708618,0.295979768037796,0.5692640542984009,2.154099702835083
15,0.9328110218048096,0.20341920852661133,0.5562770366668701,1.8753305673599243
16,0.8976733088493347,0.37692737579345703,0.3961038887500763,3.1130595207214355
17,0.9268755912780762,0.23725071549415588,0.5324675440788269,1.8611680269241333
18,0.9173789024353027,0.3326551020145416,0.5270562767982483,5.510341167449951
19,0.9273504018783569,0.23731009662151337,0.469696968793869,2.331526041030884
20,0.9579772353172302,0.12414558231830597,0.5324675440788269,3.9312689304351807
21,0.9570275545120239,0.13686423003673553,0.536796510219574,3.5416746139526367
22,0.9513295292854309,0.14444215595722198,0.6190476417541504,1.8308597803115845
23,0.9472934603691101,0.16984008252620697,0.5909090638160706,3.6777358055114746
24,0.9719848036766052,0.08616387844085693,0.5562770366668701,2.23254656791687
25,0.9646248817443848,0.1113523319363594,0.5854978561401367,2.7792928218841553
26,0.9795821309089661,0.06219029426574707,0.5054112672805786,2.884553909301758
27,0.9617758989334106,0.1453000009059906,0.6244588494300842,2.501096487045288
