epoch,accuracy,loss,val_accuracy,val_loss
0,0.4591642916202545,1.8834351301193237,0.17099566757678986,2.8612797260284424
1,0.6051756739616394,1.1983567476272583,0.24783550202846527,3.625337600708008
2,0.6448243260383606,1.0091472864151,0.5281385183334351,1.318731665611267
3,0.6635802388191223,0.958142101764679,0.5248917937278748,1.3374958038330078
4,0.7058404684066772,0.8315919637680054,0.6244588494300842,1.2091262340545654
5,0.7283950448036194,0.7450636029243469,0.6222943663597107,1.0312303304672241
6,0.7376543283462524,0.7474085688591003,0.6049783825874329,2.0147578716278076
7,0.7732668519020081,0.638495683670044,0.6201298832893372,1.25544273853302
8,0.807692289352417,0.5212022662162781,0.5497835278511047,1.918463110923767
9,0.815527081489563,0.5840439796447754,0.5974025726318359,2.0392563343048096
10,0.8371319770812988,0.5014990568161011,0.6471861600875854,1.0843688249588013
11,0.867521345615387,0.3921583592891693,0.6179653406143188,1.198706865310669
12,0.8903133869171143,0.3083662986755371,0.5714285969734192,1.8739298582077026
13,0.9014719724655151,0.32910507917404175,0.48701298236846924,1.929835557937622
14,0.9097815752029419,0.2810271978378296,0.6352813839912415,1.432130217552185
15,0.9271129965782166,0.2388499677181244,0.5909090638160706,2.4184372425079346
16,0.9256885051727295,0.24286195635795593,0.45346319675445557,3.4302797317504883
17,0.9323362112045288,0.2884123623371124,0.523809552192688,2.4709665775299072
18,0.9470560550689697,0.1659075766801834,0.5551947951316833,2.0482399463653564
19,0.9456315040588379,0.19787190854549408,0.5876623392105103,4.375197410583496
20,0.9560778737068176,0.15457963943481445,0.5541125535964966,3.4883580207824707
21,0.9579772353172302,0.1262591928243637,0.5974025726318359,2.5801825523376465
22,0.9617758989334106,0.13678297400474548,0.5432900190353394,2.686030626296997
23,0.9418328404426575,0.24567203223705292,0.4967532455921173,3.892934560775757
24,0.9470560550689697,0.18124426901340485,0.6060606241226196,2.4089865684509277
25,0.9648622870445251,0.1264921873807907,0.612554132938385,1.9126462936401367
26,0.9741215705871582,0.08905166387557983,0.5021644830703735,3.294452667236328
27,0.9693732261657715,0.1349545419216156,0.6363636255264282,2.167212724685669
28,0.9748337864875793,0.09278930723667145,0.6190476417541504,2.340927839279175
29,0.9857549667358398,0.04828794300556183,0.5800865888595581,2.5948681831359863
30,0.9722222089767456,0.08291389793157578,0.6147186160087585,2.5721757411956787
