epoch,accuracy,loss,val_accuracy,val_loss
0,0.47863247990608215,1.8241914510726929,0.09740259498357773,4.455984592437744
1,0.5982906222343445,1.1958930492401123,0.3246753215789795,3.6306803226470947
2,0.6498100757598877,1.0356954336166382,0.45995670557022095,1.4862663745880127
3,0.6600189805030823,0.9490165114402771,0.5465368032455444,1.3531675338745117
4,0.6875593662261963,0.8595076203346252,0.5692640542984009,1.224361538887024
5,0.7288699150085449,0.716386616230011,0.576839804649353,1.2188427448272705
6,0.7518993616104126,0.7047015428543091,0.6028138399124146,1.0039036273956299
7,0.7585470080375671,0.720350444316864,0.5075757503509521,1.3461816310882568
8,0.7877492904663086,0.6494430899620056,0.551948070526123,1.7424647808074951
9,0.8252611756324768,0.49599897861480713,0.572510838508606,2.4487180709838867
10,0.8314340114593506,0.5640648603439331,0.5692640542984009,1.919491171836853
11,0.8485280275344849,0.5011853575706482,0.5822510719299316,2.462860345840454
12,0.8831908702850342,0.335349977016449,0.5616883039474487,2.4628922939300537
13,0.8955365419387817,0.352335125207901,0.6103895902633667,1.8724722862243652
14,0.8988603949546814,0.34018293023109436,0.4826839864253998,2.5156617164611816
15,0.9047958254814148,0.3264027535915375,0.5541125535964966,2.155747652053833
16,0.9418328404426575,0.1926952302455902,0.5660173296928406,2.282654047012329
17,0.9102563858032227,0.3854428231716156,0.6201298832893372,2.9969916343688965
18,0.9354225993156433,0.2462761551141739,0.600649356842041,2.0735385417938232
19,0.9472934603691101,0.16676659882068634,0.5746753215789795,2.2867355346679688
20,0.9515669345855713,0.17370052635669708,0.5551947951316833,2.895765781402588
21,0.9655745625495911,0.12342166155576706,0.5963203310966492,2.489076614379883
22,0.9686609506607056,0.09371356666088104,0.5465368032455444,2.795766592025757
23,0.9698480367660522,0.08941811323165894,0.5854978561401367,3.149326801300049
24,0.974596381187439,0.07686632871627808,0.4848484992980957,5.131842613220215
25,0.9594017267227173,0.18749544024467468,0.5714285969734192,3.4388723373413086
26,0.958452045917511,0.14016199111938477,0.5995671153068542,2.1112120151519775
27,0.9686609506607056,0.113440603017807,0.5627705454826355,2.5350167751312256
28,0.9650996923446655,0.12145385146141052,0.5800865888595581,2.3438007831573486
29,0.9807692170143127,0.06421370804309845,0.5616883039474487,3.3096365928649902
30,0.9869420528411865,0.03397732600569725,0.6201298832893372,2.823862314224243
31,0.9681861400604248,0.1329685002565384,0.5194805264472961,2.814556360244751
