epoch,accuracy,loss,val_accuracy,val_loss
0,0.4556030333042145,1.9382615089416504,0.3452380895614624,5.287807941436768
1,0.5906932353973389,1.3138922452926636,0.33225107192993164,3.6717376708984375
2,0.6445869207382202,1.0418436527252197,0.5844155550003052,1.1405006647109985
3,0.6783000826835632,0.9190622568130493,0.5854978561401367,1.1999115943908691
4,0.7129629850387573,0.8311895132064819,0.5411255359649658,1.2131460905075073
5,0.7340930700302124,0.7418851256370544,0.6168830990791321,1.0876133441925049
6,0.7483381032943726,0.7187585234642029,0.5627705454826355,1.4173251390457153
7,0.7763532996177673,0.6058247685432434,0.5681818127632141,1.7502027750015259
8,0.7830009460449219,0.6913632750511169,0.46861472725868225,2.222399950027466
9,0.7910731434822083,0.6017265319824219,0.5876623392105103,1.4462093114852905
10,0.8271604776382446,0.5400770306587219,0.5844155550003052,1.6853324174880981
11,0.8454415798187256,0.41924142837524414,0.5790043473243713,1.839656114578247
12,0.8672839403152466,0.40235084295272827,0.5432900190353394,2.9299075603485107
13,0.9012345671653748,0.28993430733680725,0.5584415793418884,2.0503499507904053
14,0.9121557474136353,0.2713134288787842,0.5411255359649658,2.8125758171081543
15,0.9019468426704407,0.2980537414550781,0.5454545617103577,1.7173433303833008
16,0.9131054282188416,0.2961534261703491,0.5909090638160706,1.9743261337280273
17,0.9152421355247498,0.29656580090522766,0.48917749524116516,2.2301406860351562
18,0.914767324924469,0.3650733530521393,0.5800865888595581,3.581899881362915
19,0.9121557474136353,0.30143266916275024,0.5216450095176697,3.7546377182006836
20,0.9375593662261963,0.20734776556491852,0.5573592782020569,2.9501841068267822
21,0.9510921239852905,0.16968956589698792,0.5952380895614624,3.0303101539611816
22,0.9601139426231384,0.11901841312646866,0.5757575631141663,2.72678542137146
23,0.9634377956390381,0.14388389885425568,0.5681818127632141,3.9979405403137207
24,0.959876537322998,0.1575852632522583,0.6147186160087585,3.4422574043273926
25,0.9748337864875793,0.08328688144683838,0.5422077775001526,4.330851078033447
26,0.9700854420661926,0.09791499376296997,0.560606062412262,4.269256591796875
27,0.956315279006958,0.15622684359550476,0.540043294429779,3.635652542114258
28,0.9700854420661926,0.10712248831987381,0.5952380895614624,3.042588949203491
29,0.9755460619926453,0.10595237463712692,0.5833333134651184,3.156865358352661
30,0.9686609506607056,0.10339663177728653,0.5227272510528564,3.80609393119812
