epoch,accuracy,loss,val_accuracy,val_loss
0,0.4565527141094208,1.9149540662765503,0.14502164721488953,3.5002217292785645
1,0.597815752029419,1.2623305320739746,0.2532467544078827,3.6162283420562744
2,0.639363706111908,1.0284614562988281,0.5313853025436401,1.134387731552124
3,0.6680911779403687,0.9771299362182617,0.5551947951316833,1.1920621395111084
4,0.6899335384368896,0.9246832132339478,0.5584415793418884,1.3071579933166504
5,0.7236467003822327,0.7949764132499695,0.5779221057891846,1.2031880617141724
6,0.7571225166320801,0.726565420627594,0.5746753215789795,1.212118148803711
7,0.7867996096611023,0.5639768838882446,0.560606062412262,1.5412657260894775
8,0.8095916509628296,0.530687689781189,0.5919913649559021,1.443504810333252
9,0.8150522112846375,0.5647561550140381,0.6525974273681641,1.491720199584961
10,0.8207502365112305,0.5258157849311829,0.3982684016227722,2.039285182952881
11,0.8622981905937195,0.38589972257614136,0.6017315983772278,1.4166516065597534
12,0.8782051205635071,0.3941322863101959,0.5357142686843872,4.198513507843018
13,0.8473409414291382,0.5555189847946167,0.5573592782020569,1.8365585803985596
14,0.8938746452331543,0.35713520646095276,0.4978354871273041,2.9862654209136963
15,0.9097815752029419,0.26879164576530457,0.5790043473243713,1.8336057662963867
16,0.9294871687889099,0.2311655730009079,0.5865800976753235,2.113908529281616
17,0.9456315040588379,0.196035236120224,0.588744580745697,2.366690158843994
18,0.9373219609260559,0.21249501407146454,0.6190476417541504,2.720231533050537
19,0.9294871687889099,0.23673506081104279,0.5616883039474487,3.6496176719665527
20,0.9501424431800842,0.15481674671173096,0.48376622796058655,2.5845272541046143
21,0.962013304233551,0.13402365148067474,0.5627705454826355,3.1637253761291504
22,0.9608262181282043,0.13984811305999756,0.5443723201751709,2.3593783378601074
23,0.9518043398857117,0.23035341501235962,0.4913419783115387,2.810349702835083
24,0.9534662961959839,0.1691748946905136,0.5432900190353394,3.8519539833068848
25,0.9698480367660522,0.0940275713801384,0.5508658289909363,3.3171303272247314
26,0.9589268565177917,0.17476391792297363,0.5205627679824829,3.5578460693359375
27,0.9484805464744568,0.1833614557981491,0.548701286315918,4.441493988037109
