epoch,accuracy,loss,val_accuracy,val_loss
0,0.4681861400604248,1.2970095872879028,0.37012988328933716,1.7766838073730469
1,0.5792972445487976,1.0714702606201172,0.3279220759868622,1.7733995914459229
2,0.6077872514724731,1.0100769996643066,0.5530303120613098,1.0023269653320312
3,0.625356137752533,0.9584751129150391,0.5411255359649658,0.987427294254303
4,0.6531339287757874,0.9018765687942505,0.5270562767982483,0.9870914816856384
5,0.6566951274871826,0.8789852261543274,0.5551947951316833,0.9579027891159058
6,0.6754510998725891,0.8440384268760681,0.5627705454826355,0.940452516078949
7,0.6775878667831421,0.817978024482727,0.5757575631141663,1.0670493841171265
8,0.6937322020530701,0.7827770113945007,0.5898268222808838,0.9560075402259827
9,0.7034662961959839,0.7642308473587036,0.5735930800437927,1.0342143774032593
10,0.7053655982017517,0.7444981336593628,0.5670995712280273,0.9584514498710632
11,0.7101139426231384,0.7267589569091797,0.5963203310966492,0.957081139087677
12,0.710588812828064,0.718842625617981,0.6222943663597107,0.9725975394248962
13,0.717711329460144,0.7064999341964722,0.5595238208770752,1.1473939418792725
14,0.7250712513923645,0.6868489384651184,0.5974025726318359,1.1004509925842285
15,0.7357549667358398,0.6592285633087158,0.6385281682014465,0.9373603463172913
16,0.735992431640625,0.6639894843101501,0.6341991424560547,1.155332326889038
17,0.7348053455352783,0.6649851202964783,0.6244588494300842,1.000572681427002
18,0.7333807945251465,0.6574803590774536,0.6558441519737244,0.8504242897033691
19,0.7504748106002808,0.612368106842041,0.6049783825874329,1.1153019666671753
20,0.7488129138946533,0.6284216046333313,0.6266233921051025,0.9370206594467163
21,0.7476258277893066,0.6179857850074768,0.637445867061615,0.8948851227760315
22,0.7537986636161804,0.6077203750610352,0.6233766078948975,1.051805853843689
23,0.7495251893997192,0.6125667095184326,0.6396104097366333,0.9451766610145569
24,0.7656695246696472,0.5815847516059875,0.6168830990791321,1.0721054077148438
25,0.7716049551963806,0.5788123607635498,0.6482684016227722,1.0336308479309082
26,0.7663817405700684,0.5686473846435547,0.6363636255264282,1.0133564472198486
27,0.7725545763969421,0.5698772072792053,0.6331169009208679,0.8769392967224121
28,0.7651946544647217,0.5594751238822937,0.6331169009208679,0.9542553424835205
29,0.7782526016235352,0.5449824333190918,0.6515151262283325,0.9964446425437927
30,0.7856125235557556,0.5296741127967834,0.6277056336402893,1.180449366569519
31,0.7761158347129822,0.5371933579444885,0.7023809552192688,0.8838146924972534
32,0.7787274718284607,0.5321353077888489,0.6634199023246765,0.8579205274581909
33,0.7825261354446411,0.5218539237976074,0.6212121248245239,1.1107540130615234
34,0.7789648771286011,0.532450258731842,0.6136363744735718,0.945907711982727
35,0.7934473156929016,0.5113339424133301,0.6244588494300842,0.9437335133552551
36,0.7903608679771423,0.5098584890365601,0.6363636255264282,1.0602928400039673
37,0.7917853593826294,0.5054558515548706,0.6082251071929932,0.8832842707633972
38,0.7934473156929016,0.5040485858917236,0.6948052048683167,0.9094828963279724
39,0.8022317290306091,0.4884093999862671,0.637445867061615,1.1974257230758667
40,0.7996201515197754,0.4829956591129303,0.6190476417541504,1.394553303718567
41,0.8027065396308899,0.4901203513145447,0.6093073487281799,0.981011688709259
42,0.8043684959411621,0.48097875714302063,0.6277056336402893,1.1042354106903076
43,0.8114909529685974,0.466254323720932,0.6201298832893372,1.0079368352890015
