epoch,accuracy,loss,val_accuracy,val_loss
0,0.48053181171417236,1.288171648979187,0.3549783527851105,1.7771506309509277
1,0.5826210975646973,1.065107822418213,0.33441558480262756,1.7677475214004517
2,0.6153846383094788,1.0076422691345215,0.5476190447807312,1.0371524095535278
3,0.639363706111908,0.9434152245521545,0.5584415793418884,0.9767853617668152
4,0.6526590585708618,0.8956349492073059,0.5681818127632141,0.9557051658630371
5,0.668328583240509,0.8599011898040771,0.5833333134651184,1.0449867248535156
6,0.6723646521568298,0.8277238011360168,0.5703462958335876,1.1088271141052246
7,0.692307710647583,0.7967477440834045,0.6103895902633667,0.9830226898193359
8,0.6996676325798035,0.7679910063743591,0.5984848737716675,1.043014645576477
9,0.7025166153907776,0.755700945854187,0.6352813839912415,0.9667243957519531
10,0.6970560550689697,0.7483628988265991,0.6298701167106628,1.0621702671051025
11,0.704178512096405,0.7337055206298828,0.6244588494300842,0.9967871308326721
12,0.726020872592926,0.6967869997024536,0.6093073487281799,1.0390735864639282
13,0.7158119678497314,0.7039029598236084,0.6439393758773804,1.0210275650024414
14,0.7186609506607056,0.7054116725921631,0.6255411505699158,0.9984655976295471
15,0.7397910952568054,0.6509454250335693,0.6244588494300842,1.026059865951538
16,0.7388414144515991,0.6557685136795044,0.6179653406143188,0.9247687458992004
17,0.7310066223144531,0.6599197387695312,0.6450216174125671,0.9422259330749512
18,0.7473884224891663,0.6351579427719116,0.6136363744735718,1.1391576528549194
19,0.7514244914054871,0.6126173138618469,0.6060606241226196,1.039966106414795
20,0.7554605603218079,0.6015239357948303,0.6352813839912415,1.0521821975708008
21,0.7604463696479797,0.6005386710166931,0.612554132938385,1.1342196464538574
22,0.75356125831604,0.5941082835197449,0.6190476417541504,0.9947922229766846
23,0.7663817405700684,0.5710821747779846,0.6049783825874329,1.0140187740325928
24,0.7637701630592346,0.5741681456565857,0.6244588494300842,0.9895783066749573
25,0.7685185074806213,0.5683982372283936,0.6255411505699158,1.0644460916519165
26,0.7659069299697876,0.5637140274047852,0.6201298832893372,1.2284377813339233
27,0.7711300849914551,0.5590454936027527,0.6028138399124146,1.0426613092422485
28,0.7818138599395752,0.5491632223129272,0.6212121248245239,1.277862310409546
29,0.7777777910232544,0.5402268171310425,0.6017315983772278,1.1077001094818115
30,0.7820512652397156,0.5295979380607605,0.5941558480262756,1.0106209516525269
31,0.7773029208183289,0.5372448563575745,0.5930736064910889,1.1669001579284668
32,0.7872744798660278,0.5244290232658386,0.6233766078948975,1.0288668870925903
33,0.7839506268501282,0.5292404294013977,0.6450216174125671,0.8687133193016052
34,0.795109212398529,0.5042507648468018,0.6049783825874329,1.204311728477478
35,0.795109212398529,0.5141127705574036,0.5974025726318359,1.024338960647583
36,0.7946344017982483,0.5033913850784302,0.6017315983772278,0.9730095267295837
37,0.785849928855896,0.4980889558792114,0.6439393758773804,0.9248372912406921
38,0.7929724454879761,0.5038883090019226,0.6222943663597107,0.8329886198043823
39,0.804131031036377,0.48235955834388733,0.5865800976753235,1.3333700895309448
40,0.8017568588256836,0.48656362295150757,0.6244588494300842,0.9945990443229675
41,0.8008072376251221,0.474158376455307,0.6396104097366333,1.2812047004699707
42,0.8084045648574829,0.4765580892562866,0.5898268222808838,0.9528231024742126
43,0.8072174787521362,0.466975599527359,0.6352813839912415,1.184471607208252
44,0.8067426681518555,0.470317542552948,0.6082251071929932,1.0236825942993164
45,0.8152896761894226,0.45889049768447876,0.6233766078948975,1.1129443645477295
46,0.8193257451057434,0.4451963007450104,0.5800865888595581,1.16890287399292
47,0.8266856670379639,0.4420715272426605,0.6504328846931458,1.0183039903640747
48,0.8252611756324768,0.4377843141555786,0.6103895902633667,0.975121021270752
49,0.8285849690437317,0.43585968017578125,0.6201298832893372,1.0708985328674316
