epoch,accuracy,loss,val_accuracy,val_loss
0,0.4603513777256012,1.3398375511169434,0.3474026024341583,1.6249202489852905
1,0.5904558300971985,1.0781960487365723,0.3311688303947449,1.601917028427124
2,0.6217948794364929,0.9989013671875,0.5865800976753235,0.9620158672332764
3,0.6322411894798279,0.9448254704475403,0.5530303120613098,0.9299755096435547
4,0.6566951274871826,0.8935324549674988,0.5562770366668701,0.926845908164978
5,0.6604938507080078,0.8595705628395081,0.5703462958335876,0.9395117163658142
6,0.6709401607513428,0.8136779069900513,0.6136363744735718,0.9980984926223755
7,0.6825736165046692,0.8036688566207886,0.6244588494300842,0.93904048204422
8,0.6932573318481445,0.7733753323554993,0.6645021438598633,0.8559385538101196
9,0.6896961331367493,0.7656028270721436,0.6525974273681641,0.9632732272148132
10,0.6982431411743164,0.735511064529419,0.6244588494300842,0.9996100664138794
11,0.7089268565177917,0.7186346054077148,0.6525974273681641,0.9940093755722046
12,0.7094017267227173,0.698574423789978,0.6320346593856812,0.9246979355812073
13,0.7207977175712585,0.700994074344635,0.6829004287719727,0.8661555051803589
14,0.7205603122711182,0.6861228942871094,0.677489161491394,0.9873241782188416
15,0.7253086566925049,0.6720333695411682,0.6850649118423462,0.9943951368331909
16,0.7485755085945129,0.640347421169281,0.6655844449996948,0.9292252659797668
17,0.7369420528411865,0.6485992074012756,0.6536796689033508,0.8895019292831421
18,0.7279202342033386,0.6501078009605408,0.6872294545173645,0.8496767282485962
19,0.7490503191947937,0.6150143146514893,0.637445867061615,0.9378307461738586
20,0.7466761469841003,0.6290047764778137,0.6623376607894897,1.1325355768203735
21,0.7485755085945129,0.6056069135665894,0.677489161491394,1.0433613061904907
22,0.7537986636161804,0.5914214849472046,0.6623376607894897,1.0284416675567627
23,0.7642450332641602,0.5866694450378418,0.6255411505699158,1.2210180759429932
24,0.7571225166320801,0.5822954177856445,0.6796537041664124,0.8717592358589172
25,0.767568826675415,0.5715263485908508,0.6471861600875854,1.0026044845581055
26,0.7708926796913147,0.5693827867507935,0.6764069199562073,1.001665472984314
27,0.775403618812561,0.553487241268158,0.6937229633331299,0.9500412344932556
28,0.7651946544647217,0.5627966523170471,0.6850649118423462,0.9017037153244019
29,0.7706552743911743,0.5418804287910461,0.6558441519737244,1.005932092666626
30,0.7820512652397156,0.5344244837760925,0.6861472129821777,0.9847214818000793
31,0.7830009460449219,0.5305238962173462,0.6807359457015991,0.8988704085350037
32,0.7913105487823486,0.5146006345748901,0.6861472129821777,0.9932995438575745
33,0.7896486520767212,0.5240775942802429,0.6352813839912415,1.2651567459106445
34,0.7934473156929016,0.5008498430252075,0.6829004287719727,1.0836460590362549
35,0.7872744798660278,0.5102099180221558,0.6525974273681641,1.024279236793518
36,0.7889363765716553,0.50255286693573,0.6158008575439453,1.0301707983016968
37,0.7946344017982483,0.5035194754600525,0.6677489280700684,1.2727102041244507
38,0.7991452813148499,0.4894503653049469,0.6818181872367859,1.1616201400756836
39,0.8027065396308899,0.4860307574272156,0.6904761791229248,0.9799580574035645
40,0.8031814098358154,0.4891156852245331,0.6655844449996948,0.946707010269165
41,0.8022317290306091,0.47705078125,0.6764069199562073,1.0836045742034912
42,0.8122032284736633,0.4745619595050812,0.637445867061615,1.099244475364685
43,0.8136277198791504,0.4731074869632721,0.6504328846931458,1.0352486371994019
