epoch,accuracy,loss,val_accuracy,val_loss
0,0.4829059839248657,1.3136879205703735,0.32575756311416626,1.655263900756836
1,0.5752611756324768,1.1023480892181396,0.42099568247795105,1.5126938819885254
2,0.6054130792617798,1.0077617168426514,0.548701286315918,1.0416803359985352
3,0.6400759816169739,0.9510486721992493,0.5476190447807312,1.0061231851577759
4,0.645061731338501,0.9077379107475281,0.5573592782020569,0.9875235557556152
5,0.6733143329620361,0.846786618232727,0.600649356842041,1.0110743045806885
6,0.6737892031669617,0.8349164724349976,0.6547619104385376,0.9324663877487183
7,0.6970560550689697,0.7803938984870911,0.6017315983772278,0.977649450302124
8,0.68304842710495,0.8082854151725769,0.6396104097366333,1.0143128633499146
9,0.6989553570747375,0.7605096101760864,0.6298701167106628,1.007497787475586
10,0.7153371572494507,0.738143801689148,0.6222943663597107,0.986724853515625
11,0.7082146406173706,0.7261905074119568,0.6623376607894897,0.9697360992431641
12,0.7243589758872986,0.6980077624320984,0.5898268222808838,1.1260110139846802
13,0.730294406414032,0.6856446862220764,0.7067099809646606,0.8628496527671814
14,0.7374169230461121,0.6731290817260742,0.6558441519737244,0.9493756890296936
15,0.7459639310836792,0.6534192562103271,0.6439393758773804,0.9081671237945557
16,0.7340930700302124,0.6547631025314331,0.677489161491394,0.9860925078392029
17,0.7469135522842407,0.634405791759491,0.6547619104385376,0.8885288834571838
18,0.7395536303520203,0.6383127570152283,0.6536796689033508,0.9223467707633972
19,0.7424026727676392,0.6367508172988892,0.6807359457015991,1.0805858373641968
20,0.7554605603218079,0.6119658946990967,0.6634199023246765,0.9671650528907776
21,0.7587844133377075,0.5989652276039124,0.6709956526756287,1.0482734441757202
22,0.7533238530158997,0.6087934374809265,0.6461039185523987,0.8626092076301575
23,0.7720797657966614,0.5809229016304016,0.6428571343421936,1.0430381298065186
24,0.7666192054748535,0.5770066380500793,0.572510838508606,1.0299769639968872
25,0.7685185074806213,0.5768743753433228,0.6547619104385376,1.0186347961425781
26,0.7756410241127014,0.5584855675697327,0.6482684016227722,0.979912519454956
27,0.781101644039154,0.536154568195343,0.6850649118423462,0.8420500755310059
28,0.7780151963233948,0.5448815226554871,0.6688311696052551,0.8255085349082947
29,0.7803893685340881,0.5379928350448608,0.6601731777191162,1.0113353729248047
30,0.7777777910232544,0.551628828048706,0.6168830990791321,0.9051095247268677
31,0.7875118851661682,0.5220602750778198,0.6212121248245239,0.9302396178245544
32,0.7844254374504089,0.523351788520813,0.6525974273681641,0.942532479763031
33,0.7849003076553345,0.5221295952796936,0.6461039185523987,1.059503436088562
34,0.8005697727203369,0.5080275535583496,0.6450216174125671,0.9974897503852844
35,0.7965337038040161,0.5029604434967041,0.649350643157959,1.1880971193313599
36,0.8036562204360962,0.4853361248970032,0.6298701167106628,1.0965514183044434
37,0.8048433065414429,0.47450676560401917,0.6233766078948975,0.9868703484535217
38,0.8015194535255432,0.48645928502082825,0.6287878751754761,0.9796465635299683
39,0.8048433065414429,0.482830673456192,0.6277056336402893,0.974740207195282
40,0.8053181171417236,0.48140835762023926,0.6320346593856812,1.0324357748031616
41,0.8160018920898438,0.4637446999549866,0.6580086350440979,1.1303081512451172
42,0.8129155039787292,0.45665398240089417,0.6385281682014465,1.0621669292449951
43,0.8198005557060242,0.4445233643054962,0.6244588494300842,1.0566153526306152
44,0.8164767622947693,0.45284944772720337,0.6363636255264282,1.0276615619659424
45,0.8226495981216431,0.4462255537509918,0.6396104097366333,1.0680928230285645
46,0.8254985809326172,0.45117682218551636,0.6179653406143188,1.0247594118118286
47,0.8176637887954712,0.4430847764015198,0.637445867061615,1.0068466663360596
48,0.8152896761894226,0.43373432755470276,0.6471861600875854,0.9697126150131226
49,0.8297720551490784,0.43014031648635864,0.7023809552192688,0.8346485495567322
