epoch,accuracy,loss,val_accuracy,val_loss
0,0.4662868082523346,1.2987712621688843,0.2175324708223343,1.6224044561386108
1,0.5880816578865051,1.0773875713348389,0.3181818127632141,1.5161831378936768
2,0.6196581125259399,0.987092912197113,0.5357142686843872,0.9905211925506592
3,0.6355650424957275,0.9341472387313843,0.5573592782020569,0.9410989880561829
4,0.6616809368133545,0.8688257932662964,0.5551947951316833,0.9825818538665771
5,0.6737892031669617,0.8354069590568542,0.6049783825874329,0.8653559684753418
6,0.6742640137672424,0.8199135065078735,0.6168830990791321,0.9013615250587463
7,0.6956315040588379,0.7983198761940002,0.6482684016227722,0.850379467010498
8,0.6915954351425171,0.7640976905822754,0.5692640542984009,0.9893558621406555
9,0.6932573318481445,0.7587062120437622,0.6093073487281799,0.9243990778923035
10,0.7018043398857117,0.7255268692970276,0.6634199023246765,0.9379816651344299
11,0.7032288908958435,0.7309536933898926,0.6287878751754761,0.9866499900817871
12,0.7072649598121643,0.7090364694595337,0.6309523582458496,0.9492213726043701
13,0.7319563031196594,0.6893001794815063,0.6839826703071594,0.9139608144760132
14,0.7288699150085449,0.6845422983169556,0.6634199023246765,0.8158771395683289
15,0.7217473983764648,0.6700305938720703,0.637445867061615,1.0031629800796509
16,0.7367046475410461,0.6560944318771362,0.6525974273681641,0.8310398459434509
17,0.7367046475410461,0.6395825147628784,0.6829004287719727,0.9918095469474792
18,0.7393162250518799,0.6532611846923828,0.6904761791229248,0.8827459216117859
19,0.7383665442466736,0.635962724685669,0.649350643157959,1.1059805154800415
20,0.7367046475410461,0.6307923793792725,0.689393937587738,0.8369643092155457
21,0.7545109391212463,0.6109725832939148,0.6850649118423462,0.9958155155181885
22,0.7507122755050659,0.6069517135620117,0.6428571343421936,0.8855365514755249
23,0.7447768449783325,0.6036008596420288,0.6818181872367859,0.9604911208152771
24,0.7540360689163208,0.5951696038246155,0.677489161491394,1.00127375125885
25,0.7637701630592346,0.5833666324615479,0.6850649118423462,0.9642621874809265
26,0.768281102180481,0.5587326884269714,0.6699134111404419,1.046248435974121
27,0.7716049551963806,0.5611603260040283,0.6471861600875854,1.002396583557129
28,0.7732668519020081,0.556189775466919,0.709956705570221,0.8484682440757751
29,0.7744539380073547,0.5472142696380615,0.6829004287719727,1.0797193050384521
30,0.7761158347129822,0.5429302453994751,0.6320346593856812,1.1516886949539185
31,0.7806267738342285,0.5281163454055786,0.6396104097366333,1.04676353931427
32,0.7784900069236755,0.5254045128822327,0.673160195350647,0.8749334812164307
33,0.7808641791343689,0.5247998237609863,0.6406926512718201,1.1628844738006592
34,0.7834757566452026,0.535701334476471,0.6038960814476013,0.9229725003242493
35,0.7853751182556152,0.520138680934906,0.6818181872367859,0.9366971850395203
36,0.7884615659713745,0.5134176015853882,0.6363636255264282,1.0656838417053223
37,0.7941595315933228,0.498999685049057,0.6688311696052551,0.8604166507720947
38,0.7913105487823486,0.49637916684150696,0.661255419254303,1.1058948040008545
39,0.8084045648574829,0.4828665554523468,0.6363636255264282,1.0772536993026733
