epoch,accuracy,loss,val_accuracy,val_loss
0,0.462013304233551,1.3082797527313232,0.3419913351535797,1.7534507513046265
1,0.5776353478431702,1.1021205186843872,0.31060606241226196,1.7214279174804688
2,0.6009021997451782,1.0087658166885376,0.5844155550003052,0.9663701057434082
3,0.6298670172691345,0.951587438583374,0.5530303120613098,0.9615277051925659
4,0.6346153616905212,0.9196688532829285,0.5865800976753235,0.8979499340057373
5,0.6652421355247498,0.854019045829773,0.5941558480262756,0.9168294072151184
6,0.6858974099159241,0.8141459226608276,0.5865800976753235,0.9248560667037964
7,0.6911206245422363,0.7853806018829346,0.6049783825874329,0.9942103028297424
8,0.6823362112045288,0.7859172224998474,0.6158008575439453,0.998863160610199
9,0.6944444179534912,0.7778177261352539,0.6222943663597107,1.0103603601455688
10,0.714150071144104,0.732070803642273,0.6298701167106628,0.989086389541626
11,0.710588812828064,0.7191019058227539,0.6266233921051025,0.9779548645019531
12,0.7274454236030579,0.7024514079093933,0.6212121248245239,0.967835009098053
13,0.7150996923446655,0.7033775448799133,0.6038960814476013,0.9810406565666199
14,0.7169990539550781,0.6962408423423767,0.6428571343421936,0.9439519047737122
15,0.722459614276886,0.675369143486023,0.6461039185523987,0.8415035605430603
16,0.7383665442466736,0.6433717012405396,0.6287878751754761,0.9584627151489258
17,0.7336182594299316,0.6605082154273987,0.6428571343421936,0.9251769185066223
18,0.7293447256088257,0.6631571054458618,0.5822510719299316,1.0856705904006958
19,0.7431148886680603,0.6339164972305298,0.6158008575439453,0.8850410580635071
20,0.7509496808052063,0.6151918768882751,0.6309523582458496,0.9551954865455627
21,0.7537986636161804,0.6130661368370056,0.6287878751754761,1.0197718143463135
22,0.7433523535728455,0.6201899647712708,0.6255411505699158,0.9791829586029053
23,0.755698025226593,0.5964937806129456,0.6406926512718201,1.1042948961257935
24,0.7583096027374268,0.5925462245941162,0.6655844449996948,0.9768007397651672
25,0.7469135522842407,0.604077935218811,0.6201298832893372,0.9262685775756836
26,0.767568826675415,0.5781949162483215,0.6082251071929932,0.8735884428024292
27,0.7751662135124207,0.5577487945556641,0.637445867061615,0.8758594393730164
28,0.764007568359375,0.5672829747200012,0.6385281682014465,0.9123111367225647
29,0.7704178690910339,0.5595980286598206,0.5898268222808838,1.1873308420181274
30,0.773979127407074,0.5475332140922546,0.6179653406143188,0.9481417536735535
31,0.7768281102180481,0.5478808879852295,0.637445867061615,0.9762904644012451
32,0.7872744798660278,0.5252847671508789,0.6341991424560547,0.9959447383880615
33,0.7794396877288818,0.5326067209243774,0.6233766078948975,0.9369220733642578
34,0.7825261354446411,0.5263946056365967,0.6471861600875854,1.0402488708496094
35,0.7889363765716553,0.5178169012069702,0.637445867061615,0.9270597100257874
36,0.7991452813148499,0.5024303197860718,0.6190476417541504,1.3911467790603638
37,0.7941595315933228,0.5044321417808533,0.6634199023246765,0.872605562210083
38,0.7943969368934631,0.48776310682296753,0.6190476417541504,1.1502774953842163
39,0.7934473156929016,0.49853283166885376,0.6147186160087585,1.0355908870697021
40,0.7965337038040161,0.496197909116745,0.6439393758773804,1.1368769407272339
