epoch,accuracy,loss,val_accuracy,val_loss
0,0.4800569713115692,1.2713372707366943,0.32575756311416626,2.1864898204803467
1,0.5921177864074707,1.027932047843933,0.3419913351535797,1.8492655754089355
2,0.6146723628044128,0.9733966588973999,0.5616883039474487,1.0019416809082031
3,0.6412630677223206,0.9085458517074585,0.5930736064910889,0.9513864517211914
4,0.6645299196243286,0.8561033010482788,0.6168830990791321,0.936791181564331
5,0.661206066608429,0.8362647891044617,0.5865800976753235,0.9454262852668762
6,0.6773504018783569,0.8033515810966492,0.5995671153068542,0.8880378603935242
7,0.6804368495941162,0.7850732803344727,0.5909090638160706,1.0291169881820679
8,0.68304842710495,0.7668651938438416,0.5930736064910889,0.9571983814239502
9,0.6906457543373108,0.7476164698600769,0.6093073487281799,0.9720152616500854
10,0.7013295292854309,0.727236270904541,0.6385281682014465,0.9820128083229065
11,0.7153371572494507,0.7015365362167358,0.6428571343421936,0.9116451144218445
12,0.7153371572494507,0.6972050070762634,0.637445867061615,0.97971111536026
13,0.7150996923446655,0.6723082661628723,0.6406926512718201,1.0341402292251587
14,0.7217473983764648,0.661661684513092,0.6417748928070068,1.0377939939498901
15,0.7193732261657715,0.6615946292877197,0.6385281682014465,1.0599631071090698
16,0.7234092950820923,0.6636685132980347,0.6439393758773804,0.9802799224853516
17,0.7397910952568054,0.633156955242157,0.6266233921051025,0.906787097454071
18,0.7355175614356995,0.6316452026367188,0.612554132938385,1.0920480489730835
19,0.7407407164573669,0.6194053292274475,0.6482684016227722,1.088529348373413
20,0.7447768449783325,0.6119735836982727,0.6114718317985535,0.9746587872505188
21,0.7454890608787537,0.5976384878158569,0.6341991424560547,1.042298674583435
22,0.7462013363838196,0.5965153574943542,0.6417748928070068,1.0161305665969849
23,0.7545109391212463,0.5847704410552979,0.6439393758773804,0.9067033529281616
24,0.7511870861053467,0.5801469087600708,0.6471861600875854,0.893355667591095
25,0.7613959908485413,0.57335364818573,0.6764069199562073,0.9495562314987183
26,0.7618708610534668,0.5741841197013855,0.6461039185523987,1.1006840467453003
27,0.7642450332641602,0.5593708753585815,0.6114718317985535,0.9975590705871582
28,0.7659069299697876,0.5667288899421692,0.6136363744735718,1.009179949760437
29,0.7625830769538879,0.565085232257843,0.6168830990791321,0.9051316380500793
30,0.7815764546394348,0.5270557999610901,0.6406926512718201,0.8643696308135986
31,0.7725545763969421,0.53800368309021,0.5995671153068542,0.9175981879234314
32,0.7872744798660278,0.519169270992279,0.649350643157959,0.9685695171356201
33,0.7723171710968018,0.5361078977584839,0.637445867061615,0.9054489731788635
34,0.7813390493392944,0.5117624402046204,0.6341991424560547,1.0113937854766846
35,0.7853751182556152,0.5066906809806824,0.6428571343421936,0.8602181077003479
36,0.7784900069236755,0.5101592540740967,0.6385281682014465,0.9881250858306885
37,0.787986695766449,0.5022630095481873,0.6363636255264282,0.931635320186615
38,0.7934473156929016,0.4937635660171509,0.6298701167106628,1.0168391466140747
39,0.7851377129554749,0.4952569305896759,0.6536796689033508,0.964114785194397
40,0.7891737818717957,0.48985692858695984,0.6103895902633667,1.074436902999878
41,0.7991452813148499,0.49150359630584717,0.5984848737716675,0.9994181394577026
42,0.7970085740089417,0.4853138029575348,0.5919913649559021,0.9218955039978027
43,0.8036562204360962,0.4638044536113739,0.6461039185523987,1.0875380039215088
44,0.7979581952095032,0.48000872135162354,0.6136363744735718,0.9624794721603394
45,0.8124406337738037,0.4581175446510315,0.6158008575439453,1.2615246772766113
46,0.8124406337738037,0.4513285756111145,0.5984848737716675,1.0979037284851074
47,0.8019943237304688,0.4692346453666687,0.6212121248245239,1.2311054468154907
48,0.8079297542572021,0.4538207948207855,0.6255411505699158,1.0652505159378052
49,0.8136277198791504,0.4488372802734375,0.5909090638160706,1.0698741674423218
