epoch,accuracy,loss,val_accuracy,val_loss
0,0.5073599219322205,1.2735496759414673,0.4047619104385376,1.712226390838623
1,0.583808183670044,1.07216215133667,0.3095238208770752,1.8052678108215332
2,0.6172839403152466,1.0032124519348145,0.5919913649559021,0.9596905708312988
3,0.6277303099632263,0.950909435749054,0.5995671153068542,0.9368816614151001
4,0.6396011114120483,0.9166156053543091,0.6038960814476013,0.8925331830978394
5,0.6595441699028015,0.8766087293624878,0.6093073487281799,0.8814162015914917
6,0.6730769276618958,0.8417767882347107,0.6060606241226196,0.8790214657783508
7,0.6652421355247498,0.8437373638153076,0.600649356842041,0.9085133075714111
8,0.6828110218048096,0.8030090928077698,0.5811688303947449,1.02190363407135
9,0.6818613409996033,0.7934178113937378,0.6060606241226196,0.9242042899131775
10,0.6918328404426575,0.7626984119415283,0.5865800976753235,1.0834892988204956
11,0.7006173133850098,0.7513030767440796,0.588744580745697,1.0188382863998413
12,0.7072649598121643,0.7388100028038025,0.6017315983772278,0.9044927358627319
13,0.7127255201339722,0.7283003926277161,0.637445867061615,0.9521094560623169
14,0.7051281929016113,0.7213623523712158,0.6482684016227722,0.9026634097099304
15,0.7150996923446655,0.7155724167823792,0.6471861600875854,0.8141219615936279
16,0.7310066223144531,0.6757397651672363,0.6168830990791321,1.0317414999008179
17,0.7295821309089661,0.6741689443588257,0.6385281682014465,0.9462149739265442
18,0.7305318117141724,0.667138934135437,0.6450216174125671,0.8862573504447937
19,0.7371794581413269,0.6529620289802551,0.6450216174125671,0.9388349652290344
20,0.7409781813621521,0.6334079504013062,0.6558441519737244,0.9313088059425354
21,0.735992431640625,0.6393624544143677,0.6385281682014465,0.9508429169654846
22,0.7559354305267334,0.61275315284729,0.5974025726318359,1.1311213970184326
23,0.7414529919624329,0.6308521032333374,0.6461039185523987,0.9005573987960815
24,0.7492877244949341,0.6085729002952576,0.6536796689033508,1.0653818845748901
25,0.7568851113319397,0.5945517420768738,0.6341991424560547,1.0561891794204712
26,0.7592592835426331,0.5936530828475952,0.6341991424560547,1.1078838109970093
27,0.7450142502784729,0.6099516749382019,0.6212121248245239,1.0772415399551392
28,0.7528489828109741,0.5964613556861877,0.5898268222808838,1.0735236406326294
29,0.768281102180481,0.5830324292182922,0.6331169009208679,1.0398321151733398
30,0.7585470080375671,0.5818626284599304,0.6190476417541504,1.0528552532196045
31,0.7666192054748535,0.5732682347297668,0.6298701167106628,0.9373701810836792
32,0.7552231550216675,0.5822741389274597,0.6233766078948975,1.123673439025879
33,0.7720797657966614,0.5526362657546997,0.6093073487281799,1.0305038690567017
34,0.7742165327072144,0.5512236952781677,0.6396104097366333,0.8674158453941345
35,0.7713675498962402,0.5462825298309326,0.6406926512718201,0.8709476590156555
36,0.7830009460449219,0.5270016193389893,0.6406926512718201,0.9949607253074646
37,0.7896486520767212,0.529655933380127,0.6536796689033508,0.9840662479400635
38,0.7732668519020081,0.5369367003440857,0.6071428656578064,1.0485180616378784
39,0.7808641791343689,0.520024299621582,0.6352813839912415,0.9457906484603882
40,0.7860873937606812,0.5226768255233765,0.5974025726318359,1.1560603380203247
