epoch,accuracy,loss,val_accuracy,val_loss
0,0.4643874764442444,1.3166145086288452,0.3722943663597107,1.5683608055114746
1,0.5918803215026855,1.063715934753418,0.3300865888595581,1.4698290824890137
2,0.6118233799934387,0.9861108660697937,0.5692640542984009,0.977207601070404
3,0.6277303099632263,0.9418776631355286,0.5930736064910889,0.9175472259521484
4,0.6443494558334351,0.9034602046012878,0.5692640542984009,0.9699766039848328
5,0.6514719724655151,0.8751993179321289,0.5714285969734192,1.0223537683486938
6,0.6654796004295349,0.8415645360946655,0.5930736064910889,0.9733662009239197
7,0.6709401607513428,0.8048579692840576,0.6601731777191162,0.9743936657905579
8,0.6849477887153625,0.807607114315033,0.6309523582458496,0.9617613554000854
9,0.6980056762695312,0.7641496658325195,0.6158008575439453,0.9670894742012024
10,0.6987179517745972,0.7590397596359253,0.6331169009208679,1.0889742374420166
11,0.6951566934585571,0.7603880167007446,0.6829004287719727,0.8710193634033203
12,0.7060778737068176,0.7366048693656921,0.6699134111404419,0.9667518734931946
13,0.709876537322998,0.7241931557655334,0.6201298832893372,1.0027470588684082
14,0.7139126062393188,0.7056565284729004,0.6753246784210205,0.9375951886177063
15,0.7269705533981323,0.6997816562652588,0.6655844449996948,0.994530975818634
16,0.7267331480979919,0.6745675802230835,0.6439393758773804,1.0458446741104126
17,0.7215099930763245,0.6927294731140137,0.6331169009208679,0.8990550637245178
18,0.7314814925193787,0.65992671251297,0.6385281682014465,0.8729311227798462
19,0.7343304753303528,0.6509987115859985,0.6623376607894897,1.0475558042526245
20,0.7407407164573669,0.642457127571106,0.6352813839912415,0.8120911121368408
21,0.7438271641731262,0.6322855353355408,0.6201298832893372,1.0623173713684082
22,0.7552231550216675,0.6031126379966736,0.6179653406143188,0.9063448309898376
23,0.7485755085945129,0.6063896417617798,0.6525974273681641,0.882502019405365
24,0.7540360689163208,0.5960651636123657,0.6396104097366333,0.9301005005836487
25,0.7644824385643005,0.5815606713294983,0.6818181872367859,0.9116507768630981
26,0.7635327577590942,0.5891692638397217,0.6363636255264282,0.9277921319007874
27,0.7611585855484009,0.5860278606414795,0.6038960814476013,0.9408329725265503
28,0.7751662135124207,0.561415433883667,0.6266233921051025,0.8800058960914612
29,0.768281102180481,0.5670117139816284,0.6428571343421936,0.9015957117080688
30,0.7670940160751343,0.5667427182197571,0.6212121248245239,1.045502781867981
31,0.7768281102180481,0.5432121157646179,0.6569263935089111,1.2003962993621826
32,0.7742165327072144,0.5525195598602295,0.6461039185523987,0.8808132410049438
33,0.7801519632339478,0.5319532752037048,0.6536796689033508,1.279247522354126
34,0.7853751182556152,0.5245117545127869,0.6601731777191162,0.9562278389930725
35,0.7801519632339478,0.5224066972732544,0.6461039185523987,1.0990763902664185
36,0.7898860573768616,0.5140081644058228,0.5876623392105103,0.9309186339378357
37,0.7908356785774231,0.5028408765792847,0.5898268222808838,0.930143415927887
38,0.7970085740089417,0.49323999881744385,0.6850649118423462,1.063193678855896
39,0.7979581952095032,0.48297157883644104,0.6785714030265808,0.8451680541038513
40,0.8046059012413025,0.48359036445617676,0.6688311696052551,1.055587649345398
41,0.791547954082489,0.4937596917152405,0.6655844449996948,0.8051634430885315
42,0.8031814098358154,0.48259133100509644,0.6666666865348816,1.2734007835388184
43,0.8062677979469299,0.47071847319602966,0.6742424368858337,1.1858935356140137
44,0.8062677979469299,0.4726051986217499,0.6385281682014465,1.0675780773162842
45,0.8053181171417236,0.48389488458633423,0.6742424368858337,1.0037167072296143
46,0.8164767622947693,0.4533892273902893,0.5833333134651184,1.064903974533081
47,0.8164767622947693,0.45373284816741943,0.6666666865348816,1.0530232191085815
48,0.8174263834953308,0.4423380196094513,0.6666666865348816,1.0563119649887085
49,0.8145774006843567,0.4437143802642822,0.6298701167106628,0.9590801000595093
