epoch,accuracy,loss,val_accuracy,val_loss
0,0.36633428931236267,1.4351489543914795,0.35930734872817993,1.5718276500701904
1,0.517568826675415,1.1903594732284546,0.3311688303947449,1.4466627836227417
2,0.577397882938385,1.0774983167648315,0.5530303120613098,1.0682209730148315
3,0.6182336211204529,1.005018949508667,0.5919913649559021,0.962771475315094
4,0.6322411894798279,0.9599855542182922,0.5670995712280273,0.970288872718811
5,0.6576448082923889,0.8892912864685059,0.5595238208770752,1.017439842224121
6,0.6659544110298157,0.8640346527099609,0.5746753215789795,0.9170563817024231
7,0.6854225993156433,0.8379631042480469,0.5779221057891846,1.0256577730178833
8,0.6761633157730103,0.8094808459281921,0.6179653406143188,0.9479988813400269
9,0.6904083490371704,0.7708107829093933,0.6114718317985535,0.9052443504333496
10,0.7150996923446655,0.734084963798523,0.6201298832893372,0.8837639093399048
11,0.7077397704124451,0.7293009757995605,0.6482684016227722,0.8593233823776245
12,0.7184235453605652,0.7006861567497253,0.6352813839912415,0.8791190385818481
13,0.7181861400604248,0.6912328004837036,0.6287878751754761,1.1206045150756836
14,0.7207977175712585,0.6921019554138184,0.6396104097366333,1.0133998394012451
15,0.7371794581413269,0.6676795482635498,0.5854978561401367,1.1393643617630005
16,0.731718897819519,0.66046142578125,0.6049783825874329,1.0169800519943237
17,0.7264957427978516,0.65408855676651,0.6298701167106628,0.9491111636161804
18,0.7459639310836792,0.6296539306640625,0.5974025726318359,1.0683581829071045
19,0.7471510171890259,0.6291944980621338,0.5909090638160706,1.0315600633621216
20,0.7485755085945129,0.629217803478241,0.6093073487281799,0.9691175818443298
21,0.7533238530158997,0.608630359172821,0.6114718317985535,1.0087658166885376
22,0.7623456716537476,0.5894995331764221,0.6168830990791321,0.9430517554283142
23,0.7590218186378479,0.5860394239425659,0.6331169009208679,0.9118070006370544
24,0.7561728358268738,0.5886827111244202,0.6277056336402893,1.047519564628601
25,0.7637701630592346,0.5801492929458618,0.6038960814476013,1.1865941286087036
26,0.7706552743911743,0.571026623249054,0.6244588494300842,1.011977195739746
27,0.775403618812561,0.5574904084205627,0.6147186160087585,1.0431023836135864
28,0.781101644039154,0.540285050868988,0.6049783825874329,1.1842621564865112
29,0.7777777910232544,0.5440635085105896,0.5876623392105103,1.0672287940979004
30,0.7808641791343689,0.5373498201370239,0.5919913649559021,1.0871213674545288
31,0.7891737818717957,0.5222917795181274,0.612554132938385,1.0653811693191528
32,0.7735042572021484,0.5384103059768677,0.6222943663597107,1.121071457862854
33,0.7903608679771423,0.5246778130531311,0.6222943663597107,1.1323679685592651
34,0.793684720993042,0.5049710869789124,0.6525974273681641,1.1180400848388672
35,0.781101644039154,0.5316945910453796,0.6082251071929932,0.9484675526618958
36,0.7913105487823486,0.5053935647010803,0.6331169009208679,1.0874783992767334
