epoch,accuracy,loss,val_accuracy,val_loss
0,0.5344254374504089,1.1727924346923828,0.27489176392555237,2.401477098464966
1,0.6312915682792664,0.9204227924346924,0.23701298236846924,2.4474220275878906
2,0.6718898415565491,0.8353620171546936,0.6406926512718201,0.9258802533149719
3,0.6851851940155029,0.768269419670105,0.5909090638160706,0.9737215042114258
4,0.6996676325798035,0.7307707071304321,0.6060606241226196,0.8876891136169434
5,0.7253086566925049,0.669737696647644,0.5952380895614624,1.4704947471618652
6,0.7234092950820923,0.6626056432723999,0.5909090638160706,1.1169489622116089
7,0.75356125831604,0.6117519736289978,0.5476190447807312,1.4113541841506958
8,0.7630579471588135,0.5846279263496399,0.5898268222808838,1.1148265600204468
9,0.7618708610534668,0.5693396329879761,0.5660173296928406,1.2017155885696411
10,0.7756410241127014,0.5432918667793274,0.5876623392105103,0.9837359189987183
11,0.7808641791343689,0.5357882380485535,0.5638527870178223,0.9682291746139526
12,0.7886989712715149,0.5065780878067017,0.600649356842041,1.1315577030181885
13,0.7941595315933228,0.49043411016464233,0.6038960814476013,1.3080264329910278
14,0.7986704707145691,0.4906245768070221,0.5746753215789795,1.3934011459350586
15,0.8143399953842163,0.4529092311859131,0.6287878751754761,0.9882354736328125
16,0.8110161423683167,0.4648441672325134,0.6569263935089111,1.0613504648208618
17,0.8193257451057434,0.4370056688785553,0.5248917937278748,1.1991685628890991
18,0.8297720551490784,0.4174996316432953,0.5941558480262756,1.253002405166626
19,0.8349952697753906,0.40309086441993713,0.6439393758773804,0.9333598613739014
20,0.8349952697753906,0.3917281925678253,0.6482684016227722,0.820727527141571
21,0.8411681056022644,0.3863677978515625,0.6428571343421936,1.1196365356445312
22,0.8435422778129578,0.3783930540084839,0.5963203310966492,0.96933513879776
23,0.8580247163772583,0.3615632653236389,0.5162337422370911,1.9430811405181885
24,0.8539885878562927,0.3564574420452118,0.5140692591667175,1.4779305458068848
25,0.8637226819992065,0.328898549079895,0.6461039185523987,1.4167946577072144
26,0.8701329827308655,0.32678040862083435,0.5757575631141663,1.2878003120422363
27,0.8744064569473267,0.30442148447036743,0.5551947951316833,1.6557763814926147
28,0.8727445602416992,0.3088528513908386,0.572510838508606,1.1419074535369873
29,0.8805792927742004,0.2978821098804474,0.6017315983772278,1.3305689096450806
30,0.8874644041061401,0.2847857177257538,0.5248917937278748,2.1889543533325195
31,0.8805792927742004,0.29104456305503845,0.5790043473243713,1.330809235572815
32,0.8784425258636475,0.2874954342842102,0.5508658289909363,1.7617956399917603
33,0.889363706111908,0.2603908181190491,0.6233766078948975,1.3192365169525146
34,0.8974359035491943,0.25793683528900146,0.6114718317985535,1.181461215019226
35,0.9045584201812744,0.24280902743339539,0.5476190447807312,1.9773257970809937
36,0.8998100757598877,0.2403983622789383,0.5411255359649658,2.1435739994049072
37,0.9071699976921082,0.2341306209564209,0.5140692591667175,3.1088740825653076
38,0.9057455062866211,0.2371925264596939,0.6883116960525513,1.1603611707687378
39,0.9097815752029419,0.22714026272296906,0.7142857313156128,0.9243549704551697
40,0.9064577221870422,0.2248535454273224,0.5346320271492004,2.854076623916626
41,0.9107312560081482,0.2252255082130432,0.7077922224998474,1.2617696523666382
42,0.9159544110298157,0.20655862987041473,0.6038960814476013,1.5573779344558716
43,0.916904091835022,0.20646674931049347,0.5021644830703735,2.1476547718048096
44,0.9230769276618958,0.2039373815059662,0.6168830990791321,1.5403798818588257
45,0.9235517382621765,0.1900319755077362,0.6179653406143188,1.3006218671798706
