epoch,accuracy,loss,val_accuracy,val_loss
0,0.5605413317680359,1.1329971551895142,0.1872294396162033,2.327080726623535
1,0.6315289735794067,0.9205962419509888,0.39393940567970276,2.142720937728882
2,0.6721272468566895,0.8194527626037598,0.6461039185523987,0.831853449344635
3,0.6875593662261963,0.7707638740539551,0.5963203310966492,1.0143883228302002
4,0.6951566934585571,0.7323493957519531,0.5822510719299316,0.9360989928245544
5,0.7139126062393188,0.6804832220077515,0.6915584206581116,0.8713716864585876
6,0.7226970791816711,0.6607615351676941,0.7251082062721252,0.8545872569084167
7,0.7428774833679199,0.6086349487304688,0.7229437232017517,0.8639132380485535
8,0.7523741722106934,0.5981796979904175,0.701298713684082,0.8376888036727905
9,0.7621082663536072,0.5704643726348877,0.6720778942108154,0.9542133808135986
10,0.7635327577590942,0.5505805015563965,0.5952380895614624,0.9861350059509277
11,0.7768281102180481,0.5342292785644531,0.6861472129821777,1.1291427612304688
12,0.7889363765716553,0.5129643678665161,0.6168830990791321,1.5066455602645874
13,0.7867996096611023,0.5160166025161743,0.6082251071929932,1.2329494953155518
14,0.804131031036377,0.47396308183670044,0.6417748928070068,1.1513071060180664
15,0.8022317290306091,0.4718576967716217,0.6385281682014465,1.255342960357666
16,0.811253547668457,0.4542016088962555,0.49242424964904785,1.5449122190475464
17,0.8148148059844971,0.4490920305252075,0.5660173296928406,1.868112564086914
18,0.8174263834953308,0.4397222399711609,0.6060606241226196,1.139330506324768
19,0.8326210975646973,0.41872289776802063,0.5638527870178223,1.6029152870178223
20,0.8226495981216431,0.42107436060905457,0.5919913649559021,1.1077659130096436
21,0.8349952697753906,0.3851538300514221,0.5941558480262756,1.206128716468811
22,0.8447293639183044,0.3816544711589813,0.5757575631141663,1.6826481819152832
23,0.849240243434906,0.3558438718318939,0.6147186160087585,1.2988197803497314
24,0.8459164500236511,0.361404150724411,0.5692640542984009,1.3224294185638428
25,0.8582621216773987,0.349159836769104,0.48917749524116516,1.8045549392700195
26,0.852801501750946,0.3406584560871124,0.6136363744735718,1.7372009754180908
27,0.8587369322776794,0.3253577947616577,0.5649350881576538,1.040555715560913
