epoch,accuracy,loss,val_accuracy,val_loss
0,0.545109212398529,1.149756908416748,0.22510822117328644,2.39609694480896
1,0.6229819655418396,0.9307451248168945,0.2705627679824829,2.1825220584869385
2,0.6638176441192627,0.8181383013725281,0.5735930800437927,0.969070315361023
3,0.6851851940155029,0.7386379837989807,0.6028138399124146,1.1061854362487793
4,0.7158119678497314,0.6909239888191223,0.5638527870178223,1.1201554536819458
5,0.724596381187439,0.6651213765144348,0.6861472129821777,1.0859297513961792
6,0.7307692170143127,0.6361834406852722,0.6915584206581116,0.9452938437461853
7,0.7469135522842407,0.5926915407180786,0.6212121248245239,1.0278191566467285
8,0.7504748106002808,0.5919789671897888,0.6136363744735718,1.158477783203125
9,0.7549857497215271,0.5762374401092529,0.6829004287719727,0.9755513072013855
10,0.7851377129554749,0.5214071869850159,0.6688311696052551,0.9916813969612122
11,0.775403618812561,0.5175204873085022,0.6298701167106628,1.650642991065979
12,0.7903608679771423,0.5002816319465637,0.6385281682014465,1.0489006042480469
13,0.7863247990608215,0.4765114486217499,0.6428571343421936,0.9469618201255798
14,0.8141025900840759,0.4513990581035614,0.6677489280700684,1.1066523790359497
15,0.8162392973899841,0.44071725010871887,0.5995671153068542,1.5058715343475342
16,0.8186134696006775,0.4373108744621277,0.5681818127632141,1.7529850006103516
17,0.8221747279167175,0.42221251130104065,0.6233766078948975,1.1813455820083618
18,0.8302469253540039,0.4049745202064514,0.5790043473243713,1.5370036363601685
19,0.833808183670044,0.39356058835983276,0.588744580745697,0.9629979133605957
20,0.849240243434906,0.3606080710887909,0.5865800976753235,1.0126609802246094
21,0.847815752029419,0.35874035954475403,0.5714285969734192,1.438410997390747
22,0.8563627600669861,0.3661554753780365,0.6147186160087585,1.069966197013855
23,0.8663342595100403,0.3322717249393463,0.5573592782020569,1.7651265859603882
24,0.8625355958938599,0.32183751463890076,0.5984848737716675,1.1558345556259155
25,0.8639600872993469,0.31889164447784424,0.6536796689033508,1.0078463554382324
26,0.8791548013687134,0.2931307852268219,0.5984848737716675,2.0663952827453613
27,0.8786799907684326,0.29906708002090454,0.5757575631141663,1.101684808731079
28,0.8786799907684326,0.2988381087779999,0.6287878751754761,1.0222365856170654
29,0.875356137752533,0.29533806443214417,0.6482684016227722,1.3017314672470093
30,0.8931623697280884,0.26304125785827637,0.6017315983772278,1.895511507987976
31,0.8841405510902405,0.27983352541923523,0.6450216174125671,1.4156392812728882
