epoch,accuracy,loss,val_accuracy,val_loss
0,0.535849928855896,1.159816026687622,0.1872294396162033,2.25757098197937
1,0.6265432238578796,0.9356677532196045,0.29870128631591797,2.1706044673919678
2,0.664767324924469,0.8361422419548035,0.5963203310966492,0.9222216606140137
3,0.6937322020530701,0.7632667422294617,0.576839804649353,1.1964173316955566
4,0.7075023651123047,0.7100021243095398,0.5898268222808838,1.021799087524414
5,0.7222222089767456,0.6712722182273865,0.5530303120613098,1.317131519317627
6,0.7117758989334106,0.66866135597229,0.6287878751754761,1.1120613813400269
7,0.7371794581413269,0.6247311234474182,0.6114718317985535,0.8910263776779175
8,0.7416903972625732,0.6139849424362183,0.7478355169296265,0.8349313735961914
9,0.7606837749481201,0.584708571434021,0.5660173296928406,1.0579090118408203
10,0.7592592835426331,0.5662736296653748,0.6038960814476013,1.1986191272735596
11,0.7742165327072144,0.5324065685272217,0.540043294429779,1.1500413417816162
12,0.7794396877288818,0.5254595875740051,0.6385281682014465,1.3948111534118652
13,0.790123462677002,0.4992518723011017,0.46536797285079956,1.6014831066131592
14,0.7872744798660278,0.49045318365097046,0.6017315983772278,1.1025596857070923
15,0.7934473156929016,0.47475144267082214,0.5854978561401367,1.2429091930389404
16,0.7977207899093628,0.4672601819038391,0.5714285969734192,1.6079601049423218
17,0.8160018920898438,0.4405878186225891,0.5562770366668701,1.0650626420974731
18,0.8186134696006775,0.42534950375556946,0.5735930800437927,1.0508458614349365
19,0.8278727531433105,0.4148838520050049,0.6136363744735718,1.3383220434188843
20,0.8300095200538635,0.39337030053138733,0.6320346593856812,1.0798622369766235
21,0.8430674076080322,0.3800755441188812,0.5790043473243713,1.4744038581848145
22,0.833095908164978,0.3900206983089447,0.5183982849121094,1.2931106090545654
23,0.8378442525863647,0.3776324987411499,0.5952380895614624,1.0753939151763916
24,0.8568376302719116,0.33964255452156067,0.5703462958335876,1.2032114267349243
25,0.8708451986312866,0.3308420479297638,0.6114718317985535,1.0862096548080444
26,0.8660968542098999,0.3334704339504242,0.6049783825874329,1.3178324699401855
27,0.8649097681045532,0.3275347650051117,0.5443723201751709,1.149636149406433
28,0.8722696900367737,0.3090893030166626,0.5735930800437927,1.4370357990264893
29,0.8820037841796875,0.299807608127594,0.5833333134651184,1.524099349975586
30,0.8774929046630859,0.29817166924476624,0.7813853025436401,0.6618860363960266
31,0.8872269988059998,0.27075207233428955,0.5422077775001526,1.5769602060317993
32,0.8850902318954468,0.26792454719543457,0.7175324559211731,1.0492215156555176
33,0.8922127485275269,0.2619860768318176,0.6320346593856812,1.4428280591964722
34,0.898622989654541,0.25773999094963074,0.6385281682014465,1.026353120803833
35,0.8967236280441284,0.25875067710876465,0.6428571343421936,1.579339861869812
36,0.9000474810600281,0.25235721468925476,0.6298701167106628,1.2300643920898438
37,0.9074074029922485,0.23726896941661835,0.5952380895614624,1.5689902305603027
38,0.911206066608429,0.2267683744430542,0.5173160433769226,3.0482847690582275
39,0.9218898415565491,0.206187441945076,0.5865800976753235,1.199697494506836
40,0.9095441699028015,0.21631471812725067,0.5162337422370911,2.0568430423736572
41,0.9197530746459961,0.2083663046360016,0.6320346593856812,1.551989197731018
42,0.9180911779403687,0.21268224716186523,0.5541125535964966,2.6923673152923584
43,0.9171414971351624,0.21564480662345886,0.649350643157959,1.3470938205718994
44,0.9242640137672424,0.19478321075439453,0.5259740352630615,2.1023333072662354
45,0.9254510998725891,0.19281326234340668,0.5422077775001526,1.873297095298767
46,0.9335232377052307,0.17909832298755646,0.673160195350647,0.8774217367172241
47,0.9320987462997437,0.17491233348846436,0.5508658289909363,1.636828899383545
48,0.9347103238105774,0.18082283437252045,0.6536796689033508,1.6113017797470093
49,0.9432573318481445,0.1666538566350937,0.5270562767982483,3.943033218383789
