epoch,accuracy,loss,val_accuracy,val_loss
0,0.5467711091041565,1.1463227272033691,0.1872294396162033,2.267676591873169
1,0.6320037841796875,0.9119496941566467,0.3095238208770752,2.4184885025024414
2,0.6718898415565491,0.8256316781044006,0.5919913649559021,1.0058974027633667
3,0.6832858324050903,0.7810230851173401,0.6764069199562073,1.0334962606430054
4,0.7046533823013306,0.7078428268432617,0.6363636255264282,0.9715299606323242
5,0.7167616486549377,0.6850268244743347,0.6038960814476013,1.0266971588134766
6,0.7331433892250061,0.6439430117607117,0.6688311696052551,1.014775276184082
7,0.7388414144515991,0.6184930801391602,0.6298701167106628,0.811102569103241
8,0.7471510171890259,0.6199426651000977,0.5865800976753235,1.6939029693603516
9,0.7594966888427734,0.5770806670188904,0.5703462958335876,0.9224593639373779
10,0.7618708610534668,0.5651603937149048,0.6807359457015991,1.108392357826233
11,0.7694681882858276,0.5508193969726562,0.600649356842041,1.3947538137435913
12,0.7872744798660278,0.5192136764526367,0.6309523582458496,1.0168813467025757
13,0.7924976348876953,0.5128015875816345,0.5844155550003052,1.6271189451217651
14,0.7941595315933228,0.4949389398097992,0.5497835278511047,1.5088826417922974
15,0.797245979309082,0.48654478788375854,0.6190476417541504,1.2622907161712646
16,0.8152896761894226,0.4525647461414337,0.6060606241226196,0.956118106842041
17,0.8074548840522766,0.4570600986480713,0.6190476417541504,0.894446611404419
18,0.825973391532898,0.42549267411231995,0.5703462958335876,2.2412302494049072
19,0.8247863054275513,0.4296272099018097,0.5995671153068542,0.9178080558776855
20,0.830959141254425,0.40586191415786743,0.6179653406143188,1.9692529439926147
21,0.8321462273597717,0.3987104296684265,0.5573592782020569,1.1796290874481201
22,0.840930700302124,0.38642293214797974,0.6525974273681641,0.9759541153907776
23,0.8558879494667053,0.3624788522720337,0.5638527870178223,1.1303660869598389
24,0.8558879494667053,0.35050463676452637,0.5790043473243713,1.8387831449508667
25,0.8627730011940002,0.34303373098373413,0.6471861600875854,0.8000879883766174
26,0.8684710264205933,0.331393837928772,0.6266233921051025,1.311471939086914
27,0.8698955178260803,0.32309526205062866,0.572510838508606,2.04805326461792
28,0.8760683536529541,0.3120579421520233,0.5422077775001526,1.6747665405273438
29,0.8779677152633667,0.30758824944496155,0.6049783825874329,1.4179495573043823
30,0.8822411894798279,0.29606714844703674,0.6244588494300842,1.2873090505599976
31,0.8803418874740601,0.29156747460365295,0.677489161491394,0.9115594625473022
32,0.8869895339012146,0.2800690829753876,0.6212121248245239,1.0033937692642212
33,0.8891263008117676,0.2762068510055542,0.6071428656578064,1.4283251762390137
34,0.8945869207382202,0.2635217010974884,0.6331169009208679,1.159932017326355
35,0.8979107141494751,0.24438029527664185,0.5833333134651184,1.534493327140808
36,0.8976733088493347,0.25255563855171204,0.548701286315918,2.056093215942383
37,0.8998100757598877,0.24410958588123322,0.5984848737716675,1.2685647010803223
38,0.9114434719085693,0.2213011384010315,0.5779221057891846,1.779840111732483
39,0.9050332307815552,0.22736409306526184,0.6028138399124146,1.667477011680603
40,0.9157170057296753,0.21641860902309418,0.5790043473243713,1.3068797588348389
41,0.918328583240509,0.20939777791500092,0.6266233921051025,1.3084418773651123
42,0.9159544110298157,0.20345072448253632,0.6049783825874329,1.7682445049285889
43,0.9152421355247498,0.21044832468032837,0.6255411505699158,1.3099888563156128
44,0.9192782640457153,0.20598019659519196,0.6320346593856812,1.3609520196914673
45,0.9211775660514832,0.19834467768669128,0.6331169009208679,1.7919771671295166
46,0.922602117061615,0.19521473348140717,0.6266233921051025,1.4197298288345337
47,0.9278252720832825,0.1791251301765442,0.5854978561401367,2.3001105785369873
48,0.9271129965782166,0.1853957623243332,0.5303030014038086,2.8943896293640137
49,0.94017094373703,0.16795550286769867,0.6504328846931458,1.1603988409042358
