epoch,accuracy,loss,val_accuracy,val_loss
0,0.5432098507881165,1.1267510652542114,0.2467532455921173,2.530851125717163
1,0.640788197517395,0.9028741121292114,0.30519479513168335,2.585313320159912
2,0.664767324924469,0.8302679061889648,0.6580086350440979,0.8878834843635559
3,0.6939696073532104,0.7575995326042175,0.6093073487281799,1.1567755937576294
4,0.7003798484802246,0.7269755601882935,0.701298713684082,1.0651535987854004
5,0.7162867784500122,0.6706616878509521,0.6590909361839294,1.0869907140731812
6,0.7326685786247253,0.638143002986908,0.6190476417541504,0.9479780793190002
7,0.7319563031196594,0.6228524446487427,0.5670995712280273,1.1653938293457031
8,0.752136766910553,0.6002504229545593,0.6461039185523987,0.7808242440223694
9,0.7613959908485413,0.5634934902191162,0.6396104097366333,1.1884418725967407
10,0.7758784294128418,0.5310820937156677,0.6461039185523987,1.1487412452697754
11,0.7751662135124207,0.5304328203201294,0.6515151262283325,0.9635459184646606
12,0.7939221262931824,0.5042363405227661,0.6028138399124146,1.1692721843719482
13,0.7986704707145691,0.4836861789226532,0.576839804649353,1.1610252857208252
14,0.7996201515197754,0.48595085740089417,0.5714285969734192,0.9985573887825012
15,0.8036562204360962,0.45761236548423767,0.6536796689033508,0.9695796966552734
16,0.8145774006843567,0.44252607226371765,0.6623376607894897,0.9061931371688843
17,0.8164767622947693,0.4450589120388031,0.5530303120613098,1.3799347877502441
18,0.827397882938385,0.40467333793640137,0.6655844449996948,1.3327075242996216
19,0.8342829942703247,0.39722123742103577,0.6623376607894897,1.366603136062622
20,0.8368945717811584,0.3817931115627289,0.5822510719299316,0.9870479106903076
21,0.8452041745185852,0.3804941177368164,0.6298701167106628,1.430816411972046
22,0.851377010345459,0.36101529002189636,0.5616883039474487,1.4567776918411255
23,0.8537511825561523,0.35797616839408875,0.5443723201751709,1.3479386568069458
24,0.8627730011940002,0.33387327194213867,0.5941558480262756,0.9246087074279785
25,0.8660968542098999,0.32316291332244873,0.5595238208770752,1.8054147958755493
26,0.8658594489097595,0.3112403452396393,0.6028138399124146,1.134374976158142
27,0.8687084317207336,0.3130291700363159,0.5963203310966492,0.924189567565918
28,0.8810541033744812,0.2900272607803345,0.5822510719299316,1.5833672285079956
29,0.8862773180007935,0.28469276428222656,0.5898268222808838,1.2208948135375977
30,0.8884140253067017,0.26813897490501404,0.551948070526123,1.388582468032837
31,0.8936372399330139,0.2735716700553894,0.5595238208770752,2.717700481414795
32,0.8917378783226013,0.2583504319190979,0.5941558480262756,1.4071236848831177
33,0.900759756565094,0.24560734629631042,0.5822510719299316,1.7814078330993652
