epoch,accuracy,loss,val_accuracy,val_loss
0,0.5610161423683167,1.1278544664382935,0.1872294396162033,2.3795864582061768
1,0.6405507922172546,0.9121016263961792,0.30519479513168335,2.430856704711914
2,0.6742640137672424,0.8019524812698364,0.5573592782020569,1.1269307136535645
3,0.6944444179534912,0.7521741986274719,0.6028138399124146,1.0479494333267212
4,0.7077397704124451,0.7157595157623291,0.5660173296928406,0.9118816256523132
5,0.7357549667358398,0.6434866189956665,0.6060606241226196,1.1667696237564087
6,0.7386040091514587,0.6400057077407837,0.649350643157959,0.9250354766845703
7,0.7452516555786133,0.6181642413139343,0.6255411505699158,1.1796875
8,0.7564102411270142,0.5952141880989075,0.5984848737716675,0.8879765272140503
9,0.7701804637908936,0.552409827709198,0.6699134111404419,1.0085391998291016
10,0.7763532996177673,0.5398035049438477,0.5573592782020569,1.0904537439346313
11,0.7908356785774231,0.512324869632721,0.5941558480262756,1.5380370616912842
12,0.7932098507881165,0.488150417804718,0.5941558480262756,1.2203679084777832
13,0.795821487903595,0.4883543848991394,0.6861472129821777,0.9713319540023804
14,0.8105413317680359,0.46755585074424744,0.6623376607894897,0.9034216403961182
15,0.797245979309082,0.46455442905426025,0.6482684016227722,0.9071359634399414
16,0.8276353478431702,0.42331820726394653,0.6385281682014465,1.3886936902999878
17,0.8326210975646973,0.41310691833496094,0.6601731777191162,1.3692275285720825
18,0.833808183670044,0.4016517102718353,0.6103895902633667,1.6924042701721191
19,0.8385565280914307,0.3907659649848938,0.5259740352630615,1.7691508531570435
20,0.8504273295402527,0.37627699971199036,0.5779221057891846,1.9018661975860596
21,0.840930700302124,0.3832727074623108,0.5974025726318359,0.9213625192642212
22,0.8504273295402527,0.36474868655204773,0.5422077775001526,1.5806065797805786
23,0.8625355958938599,0.3387209475040436,0.6190476417541504,1.1044607162475586
24,0.8703703880310059,0.3148621916770935,0.5670995712280273,1.5039671659469604
25,0.8687084317207336,0.3157270848751068,0.46212121844291687,2.5059502124786377
26,0.8601614236831665,0.344220906496048,0.5952380895614624,1.6369088888168335
27,0.8827160596847534,0.2936724126338959,0.6082251071929932,1.0138100385665894
28,0.8760683536529541,0.2999097406864166,0.6255411505699158,1.127912998199463
29,0.8839031457901001,0.27963635325431824,0.6147186160087585,1.5793770551681519
30,0.8855650424957275,0.2776869535446167,0.649350643157959,1.248877763748169
31,0.8919752836227417,0.25916001200675964,0.6396104097366333,1.8959590196609497
32,0.890788197517395,0.27008458971977234,0.5984848737716675,1.039776086807251
33,0.8931623697280884,0.26154255867004395,0.5508658289909363,1.859240174293518
