epoch,accuracy,loss,val_accuracy,val_loss
0,0.5603038668632507,1.1163876056671143,0.26298701763153076,2.1449759006500244
1,0.6336657404899597,0.9228730201721191,0.38852813839912415,2.046760082244873
2,0.6733143329620361,0.8057595491409302,0.6190476417541504,0.9608086347579956
3,0.6968185901641846,0.7523772120475769,0.5865800976753235,1.211632251739502
4,0.7184235453605652,0.6875072121620178,0.6839826703071594,0.9319097995758057
5,0.7139126062393188,0.6845641136169434,0.6742424368858337,0.9033728241920471
6,0.7428774833679199,0.6251543760299683,0.6168830990791321,0.9428002834320068
7,0.7488129138946533,0.6073099374771118,0.6634199023246765,1.0230655670166016
8,0.7666192054748535,0.5721463561058044,0.6482684016227722,1.1952919960021973
9,0.7694681882858276,0.5486968755722046,0.677489161491394,0.9857935905456543
10,0.7735042572021484,0.531394362449646,0.661255419254303,0.9176457524299622
11,0.7763532996177673,0.5129459500312805,0.6287878751754761,1.4200184345245361
12,0.7870370149612427,0.50833660364151,0.6266233921051025,0.8564572930335999
13,0.8031814098358154,0.4682556688785553,0.701298713684082,0.8345382213592529
14,0.8034188151359558,0.4817020297050476,0.5930736064910889,0.9769100546836853
15,0.8043684959411621,0.46868476271629333,0.5541125535964966,1.0222700834274292
16,0.811253547668457,0.44801607728004456,0.5909090638160706,1.730323314666748
17,0.8162392973899841,0.4376363158226013,0.5735930800437927,1.438564419746399
18,0.8174263834953308,0.42798325419425964,0.5919913649559021,2.004823923110962
19,0.829534649848938,0.39480337500572205,0.5898268222808838,1.0833169221878052
20,0.8345203995704651,0.3934921622276306,0.6796537041664124,0.9268605709075928
21,0.8411681056022644,0.3785915970802307,0.5746753215789795,1.370945692062378
22,0.8416429162025452,0.3694683015346527,0.5205627679824829,1.7863785028457642
23,0.849240243434906,0.36325111985206604,0.5854978561401367,1.3790043592453003
24,0.8580247163772583,0.3450942039489746,0.5670995712280273,1.3572752475738525
25,0.8620607852935791,0.3331270217895508,0.5292207598686218,1.6092066764831543
26,0.8530389070510864,0.3428603708744049,0.5151515007019043,2.4128854274749756
27,0.8706077933311462,0.30741533637046814,0.5984848737716675,2.669307231903076
28,0.8694207072257996,0.3097856044769287,0.5865800976753235,1.288114070892334
29,0.8879392147064209,0.2837965190410614,0.5833333134651184,1.2157260179519653
30,0.8836657404899597,0.27978572249412537,0.6764069199562073,0.8986552953720093
31,0.8758309483528137,0.29524317383766174,0.5573592782020569,1.983485221862793
32,0.8848528265953064,0.2794418931007385,0.5454545617103577,2.4860715866088867
33,0.8858024477958679,0.2773142158985138,0.5909090638160706,2.057102680206299
34,0.898622989654541,0.2578270137310028,0.5389610528945923,1.650306224822998
35,0.8936372399330139,0.26024362444877625,0.5173160433769226,1.8294434547424316
36,0.9019468426704407,0.24292179942131042,0.6266233921051025,1.387262225151062
37,0.9074074029922485,0.23123353719711304,0.6298701167106628,0.9870761632919312
38,0.9138176441192627,0.21743349730968475,0.6406926512718201,1.269083023071289
