epoch,accuracy,loss,val_accuracy,val_loss
0,0.519705593585968,1.195141077041626,0.3073593080043793,2.3524513244628906
1,0.6274929046630859,0.9526680707931519,0.2716450095176697,2.1658196449279785
2,0.6631054282188416,0.8440356850624084,0.6547619104385376,0.9023470282554626
3,0.688034176826477,0.7867940664291382,0.588744580745697,1.3311161994934082
4,0.7037037014961243,0.737883448600769,0.6277056336402893,0.9827421307563782
5,0.7136752009391785,0.69952791929245,0.6049783825874329,1.470974326133728
6,0.7286324501037598,0.6665887832641602,0.6818181872367859,0.881911039352417
7,0.7348053455352783,0.6389254331588745,0.6385281682014465,1.2888652086257935
8,0.7547483444213867,0.6036468148231506,0.6558441519737244,1.014308214187622
9,0.7554605603218079,0.5811079144477844,0.6244588494300842,1.2094135284423828
10,0.7566476464271545,0.5748444199562073,0.6720778942108154,0.7902079820632935
11,0.7711300849914551,0.5485631227493286,0.6352813839912415,1.0350496768951416
12,0.7799145579338074,0.5186238884925842,0.6515151262283325,1.0097304582595825
13,0.7922602295875549,0.5189460515975952,0.6396104097366333,0.9097126126289368
14,0.7939221262931824,0.491995632648468,0.6277056336402893,1.1576557159423828
15,0.804131031036377,0.4736136198043823,0.6082251071929932,1.1539888381958008
16,0.8136277198791504,0.4733062982559204,0.5757575631141663,1.018822193145752
17,0.8212250471115112,0.4319010078907013,0.6655844449996948,0.9858571887016296
18,0.8207502365112305,0.4342329204082489,0.6071428656578064,1.1268428564071655
19,0.8288224339485168,0.41374465823173523,0.6623376607894897,1.1143810749053955
20,0.831671416759491,0.40275341272354126,0.5703462958335876,1.1369612216949463
21,0.8323836922645569,0.38716644048690796,0.6093073487281799,1.0906264781951904
22,0.8454415798187256,0.3690825402736664,0.5898268222808838,1.0007858276367188
23,0.8530389070510864,0.353642076253891,0.6341991424560547,1.2505075931549072
24,0.8603988885879517,0.34543803334236145,0.49567100405693054,2.375880718231201
25,0.8566001653671265,0.3442453145980835,0.6147186160087585,1.143109679222107
26,0.8580247163772583,0.3398711383342743,0.5735930800437927,1.4522026777267456
27,0.875356137752533,0.3127603232860565,0.6341991424560547,2.0654335021972656
28,0.8698955178260803,0.31560349464416504,0.6309523582458496,1.210369348526001
29,0.8777303099632263,0.2908150255680084,0.5346320271492004,1.4627416133880615
30,0.8841405510902405,0.28946003317832947,0.5562770366668701,2.5202579498291016
31,0.8812915682792664,0.28933459520339966,0.5670995712280273,1.1358791589736938
32,0.8874644041061401,0.2806951701641083,0.661255419254303,1.3271838426589966
33,0.8820037841796875,0.2817044258117676,0.6244588494300842,1.626127004623413
34,0.8846153616905212,0.2753128707408905,0.6341991424560547,1.3685439825057983
35,0.8948243260383606,0.25993889570236206,0.5963203310966492,1.7324013710021973
