epoch,accuracy,loss,val_accuracy,val_loss
0,0.5448718070983887,1.1329376697540283,0.21861471235752106,2.5068140029907227
1,0.6336657404899597,0.9161229133605957,0.24025973677635193,2.678527355194092
2,0.6607312560081482,0.8206910490989685,0.6060606241226196,0.9092094898223877
3,0.6911206245422363,0.7696799635887146,0.6233766078948975,1.0443519353866577
4,0.7001424431800842,0.7205019593238831,0.6515151262283325,1.2174228429794312
5,0.7362298369407654,0.6571266055107117,0.6536796689033508,0.9632508158683777
6,0.7326685786247253,0.6480468511581421,0.6655844449996948,1.0766074657440186
7,0.7447768449783325,0.6220194697380066,0.560606062412262,1.2368395328521729
8,0.7583096027374268,0.5815871953964233,0.5735930800437927,1.169650673866272
9,0.7618708610534668,0.5715984106063843,0.6028138399124146,1.0202076435089111
10,0.7780151963233948,0.5483819246292114,0.6471861600875854,1.05503511428833
11,0.7787274718284607,0.5258703231811523,0.6244588494300842,1.1937440633773804
12,0.7837132215499878,0.5350745320320129,0.6266233921051025,1.2288941144943237
13,0.7929724454879761,0.4963516891002655,0.5984848737716675,1.164493203163147
14,0.8008072376251221,0.4918757677078247,0.6147186160087585,1.1218490600585938
15,0.8060303926467896,0.44842326641082764,0.5974025726318359,1.279388189315796
16,0.8207502365112305,0.4337974488735199,0.5984848737716675,1.6179120540618896
17,0.8143399953842163,0.43935665488243103,0.6504328846931458,0.953082263469696
18,0.8176637887954712,0.43477001786231995,0.5930736064910889,1.1033258438110352
19,0.8224121332168579,0.42527511715888977,0.548701286315918,1.1469472646713257
20,0.833808183670044,0.39612627029418945,0.5670995712280273,1.2118810415267944
21,0.8433048725128174,0.38693052530288696,0.5562770366668701,1.1626218557357788
22,0.8423551917076111,0.3852054178714752,0.6428571343421936,1.527022361755371
23,0.8454415798187256,0.371204137802124,0.6017315983772278,1.2097529172897339
24,0.8618233799934387,0.3445933163166046,0.6028138399124146,1.3537882566452026
25,0.859211802482605,0.34995779395103455,0.5790043473243713,1.1017025709152222
26,0.8599240183830261,0.34115514159202576,0.540043294429779,2.013117551803589
27,0.8651471734046936,0.3151702880859375,0.5746753215789795,1.522026777267456
