epoch,accuracy,loss,val_accuracy,val_loss
0,0.5230607986450195,0.7050050497055054,0.5454545617103577,0.6823626160621643
1,0.6289308071136475,0.6606525778770447,0.5454545617103577,0.7480529546737671
2,0.642557680606842,0.6339883804321289,0.5454545617103577,1.0751827955245972
3,0.6645702123641968,0.6244423389434814,0.5454545617103577,1.587892770767212
4,0.6886792182922363,0.5936006903648376,0.5454545617103577,2.106781244277954
5,0.7012578845024109,0.5847375988960266,0.5454545617103577,2.3934128284454346
6,0.6918238997459412,0.5745546221733093,0.5454545617103577,2.260390281677246
7,0.7023060917854309,0.5816086530685425,0.5454545617103577,1.9301320314407349
8,0.7169811129570007,0.5703890323638916,0.5454545617103577,1.473648190498352
9,0.7127882838249207,0.5603397488594055,0.5454545617103577,1.0052636861801147
10,0.7431865930557251,0.540337085723877,0.5454545617103577,0.7648947834968567
11,0.7148846983909607,0.5609369277954102,0.5454545617103577,0.6978430151939392
12,0.7253668904304504,0.5433668494224548,0.5454545617103577,0.7863895893096924
13,0.7421383857727051,0.5411366820335388,0.5353535413742065,0.747347354888916
14,0.7421383857727051,0.5329030156135559,0.5,0.78513503074646
15,0.7211740016937256,0.5518696308135986,0.5151515007019043,0.7253296971321106
16,0.7578616142272949,0.5257309675216675,0.34343433380126953,0.8522796630859375
17,0.7431865930557251,0.5253978371620178,0.4848484992980957,1.1443061828613281
18,0.7589098811149597,0.5181558728218079,0.5050504803657532,0.9077674746513367
19,0.7704402804374695,0.4945679008960724,0.5151515007019043,0.6783745288848877
20,0.7903563976287842,0.5031676292419434,0.3080808222293854,1.094812035560608
21,0.7840670943260193,0.4727773368358612,0.5404040217399597,0.798530101776123
22,0.7589098811149597,0.504056990146637,0.2929292917251587,1.3201037645339966
23,0.7798742055892944,0.471027135848999,0.560606062412262,0.7496594786643982
24,0.7809224128723145,0.4915942847728729,0.4191919267177582,1.2376172542572021
25,0.7735849022865295,0.47211316227912903,0.5303030014038086,0.7806848883628845
26,0.7830188870429993,0.4695783853530884,0.5454545617103577,0.9209707379341125
27,0.8081761002540588,0.44800928235054016,0.4595959484577179,0.9235426187515259
28,0.7882599830627441,0.47193092107772827,0.5303030014038086,1.8535536527633667
29,0.7777777910232544,0.4681089520454407,0.4545454680919647,1.2951183319091797
30,0.7861635088920593,0.4539393186569214,0.33838382363319397,1.5626758337020874
31,0.803983211517334,0.42568135261535645,0.3636363744735718,1.420491337776184
32,0.7976939082145691,0.4547141492366791,0.3888888955116272,1.152140736579895
33,0.8102725148200989,0.4466554522514343,0.469696968793869,1.3712080717086792
34,0.8113207817077637,0.43113797903060913,0.469696968793869,1.4142160415649414
35,0.801886796951294,0.4416992962360382,0.5353535413742065,1.4578473567962646
36,0.7997903823852539,0.4372331202030182,0.5353535413742065,1.5453697443008423
37,0.8081761002540588,0.4165307879447937,0.5707070827484131,1.0140197277069092
38,0.8280922174453735,0.4147729277610779,0.6666666865348816,0.8371202945709229
39,0.8312368988990784,0.40480998158454895,0.5404040217399597,2.142335891723633
40,0.7987421154975891,0.4314512610435486,0.5202020406723022,1.3532441854476929
41,0.8165618181228638,0.4145961105823517,0.5252525210380554,1.4758341312408447
42,0.8354297876358032,0.39502906799316406,0.5454545617103577,1.0693590641021729
43,0.8238993883132935,0.4050321877002716,0.5454545617103577,2.3338894844055176
44,0.850104808807373,0.372554212808609,0.5202020406723022,1.5683132410049438
