epoch,accuracy,loss,val_accuracy,val_loss
0,0.5241090059280396,0.7181270718574524,0.5454545617103577,0.6917678117752075
1,0.6079664826393127,0.660372257232666,0.5454545617103577,0.8302587866783142
2,0.6268343925476074,0.6513631939888,0.5454545617103577,1.1668856143951416
3,0.6624737977981567,0.6148936748504639,0.5454545617103577,1.608931303024292
4,0.6687631011009216,0.5949944257736206,0.5454545617103577,2.020253896713257
5,0.6928721070289612,0.5975021719932556,0.5454545617103577,2.1776506900787354
6,0.6855345964431763,0.5927505493164062,0.5454545617103577,2.2245724201202393
7,0.704402506351471,0.5719655752182007,0.5454545617103577,1.8144859075546265
8,0.7243186831474304,0.5758543610572815,0.5454545617103577,1.5152873992919922
9,0.7243186831474304,0.5651814341545105,0.5454545617103577,1.1414188146591187
10,0.7211740016937256,0.5695071816444397,0.5454545617103577,0.9171131253242493
11,0.7096436023712158,0.5671717524528503,0.5454545617103577,0.7399279475212097
12,0.7295597195625305,0.5495558381080627,0.5454545617103577,0.7081778049468994
13,0.7463312149047852,0.5478930473327637,0.5454545617103577,0.605461597442627
14,0.7358490824699402,0.5340492129325867,0.5454545617103577,0.7006802558898926
15,0.7578616142272949,0.5309083461761475,0.469696968793869,0.8947936296463013
16,0.7463312149047852,0.5315455794334412,0.3787878751754761,0.7467841506004333
17,0.7264150977134705,0.5292558073997498,0.5050504803657532,1.0696654319763184
18,0.7599580883979797,0.5150570869445801,0.43939393758773804,1.1067678928375244
19,0.7547169923782349,0.5192806720733643,0.5252525210380554,1.1192883253097534
20,0.7935010194778442,0.4767983555793762,0.5353535413742065,1.167671799659729
21,0.7463312149047852,0.5166983604431152,0.46464645862579346,1.1151459217071533
22,0.7610062956809998,0.5125163793563843,0.5353535413742065,0.8829182982444763
23,0.7872117161750793,0.49031779170036316,0.4191919267177582,1.2087218761444092
24,0.7704402804374695,0.48401880264282227,0.42424243688583374,1.4584931135177612
25,0.7725366950035095,0.49524328112602234,0.5101010203361511,1.9027525186538696
26,0.7840670943260193,0.48573169112205505,0.5303030014038086,1.4634343385696411
27,0.7893081903457642,0.47164836525917053,0.5454545617103577,2.0333428382873535
28,0.7714884877204895,0.50110924243927,0.4848484992980957,1.1619234085083008
29,0.7903563976287842,0.46445220708847046,0.6262626051902771,0.7158158421516418
30,0.7830188870429993,0.4688633382320404,0.6414141654968262,0.7488843202590942
31,0.7851153016090393,0.4663863778114319,0.5404040217399597,2.0801217555999756
32,0.8207547068595886,0.43241721391677856,0.5202020406723022,1.7449960708618164
33,0.7872117161750793,0.4651346802711487,0.6818181872367859,0.64127516746521
34,0.7966457009315491,0.44211462140083313,0.5404040217399597,0.939150869846344
35,0.8081761002540588,0.42821168899536133,0.5707070827484131,0.9700363874435425
36,0.8165618181228638,0.4336351454257965,0.5101010203361511,1.2663112878799438
37,0.7987421154975891,0.4421898126602173,0.469696968793869,1.4329707622528076
38,0.7976939082145691,0.44028395414352417,0.4747474789619446,1.8864295482635498
