epoch,accuracy,loss,val_accuracy,val_loss
0,0.5471698045730591,0.6954577565193176,0.5454545617103577,0.687767505645752
1,0.6415094137191772,0.6542437672615051,0.5454545617103577,0.7654450535774231
2,0.6477987170219421,0.6343098282814026,0.5454545617103577,1.0435303449630737
3,0.6645702123641968,0.6212316155433655,0.5454545617103577,1.4767851829528809
4,0.6781970858573914,0.6126185655593872,0.5454545617103577,1.8152930736541748
5,0.6897274851799011,0.5882440805435181,0.5454545617103577,2.0846381187438965
6,0.6876310110092163,0.5870550870895386,0.5454545617103577,2.0634262561798096
7,0.7012578845024109,0.5822542905807495,0.5454545617103577,1.8335481882095337
8,0.7033542990684509,0.5737313032150269,0.5454545617103577,1.5435516834259033
9,0.705450713634491,0.574930727481842,0.5454545617103577,1.1585012674331665
10,0.7106918096542358,0.5656939148902893,0.5454545617103577,1.1507680416107178
11,0.7075471878051758,0.558563232421875,0.5454545617103577,0.8285237550735474
12,0.704402506351471,0.5579578280448914,0.5454545617103577,0.7895968556404114
13,0.7138364911079407,0.5598596334457397,0.5454545617103577,0.8406546115875244
14,0.7264150977134705,0.544678807258606,0.5404040217399597,0.7619463801383972
15,0.7211740016937256,0.5506603717803955,0.5,0.8892761468887329
16,0.7389937043190002,0.544396162033081,0.5303030014038086,0.8696849346160889
17,0.74737948179245,0.5329595804214478,0.3636363744735718,1.00367271900177
18,0.7180293798446655,0.5328242182731628,0.5202020406723022,0.8811337947845459
19,0.7631027102470398,0.512377142906189,0.4747474789619446,0.7374686598777771
20,0.7536687850952148,0.5148540735244751,0.3333333432674408,0.9123011827468872
21,0.7620545029640198,0.5202350616455078,0.32828283309936523,0.9278780221939087
22,0.7589098811149597,0.5013512372970581,0.42424243688583374,0.9110962152481079
23,0.7704402804374695,0.5007398724555969,0.40909090638160706,1.0519490242004395
24,0.7589098811149597,0.5185327529907227,0.5202020406723022,1.1552220582962036
25,0.7599580883979797,0.4991392493247986,0.32828283309936523,1.027907133102417
