epoch,accuracy,loss,val_accuracy,val_loss
0,0.6027253866195679,0.6803222894668579,0.5454545617103577,0.7094284296035767
1,0.6090146899223328,0.6742255687713623,0.5454545617103577,0.882500171661377
2,0.6404612064361572,0.6359090209007263,0.5454545617103577,1.2065980434417725
3,0.6656184196472168,0.613824725151062,0.5454545617103577,1.5613502264022827
4,0.6939203143119812,0.5988340973854065,0.5454545617103577,1.922926425933838
5,0.6918238997459412,0.5970206260681152,0.5454545617103577,2.177563190460205
6,0.7159329056739807,0.585674524307251,0.5454545617103577,2.177262783050537
7,0.7012578845024109,0.5819195508956909,0.5454545617103577,1.928813099861145
8,0.7316561937332153,0.5738657116889954,0.5454545617103577,1.6404958963394165
9,0.7211740016937256,0.5585391521453857,0.5454545617103577,1.4001458883285522
10,0.7264150977134705,0.552496075630188,0.5454545617103577,0.7189044952392578
11,0.7348008155822754,0.5466238856315613,0.5454545617103577,0.6818311214447021
12,0.75052410364151,0.5382921099662781,0.5454545617103577,0.7403019666671753
13,0.7431865930557251,0.5354093909263611,0.7575757503509521,0.5385558009147644
14,0.7557651996612549,0.5149485468864441,0.5303030014038086,0.7371615171432495
15,0.7348008155822754,0.5249983072280884,0.5353535413742065,0.7909078001976013
16,0.7578616142272949,0.5150635838508606,0.5252525210380554,0.9761301875114441
17,0.7348008155822754,0.5307305455207825,0.5404040217399597,0.6836516261100769
18,0.7578616142272949,0.5053056478500366,0.47979798913002014,1.1054664850234985
19,0.7798742055892944,0.4826436936855316,0.5454545617103577,0.850670337677002
20,0.7851153016090393,0.4958517253398895,0.3181818127632141,0.7994000315666199
21,0.7851153016090393,0.49184316396713257,0.6414141654968262,0.6200359463691711
22,0.7851153016090393,0.4807584285736084,0.7373737096786499,0.5143895745277405
23,0.7861635088920593,0.46801310777664185,0.5303030014038086,1.2663577795028687
24,0.7851153016090393,0.484916090965271,0.5404040217399597,0.833825945854187
25,0.7966457009315491,0.46485522389411926,0.5404040217399597,1.245246410369873
26,0.7767295837402344,0.4598740041255951,0.6717171669006348,0.7226852774620056
27,0.794549286365509,0.46537134051322937,0.5656565427780151,0.7833001613616943
28,0.7830188870429993,0.4932217001914978,0.5404040217399597,1.0721526145935059
29,0.7935010194778442,0.45180994272232056,0.5303030014038086,1.2850556373596191
30,0.7893081903457642,0.44050729274749756,0.5353535413742065,1.049788236618042
31,0.7924528121948242,0.4560767710208893,0.5101010203361511,1.2795021533966064
32,0.7924528121948242,0.4454958438873291,0.49494948983192444,1.0686545372009277
33,0.8071278929710388,0.4340389668941498,0.5303030014038086,1.2087420225143433
34,0.7861635088920593,0.4429500699043274,0.5303030014038086,1.559325098991394
35,0.7924528121948242,0.4386135935783386,0.6969696879386902,0.7548373341560364
36,0.8081761002540588,0.43404191732406616,0.5101010203361511,1.0159873962402344
37,0.7935010194778442,0.4424106478691101,0.5353535413742065,1.9958484172821045
38,0.8123689889907837,0.41268467903137207,0.5404040217399597,1.8401767015457153
39,0.8123689889907837,0.42806878685951233,0.6616161465644836,0.7185770869255066
40,0.8134171962738037,0.4271707832813263,0.5404040217399597,1.3433233499526978
41,0.8197064995765686,0.4013439416885376,0.5303030014038086,1.059489130973816
42,0.805031418800354,0.4263806939125061,0.7575757503509521,0.5083361268043518
43,0.795597493648529,0.4330655336380005,0.5404040217399597,1.199324369430542
44,0.8008385896682739,0.43517443537712097,0.5252525210380554,1.9470109939575195
45,0.8238993883132935,0.39125725626945496,0.49494948983192444,1.5712664127349854
46,0.8301886916160583,0.3869366943836212,0.5202020406723022,1.7566916942596436
47,0.8155136108398438,0.4114982485771179,0.5404040217399597,2.8998863697052
48,0.8322851061820984,0.39237701892852783,0.4848484992980957,1.9415432214736938
49,0.8228511810302734,0.3969278633594513,0.5404040217399597,1.1114704608917236
