epoch,accuracy,loss,val_accuracy,val_loss
0,0.5639412999153137,0.6827102303504944,0.5454545617103577,0.6959460377693176
1,0.6310272812843323,0.6405574679374695,0.5454545617103577,0.9613050222396851
2,0.642557680606842,0.6245750784873962,0.5454545617103577,1.5412794351577759
3,0.6624737977981567,0.6071885824203491,0.5454545617103577,2.2339515686035156
4,0.6907756924629211,0.5867633819580078,0.5454545617103577,2.790468454360962
5,0.6781970858573914,0.5821736454963684,0.5454545617103577,2.8447036743164062
6,0.6750524044036865,0.5783039331436157,0.5454545617103577,2.6079518795013428
7,0.7064989805221558,0.5507262349128723,0.5454545617103577,2.1504461765289307
8,0.7127882838249207,0.5504240989685059,0.5454545617103577,1.3994691371917725
9,0.7274633049964905,0.5573076605796814,0.5454545617103577,1.1931557655334473
10,0.7316561937332153,0.5501889586448669,0.5454545617103577,0.9734463691711426
11,0.7463312149047852,0.536108136177063,0.5454545617103577,0.7115626335144043
12,0.7337526082992554,0.5369680523872375,0.5454545617103577,0.8939263820648193
13,0.7211740016937256,0.5386708974838257,0.5454545617103577,0.8034660220146179
14,0.7410901188850403,0.5289629101753235,0.5454545617103577,0.6495669484138489
15,0.75157231092453,0.5246452689170837,0.5151515007019043,0.7792276740074158
16,0.75052410364151,0.5144810080528259,0.5202020406723022,0.7514289021492004
17,0.7410901188850403,0.5170114636421204,0.47979798913002014,0.848870038986206
18,0.75157231092453,0.5128985047340393,0.47979798913002014,1.006932258605957
19,0.74737948179245,0.512704610824585,0.46464645862579346,0.673930823802948
20,0.7620545029640198,0.5130599737167358,0.5404040217399597,0.883159339427948
21,0.75157231092453,0.5026112794876099,0.5,0.9154073596000671
22,0.7693920135498047,0.4973798096179962,0.5303030014038086,1.1337416172027588
23,0.7830188870429993,0.4849907457828522,0.4898989796638489,0.8620464205741882
24,0.7672955989837646,0.4773792326450348,0.5505050420761108,0.7096682190895081
25,0.7746331095695496,0.4850485324859619,0.4747474789619446,0.9003798365592957
26,0.7809224128723145,0.47993913292884827,0.5252525210380554,0.8921589851379395
27,0.7767295837402344,0.47461217641830444,0.5202020406723022,1.1703991889953613
28,0.7987421154975891,0.4497050344944,0.5454545617103577,0.7855329513549805
29,0.7966457009315491,0.4603969156742096,0.5101010203361511,1.2895972728729248
30,0.7798742055892944,0.46670910716056824,0.5252525210380554,1.190212368965149
31,0.7903563976287842,0.45567965507507324,0.5,1.0155457258224487
32,0.7997903823852539,0.4458138346672058,0.868686854839325,0.43680503964424133
33,0.794549286365509,0.4537406861782074,0.49494948983192444,0.7150512337684631
34,0.7704402804374695,0.47750118374824524,0.4848484992980957,0.8314192891120911
35,0.7976939082145691,0.4396003782749176,0.5101010203361511,1.6789418458938599
36,0.8144654035568237,0.42836910486221313,0.5404040217399597,1.282813310623169
37,0.7935010194778442,0.4292306900024414,0.5454545617103577,1.238442063331604
38,0.8155136108398438,0.41281643509864807,0.5353535413742065,0.8386076092720032
39,0.7924528121948242,0.44051018357276917,0.6868686676025391,0.5662806034088135
40,0.805031418800354,0.4262674152851105,0.5454545617103577,1.5763088464736938
41,0.8291404843330383,0.4099944829940796,0.7575757503509521,0.43625929951667786
42,0.8134171962738037,0.41478800773620605,0.5454545617103577,1.74683678150177
43,0.8060796856880188,0.41753682494163513,0.5353535413742065,0.9583922028541565
44,0.8333333134651184,0.3834270238876343,0.5454545617103577,2.171506881713867
45,0.8197064995765686,0.3972201645374298,0.5454545617103577,1.3117280006408691
46,0.8186582922935486,0.39733192324638367,0.7828282713890076,0.4778789281845093
47,0.8102725148200989,0.4203023314476013,0.5303030014038086,1.0793484449386597
48,0.8333333134651184,0.3844679892063141,0.5454545617103577,2.7628824710845947
49,0.8176100850105286,0.39139237999916077,0.5757575631141663,0.9787262678146362
