epoch,accuracy,loss,val_accuracy,val_loss
0,0.5167714953422546,0.7070837020874023,0.5454545617103577,0.6849031448364258
1,0.5880503058433533,0.6683257222175598,0.5454545617103577,0.8006259799003601
2,0.6299790143966675,0.6481619477272034,0.5454545617103577,1.166067361831665
3,0.6477987170219421,0.6160382628440857,0.5454545617103577,1.5990428924560547
4,0.6729559898376465,0.6065225601196289,0.5454545617103577,1.9145914316177368
5,0.6918238997459412,0.5869662761688232,0.5454545617103577,2.1198315620422363
6,0.6593291163444519,0.6054317951202393,0.5454545617103577,1.9553874731063843
7,0.698113203048706,0.566209077835083,0.5454545617103577,1.6061885356903076
8,0.7033542990684509,0.5887362360954285,0.5454545617103577,1.172473669052124
9,0.696016788482666,0.5701624155044556,0.5454545617103577,0.8389119505882263
10,0.7096436023712158,0.5651451945304871,0.5454545617103577,0.8511845469474792
11,0.7033542990684509,0.5613628625869751,0.5454545617103577,0.7017722129821777
12,0.7085953950881958,0.5503482222557068,0.5454545617103577,0.6177062392234802
13,0.704402506351471,0.5750272274017334,0.5454545617103577,0.7169352769851685
14,0.7127882838249207,0.5548253655433655,0.469696968793869,0.7735085487365723
15,0.7023060917854309,0.556771993637085,0.3232323229312897,0.9069971442222595
16,0.7201257944107056,0.5537086725234985,0.3737373650074005,0.8667260408401489
17,0.7033542990684509,0.5537718534469604,0.24242424964904785,1.0001657009124756
18,0.7148846983909607,0.5442783236503601,0.28787878155708313,0.9053505063056946
19,0.7368972897529602,0.5285565853118896,0.47979798913002014,0.8665258288383484
20,0.7138364911079407,0.5404303073883057,0.28787878155708313,0.8457288146018982
21,0.7442348003387451,0.5236623883247375,0.4191919267177582,0.7490910291671753
22,0.7410901188850403,0.5243576765060425,0.39898988604545593,1.0032709836959839
23,0.7306079864501953,0.5377305746078491,0.42424243688583374,0.7369959950447083
24,0.7651991844177246,0.5080042481422424,0.3585858643054962,0.9946644902229309
25,0.7379454970359802,0.5318434834480286,0.3636363744735718,0.7513775825500488
26,0.7578616142272949,0.4993969798088074,0.42424243688583374,0.7255449891090393
27,0.7442348003387451,0.5086439847946167,0.2929292917251587,1.0461820363998413
28,0.7641509175300598,0.506007194519043,0.4343434274196625,0.797036349773407
29,0.75262051820755,0.5146430134773254,0.39393940567970276,1.0116580724716187
30,0.7431865930557251,0.5171412229537964,0.5404040217399597,0.7069131135940552
31,0.7767295837402344,0.4886225759983063,0.3737373650074005,0.824773907661438
32,0.7714884877204895,0.4778580963611603,0.35353535413742065,1.2013180255889893
33,0.7861635088920593,0.4713501036167145,0.5454545617103577,0.7129923701286316
34,0.7798742055892944,0.4858859181404114,0.5,1.036359429359436
35,0.7903563976287842,0.47839781641960144,0.4444444477558136,1.1657330989837646
36,0.7767295837402344,0.4843931198120117,0.4747474789619446,0.8791349530220032
37,0.7987421154975891,0.4481537342071533,0.5101010203361511,0.79579758644104
