epoch,accuracy,loss,val_accuracy,val_loss
0,0.597484290599823,0.6752983927726746,0.5454545617103577,0.7097998857498169
1,0.6540880799293518,0.6461172699928284,0.5454545617103577,0.9272998571395874
2,0.6582809090614319,0.6247698068618774,0.5454545617103577,1.3514351844787598
3,0.6645702123641968,0.6174491047859192,0.5454545617103577,1.8018150329589844
4,0.6708595156669617,0.6068230271339417,0.5454545617103577,2.1325602531433105
5,0.6750524044036865,0.6005039215087891,0.5454545617103577,2.232537031173706
6,0.6876310110092163,0.5846891403198242,0.5454545617103577,2.2036008834838867
7,0.6907756924629211,0.5787299871444702,0.5454545617103577,1.8512030839920044
8,0.698113203048706,0.576147735118866,0.5454545617103577,1.6838042736053467
9,0.7106918096542358,0.5719411969184875,0.5454545617103577,1.3537366390228271
10,0.7159329056739807,0.5521711111068726,0.5454545617103577,0.8878210186958313
11,0.7159329056739807,0.5566769242286682,0.5454545617103577,0.7465051412582397
12,0.7431865930557251,0.5377843976020813,0.5454545617103577,0.8237408995628357
13,0.7400419116020203,0.528840959072113,0.5454545617103577,0.5974109768867493
14,0.7327044010162354,0.5435328483581543,0.5303030014038086,0.7803490161895752
15,0.75157231092453,0.525669515132904,0.43939393758773804,0.8411404490470886
16,0.7337526082992554,0.5375341773033142,0.3888888955116272,0.8736127614974976
17,0.7725366950035095,0.5118750333786011,0.43939393758773804,1.1270488500595093
18,0.7463312149047852,0.5226953625679016,0.4141414165496826,0.9099699258804321
19,0.7547169923782349,0.508156418800354,0.42424243688583374,0.8968231678009033
20,0.7589098811149597,0.5070073008537292,0.47979798913002014,0.9650357961654663
21,0.7452830076217651,0.5183010697364807,0.4898989796638489,1.103153109550476
22,0.74737948179245,0.5132355093955994,0.47979798913002014,1.1038479804992676
23,0.7830188870429993,0.4909217655658722,0.4595959484577179,0.8704689741134644
24,0.7620545029640198,0.49715420603752136,0.47979798913002014,0.9162787795066833
25,0.7557651996612549,0.493651807308197,0.4343434274196625,0.8267704248428345
26,0.7924528121948242,0.4737967848777771,0.5101010203361511,1.1574245691299438
27,0.7777777910232544,0.4735369086265564,0.5404040217399597,2.0253825187683105
28,0.7830188870429993,0.4716828465461731,0.5303030014038086,0.8097618222236633
29,0.7861635088920593,0.46710866689682007,0.5202020406723022,1.7362812757492065
30,0.7935010194778442,0.4455006718635559,0.5555555820465088,0.6907258629798889
31,0.801886796951294,0.4541657865047455,0.5,1.7079094648361206
32,0.8071278929710388,0.4458593428134918,0.4747474789619446,1.609160304069519
33,0.795597493648529,0.45846500992774963,0.5404040217399597,1.8958289623260498
34,0.7924528121948242,0.4621042013168335,0.4595959484577179,1.189140796661377
35,0.8123689889907837,0.42934003472328186,0.47979798913002014,1.2387773990631104
36,0.8071278929710388,0.4210487902164459,0.5,1.5547730922698975
37,0.8123689889907837,0.4295285642147064,0.5,2.070631265640259
38,0.803983211517334,0.427465558052063,0.6818181872367859,0.5393873453140259
39,0.805031418800354,0.43044736981391907,0.5303030014038086,1.7929818630218506
40,0.8134171962738037,0.42212724685668945,0.5353535413742065,1.6299415826797485
41,0.8060796856880188,0.4293876886367798,0.5151515007019043,2.1541593074798584
42,0.8144654035568237,0.4145273268222809,0.5151515007019043,1.1307275295257568
43,0.8144654035568237,0.42512330412864685,0.5101010203361511,1.2193950414657593
44,0.8165618181228638,0.4062769114971161,0.5050504803657532,1.688617467880249
45,0.8291404843330383,0.39356139302253723,0.5404040217399597,2.007446527481079
46,0.7987421154975891,0.4208998680114746,0.5101010203361511,2.186102867126465
47,0.8123689889907837,0.40483641624450684,0.5454545617103577,2.017235517501831
48,0.8176100850105286,0.3932383060455322,0.691919207572937,0.538813054561615
49,0.8123689889907837,0.40167543292045593,0.5404040217399597,2.8191094398498535
