epoch,accuracy,loss,val_accuracy,val_loss
0,0.5419287085533142,0.6986783146858215,0.5454545617103577,0.6894234418869019
1,0.5890985131263733,0.6768844723701477,0.5454545617103577,0.8483667969703674
2,0.6331236958503723,0.6402734518051147,0.5454545617103577,1.3024040460586548
3,0.6561844944953918,0.6200070381164551,0.5454545617103577,1.867254376411438
4,0.694968581199646,0.5917285084724426,0.5454545617103577,2.3207223415374756
5,0.704402506351471,0.574729859828949,0.5454545617103577,2.4857001304626465
6,0.7190775871276855,0.5775052309036255,0.5454545617103577,2.4007809162139893
7,0.7117400169372559,0.5758427977561951,0.5454545617103577,2.1131742000579834
8,0.7023060917854309,0.5632586479187012,0.5454545617103577,1.5291316509246826
9,0.7211740016937256,0.5561356544494629,0.5454545617103577,1.0787770748138428
10,0.7106918096542358,0.5644165277481079,0.5454545617103577,0.8499283194541931
11,0.7358490824699402,0.5411785840988159,0.5454545617103577,0.8497545719146729
12,0.7232704162597656,0.5393275618553162,0.5454545617103577,0.7187096476554871
13,0.7379454970359802,0.5364963412284851,0.5454545617103577,0.7517752647399902
14,0.7337526082992554,0.5312445163726807,0.5454545617103577,0.7479596138000488
15,0.75262051820755,0.5282971262931824,0.5454545617103577,0.9223726987838745
16,0.7295597195625305,0.5294265747070312,0.5404040217399597,0.8434842228889465
17,0.7568134069442749,0.5232642292976379,0.5404040217399597,1.0775023698806763
18,0.7348008155822754,0.5471851229667664,0.49494948983192444,0.7229417562484741
19,0.7536687850952148,0.5226799845695496,0.5252525210380554,1.0256930589675903
20,0.7389937043190002,0.5396028161048889,0.7575757503509521,0.6160826086997986
21,0.7452830076217651,0.5119447112083435,0.5151515007019043,0.6510204076766968
22,0.7599580883979797,0.4999903440475464,0.5202020406723022,0.9115216732025146
23,0.7840670943260193,0.48705145716667175,0.5404040217399597,1.3486684560775757
24,0.7725366950035095,0.4854643642902374,0.5454545617103577,1.0081543922424316
25,0.7851153016090393,0.4875812530517578,0.5454545617103577,1.4045971632003784
26,0.7861635088920593,0.49077221751213074,0.5404040217399597,0.9067401885986328
27,0.7809224128723145,0.47391799092292786,0.5454545617103577,1.6211326122283936
28,0.7767295837402344,0.4811836779117584,0.5757575631141663,0.638687014579773
29,0.7809224128723145,0.456499308347702,0.5404040217399597,1.1972776651382446
30,0.7935010194778442,0.471152663230896,0.5454545617103577,0.8724076151847839
31,0.8092243075370789,0.4640216827392578,0.5454545617103577,1.1721088886260986
32,0.8197064995765686,0.4375011920928955,0.5454545617103577,0.8764224052429199
33,0.801886796951294,0.46051856875419617,0.5454545617103577,1.3215879201889038
34,0.7809224128723145,0.4503478407859802,0.5353535413742065,0.929409921169281
35,0.7830188870429993,0.45741450786590576,0.6060606241226196,0.6756188869476318
36,0.8186582922935486,0.42518991231918335,0.8333333134651184,0.42682990431785583
37,0.8186582922935486,0.42987462878227234,0.5404040217399597,0.9131434559822083
38,0.7976939082145691,0.43392831087112427,0.5,0.996055543422699
39,0.801886796951294,0.4269542694091797,0.5353535413742065,1.9318517446517944
40,0.8291404843330383,0.4043547213077545,0.5454545617103577,2.1751415729522705
41,0.8228511810302734,0.409863144159317,0.47979798913002014,1.8925561904907227
42,0.8008385896682739,0.43014097213745117,0.5303030014038086,2.4079415798187256
43,0.8081761002540588,0.4160929322242737,0.5252525210380554,1.1895463466644287
44,0.8249475955963135,0.40657636523246765,0.5454545617103577,1.850879192352295
45,0.8343815803527832,0.3946959972381592,0.5454545617103577,1.423587679862976
46,0.8259958028793335,0.3930248022079468,0.5454545617103577,1.2308275699615479
47,0.8228511810302734,0.40588974952697754,0.5454545617103577,2.115433931350708
48,0.8113207817077637,0.4041828513145447,0.5909090638160706,0.8845254778862
49,0.8165618181228638,0.4135822057723999,0.5454545617103577,1.5894190073013306
