epoch,accuracy,loss,val_accuracy,val_loss
0,0.5639412999153137,0.6959378123283386,0.5454545617103577,0.712984025478363
1,0.6142557859420776,0.6660119295120239,0.5454545617103577,0.9049829840660095
2,0.6383647918701172,0.6384505033493042,0.5454545617103577,1.328891634941101
3,0.6708595156669617,0.6257676482200623,0.5454545617103577,1.8809573650360107
4,0.6750524044036865,0.605538547039032,0.5454545617103577,2.321671724319458
5,0.6918238997459412,0.5829312801361084,0.5454545617103577,2.411879777908325
6,0.6698113083839417,0.5973482728004456,0.5454545617103577,2.1012933254241943
7,0.6687631011009216,0.5898677706718445,0.5454545617103577,1.7860027551651
8,0.7127882838249207,0.5596650838851929,0.5454545617103577,1.4057742357254028
9,0.7127882838249207,0.5573874711990356,0.5454545617103577,0.9672896862030029
10,0.7075471878051758,0.5524980425834656,0.5454545617103577,0.7602758407592773
11,0.7201257944107056,0.5494734048843384,0.5454545617103577,0.7788011431694031
12,0.7117400169372559,0.5604767799377441,0.5454545617103577,0.8556769490242004
13,0.7169811129570007,0.5516783595085144,0.5353535413742065,0.8510899543762207
14,0.74947589635849,0.5345836877822876,0.5151515007019043,0.7886747121810913
15,0.7410901188850403,0.5228561758995056,0.5050504803657532,0.9061682224273682
16,0.7285115122795105,0.5301723480224609,0.44949495792388916,1.0363496541976929
17,0.7285115122795105,0.533594012260437,0.23232322931289673,0.9005736708641052
18,0.7568134069442749,0.5174086093902588,0.36868685483932495,0.942516028881073
19,0.7452830076217651,0.5184392929077148,0.44949495792388916,0.8387235999107361
20,0.74842768907547,0.5091697573661804,0.3787878751754761,0.878348708152771
21,0.74737948179245,0.5105105638504028,0.4141414165496826,0.9342362284660339
22,0.7400419116020203,0.5195115208625793,0.47979798913002014,0.9280915856361389
23,0.7557651996612549,0.5156753659248352,0.4747474789619446,0.9891594052314758
24,0.7662473917007446,0.498639315366745,0.4040403962135315,1.0706188678741455
25,0.7599580883979797,0.49482324719429016,0.39393940567970276,0.7311276793479919
