epoch,accuracy,loss,val_accuracy,val_loss
0,0.5691823959350586,0.6974642276763916,0.5454545617103577,0.7067391872406006
1,0.6153039932250977,0.6531754732131958,0.5454545617103577,0.8995646238327026
2,0.6802935004234314,0.6225115060806274,0.5454545617103577,1.4063148498535156
3,0.6698113083839417,0.6110694408416748,0.5454545617103577,1.9250861406326294
4,0.6771488189697266,0.6093299388885498,0.5454545617103577,2.2951719760894775
5,0.6834381818771362,0.5968273878097534,0.5454545617103577,2.4593796730041504
6,0.6855345964431763,0.5837699770927429,0.5454545617103577,2.2687594890594482
7,0.7023060917854309,0.5691336989402771,0.5454545617103577,1.8680241107940674
8,0.7033542990684509,0.566216766834259,0.5454545617103577,1.3574535846710205
9,0.7106918096542358,0.561411440372467,0.5454545617103577,1.0083683729171753
10,0.7222222089767456,0.5556488633155823,0.5454545617103577,0.8509238362312317
11,0.7211740016937256,0.5496622323989868,0.5454545617103577,0.6947563886642456
12,0.7222222089767456,0.5373352766036987,0.5454545617103577,0.736696183681488
13,0.7389937043190002,0.5321464538574219,0.5454545617103577,0.843268096446991
14,0.7410901188850403,0.523436427116394,0.5404040217399597,0.7102274298667908
15,0.7452830076217651,0.525091290473938,0.5101010203361511,0.7772335410118103
16,0.7368972897529602,0.5289878845214844,0.5101010203361511,0.6571845412254333
17,0.7578616142272949,0.5085756182670593,0.5353535413742065,0.7241972088813782
18,0.7631027102470398,0.49793726205825806,0.5353535413742065,0.8626725077629089
19,0.7368972897529602,0.5260013341903687,0.5404040217399597,0.8253300786018372
20,0.7557651996612549,0.5090534090995789,0.49494948983192444,0.9025806188583374
21,0.7631027102470398,0.5002455115318298,0.33838382363319397,0.8224850296974182
22,0.7714884877204895,0.49178212881088257,0.4595959484577179,1.4222263097763062
23,0.7746331095695496,0.48511552810668945,0.5404040217399597,1.278907299041748
24,0.7798742055892944,0.4838782846927643,0.47979798913002014,1.6310709714889526
25,0.7767295837402344,0.4741714894771576,0.4747474789619446,0.7175342440605164
26,0.7683438062667847,0.47552797198295593,0.5353535413742065,1.1286053657531738
27,0.7714884877204895,0.4711762070655823,0.8535353541374207,0.4532315731048584
28,0.7767295837402344,0.4741820991039276,0.47979798913002014,0.8248878121376038
29,0.7976939082145691,0.47458362579345703,0.4343434274196625,1.1296226978302002
30,0.7851153016090393,0.44899243116378784,0.6464646458625793,0.6976003646850586
31,0.7966457009315491,0.4538649320602417,0.5101010203361511,1.224076509475708
32,0.7893081903457642,0.4600701928138733,0.691919207572937,0.630792498588562
33,0.8113207817077637,0.4381558895111084,0.5101010203361511,1.5183748006820679
34,0.8081761002540588,0.4195716381072998,0.5404040217399597,1.7249447107315063
35,0.8165618181228638,0.4366008937358856,0.49494948983192444,1.8101016283035278
36,0.803983211517334,0.4425879120826721,0.5101010203361511,1.2184239625930786
37,0.805031418800354,0.42816466093063354,0.6717171669006348,0.6021115183830261
38,0.7966457009315491,0.42912864685058594,0.42424243688583374,1.3335871696472168
39,0.7903563976287842,0.4350370764732361,0.4191919267177582,1.2648979425430298
40,0.8123689889907837,0.42097005248069763,0.4343434274196625,1.14453125
41,0.8102725148200989,0.4194028079509735,0.5151515007019043,1.0757017135620117
42,0.8092243075370789,0.4298340380191803,0.4898989796638489,1.4458767175674438
43,0.7893081903457642,0.4388311505317688,0.49494948983192444,1.3349666595458984
44,0.8176100850105286,0.41434481739997864,0.469696968793869,1.1246352195739746
45,0.802935004234314,0.43460753560066223,0.5353535413742065,2.1314451694488525
46,0.8207547068595886,0.41455137729644775,0.5858585834503174,1.0699987411499023
47,0.8207547068595886,0.4154002070426941,0.5404040217399597,2.6748416423797607
48,0.8123689889907837,0.40185919404029846,0.5404040217399597,1.4908114671707153
49,0.8144654035568237,0.3984698951244354,0.5101010203361511,1.112158179283142
