epoch,accuracy,loss,val_accuracy,val_loss
0,0.4323361814022064,1.380226731300354,0.30519479513168335,1.6577141284942627
1,0.5617284178733826,1.1367137432098389,0.3928571343421936,1.4520471096038818
2,0.6255935430526733,0.9998791813850403,0.560606062412262,1.0014783143997192
3,0.6505222916603088,0.9169066548347473,0.5335497856140137,1.0222386121749878
4,0.6635802388191223,0.8543276190757751,0.5616883039474487,1.008517861366272
5,0.6685659885406494,0.8256558775901794,0.5757575631141663,0.8697206377983093
6,0.6820987462997437,0.7754443287849426,0.6298701167106628,0.8989195823669434
7,0.6934947967529297,0.7560853362083435,0.6222943663597107,1.027822732925415
8,0.7051281929016113,0.7119109630584717,0.6482684016227722,1.0977784395217896
9,0.702754020690918,0.7137572765350342,0.612554132938385,1.0316658020019531
10,0.717711329460144,0.6800175905227661,0.6807359457015991,1.0534818172454834
11,0.7193732261657715,0.6719326376914978,0.6709956526756287,1.1105759143829346
12,0.7174738645553589,0.6726939678192139,0.6331169009208679,1.1654081344604492
13,0.7314814925193787,0.6356181502342224,0.6439393758773804,0.912203311920166
14,0.7333807945251465,0.6178014874458313,0.6818181872367859,1.0806334018707275
15,0.7357549667358398,0.623051106929779,0.6396104097366333,1.2082877159118652
16,0.7412155866622925,0.6042095422744751,0.6590909361839294,1.1146634817123413
17,0.7462013363838196,0.6019297242164612,0.6688311696052551,1.0140423774719238
18,0.7502374053001404,0.5929823517799377,0.6590909361839294,1.1329028606414795
19,0.7564102411270142,0.591255784034729,0.677489161491394,1.2074466943740845
20,0.7585470080375671,0.5638266801834106,0.6818181872367859,1.10430908203125
21,0.7704178690910339,0.550746738910675,0.6872294545173645,1.0855613946914673
22,0.7647198438644409,0.5627756714820862,0.6666666865348816,1.0844097137451172
23,0.7768281102180481,0.5362390279769897,0.6699134111404419,0.9945805668830872
24,0.782288670539856,0.5283972024917603,0.6417748928070068,1.0168794393539429
25,0.7799145579338074,0.5156821012496948,0.673160195350647,0.924619734287262
26,0.7751662135124207,0.5189663171768188,0.6558441519737244,1.206644058227539
27,0.7773029208183289,0.5147584676742554,0.6655844449996948,0.9189925193786621
28,0.7863247990608215,0.5056272745132446,0.649350643157959,1.1832677125930786
29,0.7903608679771423,0.4959641396999359,0.6450216174125671,1.0076797008514404
30,0.7877492904663086,0.4905889928340912,0.6428571343421936,0.941403329372406
