epoch,accuracy,loss,val_accuracy,val_loss
0,0.3979107439517975,1.4735031127929688,0.3474026024341583,1.5757523775100708
1,0.5686134696006775,1.1835579872131348,0.4339826703071594,1.336197018623352
2,0.6020892858505249,1.0642080307006836,0.523809552192688,1.0826772451400757
3,0.6187084317207336,0.9769431948661804,0.48593074083328247,1.0432614088058472
4,0.6460114121437073,0.8947305083274841,0.5389610528945923,0.9705263376235962
5,0.646486222743988,0.8667147159576416,0.5303030014038086,0.9669297337532043
6,0.6607312560081482,0.8270267248153687,0.5508658289909363,1.032474160194397
7,0.6702279448509216,0.7997266054153442,0.5497835278511047,0.9449199438095093
8,0.6849477887153625,0.7627290487289429,0.5616883039474487,1.0846784114837646
9,0.6749762296676636,0.7791925072669983,0.5952380895614624,1.006524920463562
10,0.6839981079101562,0.7572632431983948,0.6136363744735718,1.0000675916671753
11,0.6942070126533508,0.7243108153343201,0.6179653406143188,0.990431010723114
12,0.6999050378799438,0.7213904857635498,0.6428571343421936,1.022286057472229
13,0.714150071144104,0.6920206546783447,0.6417748928070068,1.075000286102295
14,0.7096391320228577,0.6959603428840637,0.6482684016227722,1.010699987411499
15,0.722459614276886,0.6664018034934998,0.6785714030265808,1.0144869089126587
16,0.7298195362091064,0.6690590381622314,0.673160195350647,1.0640801191329956
17,0.7307692170143127,0.6409785151481628,0.673160195350647,1.0400094985961914
18,0.732431173324585,0.644102156162262,0.6569263935089111,1.0890965461730957
19,0.7388414144515991,0.622149646282196,0.6753246784210205,1.0375233888626099
20,0.7523741722106934,0.6047654151916504,0.6569263935089111,0.9115435481071472
21,0.7537986636161804,0.5928568840026855,0.6645021438598633,1.150818943977356
22,0.7495251893997192,0.6001132726669312,0.6796537041664124,1.0880868434906006
23,0.755698025226593,0.5842217206954956,0.6764069199562073,1.0839345455169678
24,0.7594966888427734,0.572809100151062,0.6742424368858337,1.214758038520813
25,0.7656695246696472,0.5595048666000366,0.6634199023246765,1.1129605770111084
26,0.7737416625022888,0.5401266813278198,0.6742424368858337,1.1624988317489624
27,0.7670940160751343,0.541275680065155,0.6536796689033508,1.0605369806289673
28,0.7692307829856873,0.5406842827796936,0.6277056336402893,1.033644437789917
29,0.7737416625022888,0.532206654548645,0.6450216174125671,1.2418203353881836
30,0.7765907049179077,0.5301016569137573,0.6093073487281799,1.0635401010513306
31,0.7832383513450623,0.5143744945526123,0.6482684016227722,1.2622425556182861
32,0.7801519632339478,0.5101792812347412,0.6341991424560547,1.1336092948913574
33,0.769705593585968,0.5234755873680115,0.6255411505699158,1.1442420482635498
34,0.787986695766449,0.49327465891838074,0.6417748928070068,1.2545530796051025
35,0.7905982732772827,0.48500844836235046,0.5995671153068542,1.357532024383545
36,0.7896486520767212,0.4950183033943176,0.6017315983772278,1.2255727052688599
37,0.7891737818717957,0.4943411648273468,0.6504328846931458,1.2870594263076782
38,0.7970085740089417,0.48002275824546814,0.6439393758773804,1.3838632106781006
39,0.7877492904663086,0.49457910656929016,0.6201298832893372,1.127681851387024
40,0.8110161423683167,0.4558744728565216,0.6136363744735718,1.3045423030853271
41,0.7989078760147095,0.4662764072418213,0.6515151262283325,1.1233887672424316
42,0.8053181171417236,0.4584965109825134,0.6233766078948975,1.007672667503357
43,0.8055555820465088,0.45676493644714355,0.6179653406143188,1.503846287727356
44,0.8046059012413025,0.4508102536201477,0.6320346593856812,1.3080507516860962
45,0.8053181171417236,0.4448433816432953,0.6331169009208679,1.1658802032470703
