epoch,accuracy,loss,val_accuracy,val_loss
0,0.42924976348876953,1.40355384349823,0.35606059432029724,1.5337333679199219
1,0.5807217359542847,1.1625864505767822,0.34307360649108887,1.372831106185913
2,0.6144349575042725,1.0356881618499756,0.5476190447807312,1.0127503871917725
3,0.6415004730224609,0.9384678602218628,0.5703462958335876,0.9150022864341736
4,0.6455365419387817,0.8894443511962891,0.5703462958335876,0.9313066005706787
5,0.661206066608429,0.8594223260879517,0.5573592782020569,1.0012612342834473
6,0.6685659885406494,0.8220115303993225,0.5919913649559021,0.9064061045646667
7,0.6749762296676636,0.7966455817222595,0.6158008575439453,0.8722504377365112
8,0.688746452331543,0.7704465985298157,0.5930736064910889,1.0593496561050415
9,0.6951566934585571,0.7599579095840454,0.6071428656578064,0.9245489239692688
10,0.7018043398857117,0.7331196665763855,0.6212121248245239,0.9908825755119324
11,0.7150996923446655,0.7021647095680237,0.6666666865348816,0.956868052482605
12,0.7241215705871582,0.6749999523162842,0.6504328846931458,0.9489012360572815
13,0.7310066223144531,0.6566861867904663,0.6558441519737244,0.913592517375946
14,0.7312440872192383,0.6521750092506409,0.709956705570221,0.8190721273422241
15,0.7390788197517395,0.6393772959709167,0.6818181872367859,0.8981150388717651
16,0.747863233089447,0.6221294403076172,0.7002164721488953,0.9978224039077759
17,0.7481006383895874,0.6118614673614502,0.6504328846931458,0.7986130118370056
18,0.7445394396781921,0.6136526465415955,0.6883116960525513,0.9467468857765198
19,0.7554605603218079,0.5832687616348267,0.6796537041664124,0.9810461401939392
20,0.7530864477157593,0.5912110805511475,0.6904761791229248,0.9288143515586853
21,0.7492877244949341,0.5811538100242615,0.698051929473877,0.8909037709236145
22,0.7654321193695068,0.5580554604530334,0.6352813839912415,1.0451308488845825
23,0.7628205418586731,0.5689089298248291,0.6179653406143188,0.9519350528717041
24,0.7713675498962402,0.5460555553436279,0.6861472129821777,1.0429543256759644
25,0.7744539380073547,0.5370316505432129,0.6547619104385376,1.0203953981399536
26,0.771842360496521,0.5401312112808228,0.6536796689033508,0.9963836669921875
27,0.7654321193695068,0.5439971089363098,0.6114718317985535,1.0050113201141357
28,0.7725545763969421,0.5338369011878967,0.6363636255264282,0.9471829533576965
29,0.7844254374504089,0.5140712857246399,0.6450216174125671,0.9389519095420837
30,0.7765907049179077,0.5189063549041748,0.6623376607894897,1.1213845014572144
31,0.7913105487823486,0.5088699460029602,0.6655844449996948,1.1063560247421265
32,0.7844254374504089,0.50360107421875,0.6417748928070068,0.9588984847068787
33,0.7886989712715149,0.5048561692237854,0.6601731777191162,1.0499601364135742
34,0.790123462677002,0.4929405450820923,0.6515151262283325,1.036137580871582
35,0.790123462677002,0.4881329834461212,0.6352813839912415,1.2743319272994995
36,0.8008072376251221,0.47087737917900085,0.6688311696052551,1.128692626953125
37,0.7924976348876953,0.48314744234085083,0.6601731777191162,1.1916040182113647
38,0.7886989712715149,0.485236793756485,0.5952380895614624,1.0591790676116943
39,0.8005697727203369,0.4574373960494995,0.6569263935089111,1.2764636278152466
40,0.8036562204360962,0.4682944416999817,0.6266233921051025,1.07877516746521
41,0.8114909529685974,0.44497767090797424,0.6839826703071594,1.0808556079864502
42,0.8084045648574829,0.454097718000412,0.6103895902633667,1.0478627681732178
