epoch,accuracy,loss,val_accuracy,val_loss
0,0.4126305878162384,1.4354716539382935,0.3268398344516754,1.5198767185211182
1,0.5764482617378235,1.1678922176361084,0.3484848439693451,1.4540038108825684
2,0.6182336211204529,1.0188369750976562,0.548701286315918,1.0721237659454346
3,0.639363706111908,0.9368151426315308,0.5357142686843872,1.0150457620620728
4,0.6578822135925293,0.8746952414512634,0.5703462958335876,0.9578096270561218
5,0.6745014190673828,0.8282405734062195,0.6114718317985535,0.8964396119117737
6,0.6799620389938354,0.7910297513008118,0.6233766078948975,0.9006303548812866
7,0.688034176826477,0.7590124011039734,0.5974025726318359,0.9470066428184509
8,0.7056030631065369,0.7121776342391968,0.5919913649559021,1.0695641040802002
9,0.7001424431800842,0.7049406170845032,0.5660173296928406,1.086213231086731
10,0.7146248817443848,0.6942599415779114,0.6277056336402893,0.9804181456565857
11,0.709876537322998,0.6746459007263184,0.5995671153068542,1.0515618324279785
12,0.7207977175712585,0.6521976590156555,0.6244588494300842,1.002052903175354
13,0.7305318117141724,0.638304591178894,0.6158008575439453,1.034606695175171
14,0.7305318117141724,0.6248186826705933,0.6504328846931458,0.9796592593193054
15,0.7428774833679199,0.6049051880836487,0.6320346593856812,0.9997215867042542
16,0.7321937084197998,0.619500994682312,0.6244588494300842,1.1431899070739746
17,0.7405033111572266,0.5990728139877319,0.5984848737716675,1.4292453527450562
18,0.7547483444213867,0.5756516456604004,0.6341991424560547,0.9254566431045532
19,0.7592592835426331,0.571397066116333,0.6699134111404419,1.1750842332839966
20,0.7554605603218079,0.5692328214645386,0.6179653406143188,1.117260456085205
21,0.7611585855484009,0.5575674772262573,0.6677489280700684,0.9018818736076355
22,0.7701804637908936,0.5447567105293274,0.677489161491394,1.0323069095611572
23,0.7654321193695068,0.5508148670196533,0.6212121248245239,0.9886361360549927
24,0.7708926796913147,0.5371579527854919,0.6655844449996948,1.113193392753601
25,0.7670940160751343,0.5378663539886475,0.6525974273681641,0.9223146438598633
26,0.7708926796913147,0.5400346517562866,0.6590909361839294,1.0222537517547607
27,0.7834757566452026,0.512072741985321,0.6515151262283325,1.3305280208587646
28,0.7799145579338074,0.5127346515655518,0.6082251071929932,1.1484524011611938
29,0.7863247990608215,0.508061945438385,0.6655844449996948,1.173284888267517
30,0.7839506268501282,0.5128049850463867,0.6428571343421936,0.9055739641189575
