epoch,accuracy,loss,val_accuracy,val_loss
0,0.44705602526664734,1.3846389055252075,0.3030303120613098,1.6451799869537354
1,0.5802469253540039,1.1428476572036743,0.3549783527851105,1.4886009693145752
2,0.6194207072257996,1.0092637538909912,0.5313853025436401,1.033273696899414
3,0.6415004730224609,0.9175819158554077,0.5660173296928406,0.9684926867485046
4,0.6533713340759277,0.868671178817749,0.5562770366668701,0.9672096967697144
5,0.6540835499763489,0.8354789614677429,0.5616883039474487,0.9371318221092224
6,0.6716524362564087,0.7990453839302063,0.5854978561401367,0.9621186852455139
7,0.6792497634887695,0.7733414173126221,0.6049783825874329,1.009224772453308
8,0.6837607026100159,0.764866828918457,0.6168830990791321,0.9530139565467834
9,0.6991927623748779,0.7353395819664001,0.6525974273681641,1.0062587261199951
10,0.6994302272796631,0.7209698557853699,0.6699134111404419,0.9331439137458801
11,0.7086894512176514,0.7002822756767273,0.661255419254303,0.9106844067573547
12,0.7184235453605652,0.6784861087799072,0.6818181872367859,0.9601842164993286
13,0.7234092950820923,0.6504664421081543,0.6872294545173645,0.9328700304031372
14,0.7212725281715393,0.6558568477630615,0.6764069199562073,1.0015144348144531
15,0.7267331480979919,0.6535563468933105,0.6883116960525513,0.8713734149932861
16,0.7326685786247253,0.6338171362876892,0.6807359457015991,0.938015341758728
17,0.747863233089447,0.6110392212867737,0.6839826703071594,0.9462518095970154
18,0.7447768449783325,0.608981728553772,0.673160195350647,0.9818763136863708
19,0.7481006383895874,0.6054415106773376,0.6785714030265808,0.9894749522209167
20,0.7526115775108337,0.5839499235153198,0.6818181872367859,1.07772958278656
21,0.7692307829856873,0.5634196996688843,0.6677489280700684,1.0693401098251343
22,0.7704178690910339,0.5574626326560974,0.7045454382896423,0.8821191787719727
23,0.7687559127807617,0.5495292544364929,0.6385281682014465,1.0710358619689941
24,0.7637701630592346,0.5593026280403137,0.7164502143859863,0.9236992001533508
25,0.7768281102180481,0.5459960699081421,0.5865800976753235,0.9153335094451904
26,0.7768281102180481,0.5415637493133545,0.6406926512718201,1.1030062437057495
27,0.7761158347129822,0.5409901142120361,0.677489161491394,0.9858635067939758
28,0.7796770930290222,0.5349875688552856,0.6915584206581116,0.9315766096115112
29,0.7735042572021484,0.5207120776176453,0.6677489280700684,0.995124101638794
30,0.7948718070983887,0.503769040107727,0.6266233921051025,1.0396736860275269
31,0.7977207899093628,0.4901401996612549,0.6666666865348816,1.110451340675354
32,0.789411187171936,0.4994184672832489,0.6601731777191162,1.181325912475586
33,0.7920227646827698,0.48576247692108154,0.6136363744735718,1.0706560611724854
34,0.7924976348876953,0.4856034517288208,0.6872294545173645,1.0456628799438477
35,0.7960588932037354,0.48801350593566895,0.6709956526756287,1.022279143333435
36,0.793684720993042,0.47893789410591125,0.6580086350440979,1.0494165420532227
37,0.8017568588256836,0.47315311431884766,0.6049783825874329,0.9314863085746765
38,0.8034188151359558,0.47267991304397583,0.6839826703071594,0.9996938705444336
39,0.8136277198791504,0.4525635838508606,0.709956705570221,0.9410436749458313
40,0.8060303926467896,0.4607601761817932,0.6515151262283325,1.2830395698547363
