epoch,accuracy,loss,val_accuracy,val_loss
0,0.4544159471988678,1.3677420616149902,0.3982684016227722,1.5635466575622559
1,0.5833333134651184,1.1161656379699707,0.40692639350891113,1.42910635471344
2,0.6120607852935791,1.003628134727478,0.5151515007019043,1.1243834495544434
3,0.6334282755851746,0.9376305341720581,0.548701286315918,1.0205278396606445
4,0.6528964638710022,0.8784778714179993,0.5248917937278748,1.0381277799606323
5,0.6571699976921082,0.8291853070259094,0.5497835278511047,0.9984022378921509
6,0.6707027554512024,0.8088794350624084,0.5660173296928406,1.014367699623108
7,0.6756885051727295,0.7919794321060181,0.5573592782020569,1.0017194747924805
8,0.692307710647583,0.7561261057853699,0.5930736064910889,0.9842042922973633
9,0.6906457543373108,0.7411385774612427,0.5833333134651184,0.9576213359832764
10,0.7058404684066772,0.7141838073730469,0.5898268222808838,1.1159594058990479
11,0.7136752009391785,0.6880324482917786,0.5984848737716675,1.0441138744354248
12,0.7127255201339722,0.6885747909545898,0.5974025726318359,1.1256392002105713
13,0.7158119678497314,0.6786984205245972,0.6352813839912415,1.112826943397522
14,0.7155745625495911,0.6538571715354919,0.612554132938385,0.9752272963523865
15,0.7122507095336914,0.6598911881446838,0.6385281682014465,1.0107923746109009
16,0.7222222089767456,0.6318255662918091,0.6601731777191162,1.0097332000732422
17,0.7293447256088257,0.6298777461051941,0.6320346593856812,1.0905590057373047
18,0.7388414144515991,0.6104963421821594,0.6590909361839294,1.0663912296295166
19,0.7326685786247253,0.6138504147529602,0.6677489280700684,0.9610799551010132
20,0.7314814925193787,0.6136897206306458,0.6601731777191162,1.1918672323226929
21,0.7431148886680603,0.5934598445892334,0.6439393758773804,0.9915132522583008
22,0.7490503191947937,0.5897572636604309,0.6450216174125671,1.0568448305130005
23,0.7397910952568054,0.601441502571106,0.637445867061615,1.2078688144683838
24,0.7307692170143127,0.5930651426315308,0.6764069199562073,0.9693599939346313
25,0.7497625946998596,0.581860363483429,0.677489161491394,1.000936508178711
26,0.7516618967056274,0.5691545605659485,0.6753246784210205,1.0721445083618164
27,0.7481006383895874,0.5665766596794128,0.6839826703071594,0.9889209270477295
28,0.754273533821106,0.5687754154205322,0.6158008575439453,0.890718936920166
29,0.7587844133377075,0.560278594493866,0.6255411505699158,1.1660152673721313
30,0.7545109391212463,0.5553318858146667,0.6244588494300842,1.106675624847412
31,0.75356125831604,0.5529912114143372,0.6688311696052551,1.1223375797271729
32,0.7649572491645813,0.5340532064437866,0.637445867061615,1.1113333702087402
33,0.7730294466018677,0.532601535320282,0.6623376607894897,0.9574446082115173
34,0.7687559127807617,0.5386825799942017,0.6461039185523987,1.1210346221923828
35,0.7746913433074951,0.524111807346344,0.6352813839912415,1.289538860321045
36,0.7742165327072144,0.5195836424827576,0.5670995712280273,1.1456215381622314
37,0.7723171710968018,0.5193520784378052,0.6634199023246765,1.0918372869491577
38,0.7896486520767212,0.5035924315452576,0.5703462958335876,1.0752216577529907
39,0.789411187171936,0.5047067403793335,0.6385281682014465,1.1942552328109741
40,0.7744539380073547,0.5047315955162048,0.6396104097366333,0.9183247089385986
41,0.7870370149612427,0.4944263696670532,0.6569263935089111,1.4104546308517456
42,0.7770655155181885,0.5069475173950195,0.588744580745697,1.0808848142623901
43,0.7841880321502686,0.4966107904911041,0.5909090638160706,1.4671202898025513
44,0.7991452813148499,0.4729081094264984,0.649350643157959,1.1656674146652222
45,0.7946344017982483,0.48118314146995544,0.6082251071929932,1.0409268140792847
46,0.7867996096611023,0.47432780265808105,0.600649356842041,1.0720043182373047
47,0.7932098507881165,0.47722169756889343,0.5779221057891846,1.0631113052368164
48,0.7965337038040161,0.46835705637931824,0.6785714030265808,1.1121944189071655
49,0.7960588932037354,0.4685213565826416,0.6298701167106628,1.2502211332321167
