epoch,accuracy,loss,val_accuracy,val_loss
0,0.41809117794036865,1.3597851991653442,0.39393940567970276,1.7672492265701294
1,0.5740740895271301,1.1053218841552734,0.4166666567325592,1.4627163410186768
2,0.610636293888092,0.9883082509040833,0.5270562767982483,1.0318198204040527
3,0.6412630677223206,0.9275193810462952,0.5281385183334351,0.9974744319915771
4,0.6526590585708618,0.8654810190200806,0.5216450095176697,0.9714899659156799
5,0.6564577221870422,0.8343415856361389,0.5378788113594055,0.9325425624847412
6,0.6621557474136353,0.8124698996543884,0.5476190447807312,0.9034519195556641
7,0.674026608467102,0.7909835577011108,0.5313853025436401,1.026293158531189
8,0.6785374879837036,0.7747558355331421,0.5497835278511047,0.9479432702064514
9,0.6825736165046692,0.7516679167747498,0.5919913649559021,1.0072952508926392
10,0.708452045917511,0.7264463305473328,0.6406926512718201,0.9392867684364319
11,0.6984805464744568,0.7301538586616516,0.637445867061615,1.0237672328948975
12,0.7186609506607056,0.6882781982421875,0.6699134111404419,0.9812479615211487
13,0.7207977175712585,0.6774740815162659,0.6461039185523987,1.0547831058502197
14,0.7272079586982727,0.6714048385620117,0.5876623392105103,1.2664531469345093
15,0.7319563031196594,0.6546420454978943,0.6406926512718201,1.158447027206421
16,0.7376543283462524,0.6346310377120972,0.6645021438598633,1.056838870048523
17,0.7424026727676392,0.6344000101089478,0.7305194735527039,0.8226622343063354
18,0.7485755085945129,0.6174355745315552,0.6829004287719727,1.1419575214385986
19,0.7497625946998596,0.6112188100814819,0.6785714030265808,1.0887641906738281
20,0.7495251893997192,0.5944318175315857,0.6709956526756287,1.2305506467819214
21,0.7623456716537476,0.5669734477996826,0.6406926512718201,1.0295403003692627
22,0.7616334557533264,0.5811086297035217,0.689393937587738,1.023075819015503
23,0.7670940160751343,0.562042236328125,0.6720778942108154,1.0455771684646606
24,0.7609211802482605,0.5586576461791992,0.6688311696052551,1.0550178289413452
25,0.7687559127807617,0.5486147999763489,0.6590909361839294,1.1791232824325562
26,0.7713675498962402,0.5377669930458069,0.6818181872367859,1.2358537912368774
27,0.7789648771286011,0.5354743003845215,0.6764069199562073,1.2185513973236084
28,0.7792022824287415,0.5317735075950623,0.6839826703071594,1.0519556999206543
29,0.7803893685340881,0.5221654176712036,0.6699134111404419,1.0671614408493042
30,0.7867996096611023,0.515629231929779,0.6699134111404419,1.2982878684997559
31,0.7962962985038757,0.4985157251358032,0.6114718317985535,1.2241891622543335
32,0.7913105487823486,0.49650412797927856,0.6439393758773804,1.1322365999221802
33,0.7867996096611023,0.5142887234687805,0.6850649118423462,1.1076158285140991
34,0.8043684959411621,0.47938963770866394,0.6666666865348816,1.3005667924880981
35,0.7979581952095032,0.4885452091693878,0.6439393758773804,1.1571964025497437
36,0.7965337038040161,0.47897768020629883,0.6720778942108154,1.1797837018966675
37,0.8000949621200562,0.46894940733909607,0.677489161491394,1.313417911529541
38,0.8012820482254028,0.46182265877723694,0.6547619104385376,1.3963260650634766
39,0.8100664615631104,0.45796266198158264,0.6742424368858337,0.9832324981689453
40,0.8053181171417236,0.48309797048568726,0.6699134111404419,1.1164082288742065
41,0.8065052032470703,0.4672833979129791,0.677489161491394,1.0514202117919922
42,0.8103038668632507,0.4536106586456299,0.6699134111404419,1.13620126247406
