epoch,accuracy,loss,val_accuracy,val_loss
0,0.3877018094062805,1.4756578207015991,0.32575756311416626,1.5218985080718994
1,0.5819088220596313,1.1752557754516602,0.4577922224998474,1.309593677520752
2,0.6203703880310059,1.016353964805603,0.5259740352630615,1.0424586534500122
3,0.6388888955116272,0.9211878180503845,0.5573592782020569,0.968455970287323
4,0.6578822135925293,0.8589382767677307,0.5822510719299316,0.984404444694519
5,0.6657170057296753,0.8305339813232422,0.5909090638160706,0.9580633044242859
6,0.6799620389938354,0.7883127331733704,0.5995671153068542,0.9589154124259949
7,0.6868470907211304,0.7603783011436462,0.5974025726318359,0.9879927039146423
8,0.706315279006958,0.7230891585350037,0.6017315983772278,1.010576844215393
9,0.7001424431800842,0.7263617515563965,0.6504328846931458,1.0088304281234741
10,0.717711329460144,0.6838826537132263,0.6655844449996948,1.0296272039413452
11,0.7215099930763245,0.6746655106544495,0.6883116960525513,1.007109522819519
12,0.7255460619926453,0.6626608371734619,0.6677489280700684,1.1256825923919678
13,0.7386040091514587,0.6286855340003967,0.677489161491394,0.8665533065795898
14,0.7267331480979919,0.6374207139015198,0.6482684016227722,1.102274775505066
15,0.7421652674674988,0.6045047640800476,0.6753246784210205,1.0137649774551392
16,0.7405033111572266,0.6131222248077393,0.6829004287719727,0.9112422466278076
17,0.74643874168396,0.5970942974090576,0.6753246784210205,0.9065708518028259
18,0.7554605603218079,0.5653701424598694,0.6742424368858337,0.9574739336967468
19,0.7526115775108337,0.5711881518363953,0.6071428656578064,0.9724004864692688
20,0.7495251893997192,0.5808502435684204,0.6677489280700684,1.1037451028823853
21,0.7606837749481201,0.5616781115531921,0.5941558480262756,1.0984712839126587
22,0.7685185074806213,0.5525296926498413,0.6244588494300842,0.9731819033622742
23,0.766144335269928,0.538246214389801,0.6645021438598633,1.2499850988388062
24,0.7659069299697876,0.5290184020996094,0.6114718317985535,0.9581260681152344
25,0.7537986636161804,0.5437057614326477,0.6645021438598633,1.0578075647354126
26,0.781101644039154,0.5086016058921814,0.6255411505699158,1.1544066667556763
27,0.7711300849914551,0.522396445274353,0.6114718317985535,1.0154716968536377
28,0.7742165327072144,0.5316660404205322,0.6450216174125671,1.0640654563903809
29,0.7820512652397156,0.5062744617462158,0.6547619104385376,1.223375678062439
30,0.7832383513450623,0.5155649185180664,0.6655844449996948,1.0786277055740356
31,0.7886989712715149,0.48545724153518677,0.6569263935089111,1.1851578950881958
32,0.7891737818717957,0.4898908734321594,0.6634199023246765,1.114582896232605
33,0.7922602295875549,0.4856747090816498,0.6363636255264282,1.0652415752410889
34,0.781101644039154,0.49597474932670593,0.6666666865348816,1.1799707412719727
35,0.7913105487823486,0.48172178864479065,0.6677489280700684,1.043800950050354
36,0.8055555820465088,0.46313056349754333,0.6450216174125671,1.1121169328689575
37,0.793684720993042,0.4714427888393402,0.6082251071929932,1.0484203100204468
38,0.7941595315933228,0.4617190659046173,0.588744580745697,1.2296472787857056
