epoch,accuracy,loss,val_accuracy,val_loss
0,0.45892688632011414,1.3697928190231323,0.38203462958335876,1.5677708387374878
1,0.5679012537002563,1.1325132846832275,0.4199134111404419,1.3440316915512085
2,0.6139600872993469,1.0032066106796265,0.5595238208770752,0.988091230392456
3,0.6350902318954468,0.9217403531074524,0.588744580745697,0.9317735433578491
4,0.6467236280441284,0.8829808235168457,0.5681818127632141,0.9701464176177979
5,0.6571699976921082,0.8346666693687439,0.6071428656578064,0.8696802258491516
6,0.6785374879837036,0.801506757736206,0.6201298832893372,0.8645519018173218
7,0.6801994442939758,0.7853268980979919,0.6471861600875854,0.7987252473831177
8,0.6980056762695312,0.7453757524490356,0.6103895902633667,0.9055814743041992
9,0.6946818828582764,0.7357178330421448,0.5854978561401367,1.0128846168518066
10,0.710588812828064,0.694429874420166,0.6179653406143188,0.9410370588302612
11,0.7072649598121643,0.6993837952613831,0.6363636255264282,0.9545305371284485
12,0.7207977175712585,0.670102596282959,0.6482684016227722,0.921068549156189
13,0.7300570011138916,0.6548359394073486,0.6396104097366333,0.9050275087356567
14,0.731718897819519,0.6329969763755798,0.6547619104385376,1.0066336393356323
15,0.7419278025627136,0.6173325777053833,0.673160195350647,0.9353182315826416
16,0.7333807945251465,0.6312698125839233,0.6525974273681641,0.9059275388717651
17,0.7376543283462524,0.6157302260398865,0.6071428656578064,1.1055506467819214
18,0.7554605603218079,0.5942520499229431,0.6753246784210205,1.1026382446289062
19,0.7552231550216675,0.6081982851028442,0.6341991424560547,1.028280258178711
20,0.7656695246696472,0.5678786039352417,0.6547619104385376,1.1447640657424927
21,0.7552231550216675,0.5709944367408752,0.6688311696052551,0.948758065700531
22,0.7673314213752747,0.5627949833869934,0.5941558480262756,1.0518828630447388
23,0.767568826675415,0.5471924543380737,0.6396104097366333,0.9839996099472046
24,0.767568826675415,0.5421020984649658,0.6504328846931458,0.877958357334137
25,0.7659069299697876,0.5444851517677307,0.6147186160087585,0.9856796860694885
26,0.7666192054748535,0.5372027158737183,0.5746753215789795,0.9494671821594238
27,0.7716049551963806,0.5491376519203186,0.6677489280700684,1.0923106670379639
28,0.7730294466018677,0.5338819622993469,0.6233766078948975,1.2077988386154175
29,0.795821487903595,0.4966127574443817,0.6168830990791321,1.0815861225128174
30,0.7756410241127014,0.5249869227409363,0.576839804649353,1.1895161867141724
31,0.7827635407447815,0.511852502822876,0.6482684016227722,1.240832805633545
32,0.782288670539856,0.516730010509491,0.677489161491394,1.0656721591949463
