epoch,accuracy,loss,val_accuracy,val_loss
0,0.4159544110298157,1.408018946647644,0.30194804072380066,1.5055466890335083
1,0.5885565280914307,1.1313380002975464,0.4231601655483246,1.3574094772338867
2,0.6303418874740601,0.9855688214302063,0.540043294429779,1.0035841464996338
3,0.6372269988059998,0.9169714450836182,0.5378788113594055,0.9397678971290588
4,0.6498100757598877,0.8733313083648682,0.5660173296928406,0.9151086807250977
5,0.6659544110298157,0.8238397240638733,0.5443723201751709,0.9858463406562805
6,0.666191816329956,0.8163574934005737,0.5670995712280273,0.966172993183136
7,0.6813865303993225,0.7793183326721191,0.6634199023246765,0.9243621826171875
8,0.6832858324050903,0.756267249584198,0.6212121248245239,0.9695106744766235
9,0.6961063742637634,0.7494884133338928,0.6547619104385376,0.8635843992233276
10,0.706315279006958,0.7185015082359314,0.6580086350440979,0.8955360054969788
11,0.7091643214225769,0.7033588886260986,0.6569263935089111,0.9904711842536926
12,0.7134377956390381,0.6758972406387329,0.6547619104385376,0.9903780221939087
13,0.7096391320228577,0.6752976179122925,0.6720778942108154,1.0044580698013306
14,0.7234092950820923,0.6486993432044983,0.6818181872367859,0.955717921257019
15,0.7269705533981323,0.6429314613342285,0.6720778942108154,1.0753116607666016
16,0.7262583374977112,0.6490804553031921,0.6796537041664124,1.0021770000457764
17,0.7307692170143127,0.6231784820556641,0.6536796689033508,1.0694178342819214
18,0.7454890608787537,0.5989868640899658,0.6904761791229248,0.9764902591705322
19,0.7412155866622925,0.6120686531066895,0.673160195350647,1.1860365867614746
20,0.7407407164573669,0.6032858490943909,0.6244588494300842,0.9939143061637878
21,0.7518993616104126,0.5841237902641296,0.6861472129821777,0.9804195761680603
22,0.7559354305267334,0.5752158761024475,0.6482684016227722,1.0985363721847534
23,0.7424026727676392,0.5795007348060608,0.6158008575439453,1.0401651859283447
24,0.7618708610534668,0.5580193400382996,0.6158008575439453,1.1098209619522095
25,0.7578347325325012,0.5567784905433655,0.6482684016227722,1.0027660131454468
26,0.7490503191947937,0.5695926547050476,0.6742424368858337,1.0667451620101929
27,0.7590218186378479,0.5536116361618042,0.6601731777191162,1.178043007850647
28,0.7680436968803406,0.5402045845985413,0.6547619104385376,1.1410741806030273
29,0.7699429988861084,0.5428875684738159,0.661255419254303,1.2119711637496948
30,0.7725545763969421,0.5291800498962402,0.6655844449996948,1.0989521741867065
31,0.7742165327072144,0.5168004631996155,0.6634199023246765,1.203636884689331
32,0.767568826675415,0.526455819606781,0.6028138399124146,1.0158635377883911
33,0.7792022824287415,0.505962610244751,0.6028138399124146,0.9435913562774658
34,0.7837132215499878,0.5006204843521118,0.5963203310966492,1.1429201364517212
