epoch,accuracy,loss,val_accuracy,val_loss
0,0.5681341886520386,0.6950796842575073,0.5454545617103577,0.7002230286598206
1,0.6761006116867065,0.635908842086792,0.5454545617103577,0.9673613905906677
2,0.6698113083839417,0.6109305620193481,0.5454545617103577,1.6181520223617554
3,0.6865828037261963,0.5879706144332886,0.5454545617103577,2.2911880016326904
4,0.6928721070289612,0.5785307884216309,0.5454545617103577,2.7939209938049316
5,0.7033542990684509,0.5709795951843262,0.5454545617103577,2.917592763900757
6,0.7075471878051758,0.5594784021377563,0.5454545617103577,2.854489803314209
7,0.7159329056739807,0.5483465790748596,0.5454545617103577,2.1900436878204346
8,0.7348008155822754,0.5444387793540955,0.5454545617103577,1.790661096572876
9,0.7410901188850403,0.5392889976501465,0.5454545617103577,1.290298581123352
10,0.7295597195625305,0.5216476917266846,0.4848484992980957,0.6059052348136902
11,0.7547169923782349,0.5253159999847412,0.5454545617103577,0.607837975025177
12,0.7578616142272949,0.5195372104644775,0.5454545617103577,1.3511621952056885
13,0.74737948179245,0.5177693963050842,0.5252525210380554,1.3419852256774902
14,0.7672955989837646,0.4911022484302521,0.43939393758773804,1.119600534439087
15,0.7568134069442749,0.49417462944984436,0.42424243688583374,1.4433989524841309
16,0.795597493648529,0.4687623083591461,0.47979798913002014,1.3521219491958618
17,0.7756813168525696,0.4838082790374756,0.4040403962135315,1.309530258178711
18,0.7830188870429993,0.4645864963531494,0.5404040217399597,0.6990146636962891
19,0.7819706201553345,0.4647587239742279,0.4191919267177582,1.8854727745056152
20,0.7735849022865295,0.4695744514465332,0.5404040217399597,1.0881174802780151
21,0.8008385896682739,0.4622983932495117,0.42424243688583374,1.6383622884750366
22,0.7861635088920593,0.46587932109832764,0.36868685483932495,1.548819661140442
23,0.7819706201553345,0.4458790719509125,0.5555555820465088,0.6659072637557983
24,0.7872117161750793,0.46439072489738464,0.4444444477558136,2.28049898147583
25,0.8102725148200989,0.41710612177848816,0.42424243688583374,1.8862404823303223
26,0.8144654035568237,0.43911778926849365,0.4343434274196625,1.4038317203521729
27,0.7903563976287842,0.4475434720516205,0.27272728085517883,1.40291428565979
28,0.7997903823852539,0.44163453578948975,0.4191919267177582,1.893633484840393
29,0.7987421154975891,0.4338679015636444,0.4343434274196625,1.2838194370269775
30,0.8155136108398438,0.4230993688106537,0.47979798913002014,1.6378282308578491
31,0.8155136108398438,0.4027145802974701,0.5454545617103577,3.595768690109253
32,0.8176100850105286,0.4099535644054413,0.49494948983192444,1.9094089269638062
33,0.8081761002540588,0.4028283655643463,0.5353535413742065,2.04177188873291
34,0.8144654035568237,0.40514135360717773,0.5353535413742065,3.0420420169830322
35,0.8312368988990784,0.3935321271419525,0.4141414165496826,2.15347957611084
