epoch,accuracy,loss,val_accuracy,val_loss
0,0.5691823959350586,0.6927553415298462,0.5454545617103577,0.7031341195106506
1,0.6677148938179016,0.6256771087646484,0.5454545617103577,1.107983112335205
2,0.6687631011009216,0.6229493618011475,0.5454545617103577,1.9602667093276978
3,0.6918238997459412,0.6022251844406128,0.5454545617103577,2.897141218185425
4,0.6844863891601562,0.6017343401908875,0.5454545617103577,3.5631186962127686
5,0.7127882838249207,0.573140025138855,0.5454545617103577,3.695918560028076
6,0.6855345964431763,0.5951418280601501,0.5454545617103577,3.53786563873291
7,0.7064989805221558,0.5569009780883789,0.5454545617103577,2.875241756439209
8,0.7201257944107056,0.5581681132316589,0.5454545617103577,2.110339403152466
9,0.7117400169372559,0.5521995425224304,0.5454545617103577,1.621090054512024
10,0.7243186831474304,0.5524080395698547,0.5454545617103577,0.9922526478767395
11,0.7274633049964905,0.5472743511199951,0.5454545617103577,0.7199946045875549
12,0.7358490824699402,0.5216938853263855,0.5454545617103577,0.718908965587616
13,0.7442348003387451,0.5359761714935303,0.5454545617103577,0.7457809448242188
14,0.7631027102470398,0.5091291666030884,0.5454545617103577,0.7508025765419006
15,0.7631027102470398,0.5091687440872192,0.5454545617103577,0.6255332827568054
16,0.7547169923782349,0.5212706923484802,0.5353535413742065,0.7512978315353394
17,0.7756813168525696,0.49256229400634766,0.5454545617103577,0.9566884636878967
18,0.7641509175300598,0.5017396807670593,0.5353535413742065,0.9885419607162476
19,0.7872117161750793,0.4886290729045868,0.4141414165496826,1.3718197345733643
20,0.7683438062667847,0.4878162145614624,0.5353535413742065,1.6778913736343384
21,0.7735849022865295,0.46185165643692017,0.5454545617103577,1.5647754669189453
22,0.7819706201553345,0.4608408510684967,0.5353535413742065,1.2598882913589478
23,0.7651991844177246,0.48232218623161316,0.5404040217399597,1.1150267124176025
24,0.7725366950035095,0.48251283168792725,0.9242424368858337,0.4086933732032776
25,0.7767295837402344,0.4747137725353241,0.469696968793869,0.786932110786438
26,0.7693920135498047,0.48957523703575134,0.5454545617103577,1.0980377197265625
27,0.801886796951294,0.45536908507347107,0.5454545617103577,1.9975452423095703
28,0.7819706201553345,0.46201008558273315,0.5454545617103577,1.6255570650100708
29,0.7851153016090393,0.43232327699661255,0.5353535413742065,1.2029411792755127
30,0.7914046049118042,0.43726933002471924,0.5454545617103577,1.1760908365249634
31,0.801886796951294,0.4421451985836029,0.5404040217399597,1.2282768487930298
32,0.8123689889907837,0.41221874952316284,0.5454545617103577,2.1309056282043457
33,0.8218029141426086,0.4186108708381653,0.8737373948097229,0.33864396810531616
34,0.8081761002540588,0.4324561655521393,0.5454545617103577,0.9278547763824463
35,0.8197064995765686,0.40274444222450256,0.5,1.9512534141540527
36,0.803983211517334,0.421560138463974,0.5454545617103577,1.578908085823059
37,0.8280922174453735,0.40138518810272217,0.5454545617103577,1.305740237236023
38,0.8176100850105286,0.4063808023929596,0.5303030014038086,2.1692397594451904
39,0.8301886916160583,0.39515602588653564,0.5404040217399597,3.398401975631714
40,0.8259958028793335,0.3936419188976288,0.49494948983192444,1.64378821849823
41,0.8186582922935486,0.3953268527984619,0.5454545617103577,1.1030858755111694
42,0.8176100850105286,0.39757630228996277,0.5454545617103577,1.3207433223724365
43,0.8364779949188232,0.3803001940250397,0.9444444179534912,0.277042418718338
44,0.8532494902610779,0.3714659512042999,0.5151515007019043,1.0089688301086426
45,0.8375262022018433,0.38199129700660706,0.3585858643054962,1.1940232515335083
46,0.8354297876358032,0.37400513887405396,0.5303030014038086,2.0194385051727295
47,0.8616352081298828,0.3380797207355499,0.5454545617103577,2.281290292739868
48,0.850104808807373,0.34366413950920105,0.5454545617103577,1.4597704410552979
49,0.8522012829780579,0.3440414071083069,0.5252525210380554,1.7125691175460815
