epoch,accuracy,loss,val_accuracy,val_loss
0,0.5943396091461182,0.6767733693122864,0.5454545617103577,0.7205920219421387
1,0.6289308071136475,0.6386507153511047,0.5454545617103577,1.0682204961776733
2,0.6656184196472168,0.6048499345779419,0.5454545617103577,1.7431488037109375
3,0.6761006116867065,0.6008763313293457,0.5454545617103577,2.415186882019043
4,0.6855345964431763,0.5886385440826416,0.5454545617103577,2.8223981857299805
5,0.7033542990684509,0.5707144141197205,0.5454545617103577,2.9324076175689697
6,0.7096436023712158,0.5700371265411377,0.5454545617103577,2.6342008113861084
7,0.7169811129570007,0.553923487663269,0.5454545617103577,2.2221038341522217
8,0.7033542990684509,0.5630342364311218,0.5454545617103577,1.4637478590011597
9,0.7410901188850403,0.5315905213356018,0.5454545617103577,1.057133674621582
10,0.7337526082992554,0.5375499129295349,0.5454545617103577,0.7994540333747864
11,0.7243186831474304,0.5356125235557556,0.5454545617103577,0.5787700414657593
12,0.7285115122795105,0.5347539186477661,0.5454545617103577,0.7332457900047302
13,0.75052410364151,0.5160434246063232,0.5454545617103577,0.9489766359329224
14,0.7599580883979797,0.5186620950698853,0.5404040217399597,0.5974247455596924
15,0.7463312149047852,0.5211170315742493,0.6060606241226196,0.5698372721672058
16,0.7599580883979797,0.5108233690261841,0.47979798913002014,0.8151323795318604
17,0.7672955989837646,0.4903135299682617,0.5454545617103577,1.37507963180542
18,0.7746331095695496,0.4819571077823639,0.2929292917251587,1.0879650115966797
19,0.7725366950035095,0.4820882976055145,0.4040403962135315,0.9066804647445679
20,0.7683438062667847,0.4901706874370575,0.3181818127632141,0.9518172740936279
21,0.8008385896682739,0.45573538541793823,0.5404040217399597,1.281022548675537
22,0.7578616142272949,0.4788829982280731,0.4898989796638489,1.0479121208190918
23,0.803983211517334,0.4578002989292145,0.5909090638160706,0.7451523542404175
24,0.7976939082145691,0.4686526358127594,0.5353535413742065,1.5862072706222534
25,0.7997903823852539,0.4480263590812683,0.5101010203361511,1.3276420831680298
26,0.7914046049118042,0.44029733538627625,0.4545454680919647,1.1522061824798584
27,0.7893081903457642,0.4506669044494629,0.5555555820465088,0.9890854358673096
28,0.7872117161750793,0.44227176904678345,0.35353535413742065,1.0396039485931396
29,0.7882599830627441,0.4394923746585846,0.3737373650074005,0.8327853083610535
30,0.805031418800354,0.43437254428863525,0.7323232293128967,0.5155528783798218
31,0.7903563976287842,0.4382510781288147,0.5101010203361511,0.6994261145591736
32,0.7987421154975891,0.4230727255344391,0.4545454680919647,0.7413790225982666
33,0.805031418800354,0.42004212737083435,0.4444444477558136,1.354453444480896
34,0.8280922174453735,0.4019392728805542,0.5353535413742065,1.2633047103881836
35,0.8176100850105286,0.3945683240890503,0.6818181872367859,0.6081618070602417
36,0.8071278929710388,0.4206622540950775,0.5,1.2807066440582275
37,0.8333333134651184,0.3839600384235382,0.560606062412262,1.1558828353881836
38,0.8280922174453735,0.3823885917663574,0.5151515007019043,0.9578683972358704
39,0.8134171962738037,0.3978694975376129,0.8282828330993652,0.4060482978820801
40,0.8385744094848633,0.37167948484420776,0.42424243688583374,1.3856353759765625
41,0.848008394241333,0.3564397394657135,0.5454545617103577,1.426529049873352
42,0.8511530160903931,0.35777732729911804,0.5454545617103577,1.7333321571350098
43,0.8364779949188232,0.36762481927871704,0.5202020406723022,0.8926759958267212
44,0.846960186958313,0.35003983974456787,0.5101010203361511,2.258272409439087
45,0.8427672982215881,0.3575693964958191,0.5454545617103577,2.049452304840088
46,0.8522012829780579,0.3495092988014221,0.43939393758773804,1.0086097717285156
47,0.8563941121101379,0.32990261912345886,0.40909090638160706,2.236294746398926
48,0.8532494902610779,0.33214402198791504,0.5252525210380554,1.3693948984146118
49,0.8668763041496277,0.31425923109054565,0.5404040217399597,1.9720306396484375
