epoch,accuracy,loss,val_accuracy,val_loss
0,0.6163522005081177,0.6787727475166321,0.5454545617103577,0.8275846838951111
1,0.6740041971206665,0.631792426109314,0.5454545617103577,1.4950617551803589
2,0.6771488189697266,0.6021198630332947,0.5454545617103577,2.258579969406128
3,0.6750524044036865,0.5998409390449524,0.5454545617103577,2.8967273235321045
4,0.7023060917854309,0.5739107131958008,0.5454545617103577,3.3263895511627197
5,0.6876310110092163,0.5845392942428589,0.5454545617103577,3.2454335689544678
6,0.7012578845024109,0.5737094879150391,0.5454545617103577,2.9479453563690186
7,0.6813417077064514,0.5696089267730713,0.5454545617103577,2.333923101425171
8,0.7064989805221558,0.5653886795043945,0.5454545617103577,1.8399962186813354
9,0.7169811129570007,0.547367513179779,0.5454545617103577,1.1259888410568237
10,0.7264150977134705,0.5436401963233948,0.5454545617103577,0.7728284597396851
11,0.7348008155822754,0.5581410527229309,0.5454545617103577,0.716955840587616
12,0.7232704162597656,0.5482910871505737,0.5454545617103577,0.8812576532363892
13,0.7285115122795105,0.5393772125244141,0.5454545617103577,0.888800323009491
14,0.7222222089767456,0.5388433933258057,0.5404040217399597,0.7701109051704407
15,0.7463312149047852,0.5194852352142334,0.5050504803657532,0.8148178458213806
16,0.7400419116020203,0.5269270539283752,0.5353535413742065,0.7307481169700623
17,0.7599580883979797,0.5000482201576233,0.5404040217399597,0.7467125058174133
18,0.7756813168525696,0.4846878945827484,0.49494948983192444,0.8986036777496338
19,0.7651991844177246,0.5007870197296143,0.4898989796638489,1.0947822332382202
20,0.7767295837402344,0.48462191224098206,0.5454545617103577,1.0010709762573242
21,0.7767295837402344,0.4888530373573303,0.469696968793869,1.1517066955566406
22,0.7735849022865295,0.4835619628429413,0.5404040217399597,1.031299114227295
23,0.7714884877204895,0.49266666173934937,0.5303030014038086,1.1638816595077515
24,0.7935010194778442,0.4695216715335846,0.5404040217399597,1.5651170015335083
25,0.7672955989837646,0.4691758155822754,0.49494948983192444,1.0648857355117798
26,0.7851153016090393,0.471855103969574,0.5454545617103577,1.7421386241912842
27,0.8008385896682739,0.4443312883377075,0.4444444477558136,1.2921117544174194
28,0.795597493648529,0.4439885914325714,0.5101010203361511,1.262130856513977
29,0.7966457009315491,0.4430086612701416,0.6212121248245239,0.5926327109336853
30,0.805031418800354,0.4300523102283478,0.5101010203361511,0.7849549651145935
31,0.8008385896682739,0.4294486939907074,0.35353535413742065,1.1746556758880615
32,0.7882599830627441,0.45273342728614807,0.4848484992980957,1.1906781196594238
33,0.8113207817077637,0.4211908280849457,0.5303030014038086,1.131667971611023
34,0.805031418800354,0.4281615614891052,0.46464645862579346,1.5376818180084229
35,0.7935010194778442,0.4426678717136383,0.38383838534355164,1.3578027486801147
36,0.8364779949188232,0.3954751491546631,0.5454545617103577,1.4985467195510864
37,0.8165618181228638,0.40655770897865295,0.5959596037864685,0.7007667422294617
38,0.8322851061820984,0.3898700773715973,0.5454545617103577,1.179656744003296
39,0.8459119200706482,0.3784368634223938,0.5454545617103577,1.6959117650985718
40,0.8333333134651184,0.384326696395874,0.5252525210380554,1.5697035789489746
41,0.8438155055046082,0.3674318194389343,0.5353535413742065,0.8627011775970459
42,0.8396226167678833,0.3579145669937134,0.5707070827484131,1.0913645029067993
43,0.848008394241333,0.3641711473464966,0.5757575631141663,0.8680658340454102
44,0.8301886916160583,0.37987032532691956,0.469696968793869,1.1096971035003662
45,0.8563941121101379,0.3346804976463318,0.7171717286109924,0.6331456303596497
46,0.8459119200706482,0.34866923093795776,0.5656565427780151,1.0488795042037964
47,0.8595387935638428,0.34554043412208557,0.6010100841522217,0.7463078498840332
48,0.8301886916160583,0.3601422607898712,0.5252525210380554,1.2267497777938843
49,0.849056601524353,0.34984463453292847,0.939393937587738,0.2255532294511795
