epoch,accuracy,loss,val_accuracy,val_loss
0,0.5953878164291382,0.68692547082901,0.5454545617103577,0.7293604016304016
1,0.6561844944953918,0.6171233654022217,0.5454545617103577,1.1282857656478882
2,0.6698113083839417,0.626052737236023,0.5454545617103577,1.7727497816085815
3,0.704402506351471,0.5769364237785339,0.5454545617103577,2.396930456161499
4,0.6761006116867065,0.5944716930389404,0.5454545617103577,2.852780342102051
5,0.6823899149894714,0.5832116603851318,0.5454545617103577,2.744419813156128
6,0.7106918096542358,0.5760815739631653,0.5454545617103577,2.2338266372680664
7,0.7127882838249207,0.5587514042854309,0.5454545617103577,1.8967995643615723
8,0.7337526082992554,0.55452960729599,0.5454545617103577,1.3297051191329956
9,0.7536687850952148,0.5326079726219177,0.5454545617103577,0.970437228679657
10,0.7463312149047852,0.5289016366004944,0.5454545617103577,0.620018720626831
11,0.7368972897529602,0.5388856530189514,0.5757575631141663,0.4555456042289734
12,0.7389937043190002,0.5272173285484314,0.5454545617103577,0.4957420229911804
13,0.7557651996612549,0.5176601409912109,0.5404040217399597,0.6438937783241272
14,0.7830188870429993,0.49214133620262146,0.4040403962135315,0.7489898204803467
15,0.7651991844177246,0.510257363319397,0.3636363744735718,0.8664509057998657
16,0.7777777910232544,0.4897565543651581,0.6464646458625793,0.6440083384513855
17,0.7725366950035095,0.5020994544029236,0.6767676472663879,0.564502477645874
18,0.7851153016090393,0.4829487204551697,0.6767676472663879,0.6510275602340698
19,0.7683438062667847,0.49651792645454407,0.4595959484577179,1.239815354347229
20,0.7861635088920593,0.4782864451408386,0.47979798913002014,1.0699174404144287
21,0.7882599830627441,0.4536791741847992,0.5151515007019043,1.4137471914291382
22,0.7882599830627441,0.4700965881347656,0.4292929172515869,1.3919093608856201
23,0.7861635088920593,0.4587811827659607,0.43939393758773804,1.5004774332046509
24,0.7798742055892944,0.46991196274757385,0.49494948983192444,1.0556288957595825
25,0.803983211517334,0.4462505877017975,0.4848484992980957,1.362544059753418
26,0.7704402804374695,0.47395893931388855,0.43939393758773804,1.06719970703125
27,0.7976939082145691,0.45294302701950073,0.4898989796638489,1.0359257459640503
28,0.8134171962738037,0.4279141426086426,0.6414141654968262,0.6880598068237305
29,0.8092243075370789,0.4305739998817444,0.5252525210380554,1.2026947736740112
30,0.8155136108398438,0.4244568347930908,0.4595959484577179,0.9694227576255798
31,0.8113207817077637,0.40963464975357056,0.22727273404598236,1.8010615110397339
32,0.8207547068595886,0.41783174872398376,0.49494948983192444,1.0704412460327148
33,0.8123689889907837,0.4013105034828186,0.469696968793869,1.5310817956924438
34,0.8249475955963135,0.4075084626674652,0.747474730014801,0.49678587913513184
35,0.8102725148200989,0.42854905128479004,0.4898989796638489,2.433253288269043
36,0.8092243075370789,0.4156796932220459,0.6969696879386902,0.5706870555877686
