epoch,accuracy,loss,val_accuracy,val_loss
0,0.5283018946647644,0.7211010456085205,0.5454545617103577,0.6794338822364807
1,0.6268343925476074,0.6542770266532898,0.5454545617103577,0.7509915232658386
2,0.6677148938179016,0.630709707736969,0.5454545617103577,1.0915998220443726
3,0.6614255905151367,0.6253636479377747,0.5454545617103577,1.6048189401626587
4,0.6761006116867065,0.5968371033668518,0.5454545617103577,2.1247832775115967
5,0.6823899149894714,0.5995006561279297,0.5454545617103577,2.35294771194458
6,0.6645702123641968,0.5986926555633545,0.5454545617103577,2.1392924785614014
7,0.7190775871276855,0.5742402076721191,0.5454545617103577,1.8356150388717651
8,0.7201257944107056,0.5561283230781555,0.5454545617103577,1.469556212425232
9,0.7148846983909607,0.5750235915184021,0.5454545617103577,1.0225671529769897
10,0.7222222089767456,0.5598644018173218,0.5454545617103577,0.8692566752433777
11,0.7201257944107056,0.5510863065719604,0.5454545617103577,0.7646641731262207
12,0.75262051820755,0.5275542140007019,0.5454545617103577,0.8568946123123169
13,0.7368972897529602,0.5375390648841858,0.5454545617103577,0.6854410767555237
14,0.7589098811149597,0.5248047709465027,0.5151515007019043,0.9493703246116638
15,0.7431865930557251,0.5293467044830322,0.5151515007019043,0.8730986714363098
16,0.75157231092453,0.5310456156730652,0.5,0.76021808385849
17,0.7693920135498047,0.512181282043457,0.5404040217399597,1.0203983783721924
18,0.7536687850952148,0.5199258327484131,0.4747474789619446,0.9482271671295166
19,0.7714884877204895,0.5046235918998718,0.33838382363319397,1.1559381484985352
20,0.7578616142272949,0.5067490935325623,0.4898989796638489,1.0286132097244263
21,0.7683438062667847,0.48503345251083374,0.5252525210380554,1.344014048576355
22,0.7819706201553345,0.4792611598968506,0.5303030014038086,1.0089213848114014
23,0.795597493648529,0.47018352150917053,0.4848484992980957,1.3200873136520386
24,0.7882599830627441,0.46785321831703186,0.5151515007019043,0.8334322571754456
25,0.7882599830627441,0.46467968821525574,0.5454545617103577,0.8568245768547058
