epoch,accuracy,loss,val_accuracy,val_loss
0,0.5607966184616089,0.6861931681632996,0.5454545617103577,0.7201794981956482
1,0.653039813041687,0.6338009834289551,0.5454545617103577,1.1026701927185059
2,0.6436058878898621,0.6194730401039124,0.5454545617103577,1.91292405128479
3,0.6771488189697266,0.6040948629379272,0.5454545617103577,2.629621982574463
4,0.6677148938179016,0.6079985499382019,0.5454545617103577,3.1549301147460938
5,0.6907756924629211,0.5793390274047852,0.5454545617103577,3.339607000350952
6,0.7085953950881958,0.565578281879425,0.5454545617103577,3.2003376483917236
7,0.6813417077064514,0.5836701393127441,0.5454545617103577,2.4489049911499023
8,0.7180293798446655,0.557217001914978,0.5454545617103577,1.714748501777649
9,0.704402506351471,0.5654706954956055,0.5454545617103577,1.1437863111495972
10,0.7117400169372559,0.5618517994880676,0.5454545617103577,0.7432811856269836
11,0.7285115122795105,0.5362071990966797,0.5454545617103577,0.8992784023284912
12,0.7463312149047852,0.5246199369430542,0.6111111044883728,0.4733790457248688
13,0.7452830076217651,0.5205883979797363,0.8989899158477783,0.4340486228466034
14,0.7337526082992554,0.5363186001777649,0.5404040217399597,0.7887126207351685
15,0.7557651996612549,0.5284808874130249,0.5252525210380554,0.6149805784225464
16,0.7442348003387451,0.515106201171875,0.4595959484577179,0.9460563063621521
17,0.7704402804374695,0.4977295994758606,0.5808081030845642,0.6233029365539551
18,0.7809224128723145,0.47218161821365356,0.5202020406723022,1.6806373596191406
19,0.7788259983062744,0.4868276119232178,0.4141414165496826,1.190576434135437
20,0.7683438062667847,0.49206963181495667,0.6767676472663879,0.5786743760108948
21,0.7798742055892944,0.47602739930152893,0.5454545617103577,1.4926494359970093
22,0.7756813168525696,0.48411381244659424,0.5555555820465088,0.6955781579017639
23,0.7935010194778442,0.4614240527153015,0.8585858345031738,0.4926811754703522
24,0.7714884877204895,0.4639558494091034,0.5454545617103577,2.4973814487457275
25,0.801886796951294,0.44786012172698975,0.43939393758773804,1.12181556224823
26,0.7788259983062744,0.46806320548057556,0.2929292917251587,0.8593562841415405
27,0.7851153016090393,0.4659891128540039,0.5404040217399597,1.5821917057037354
28,0.8092243075370789,0.42861035466194153,0.5202020406723022,1.4664466381072998
29,0.8270440101623535,0.4111226201057434,0.28282827138900757,1.5802206993103027
30,0.801886796951294,0.4507545828819275,0.4343434274196625,1.8948204517364502
31,0.8008385896682739,0.44853517413139343,0.26767677068710327,0.9959061741828918
32,0.795597493648529,0.43963104486465454,0.5555555820465088,0.7453798055648804
33,0.8259958028793335,0.4214574694633484,0.4292929172515869,0.7882868647575378
34,0.7987421154975891,0.4345240890979767,0.5454545617103577,1.9197365045547485
35,0.8249475955963135,0.40356940031051636,0.5353535413742065,1.1878305673599243
36,0.8207547068595886,0.3893411159515381,0.5555555820465088,0.818145751953125
37,0.8134171962738037,0.4223777651786804,0.4444444477558136,2.550834894180298
38,0.8270440101623535,0.3912219703197479,0.43939393758773804,1.2558505535125732
