epoch,accuracy,loss,val_accuracy,val_loss
0,0.5345911979675293,0.7054400444030762,0.5454545617103577,0.707220196723938
1,0.6320754885673523,0.6354427933692932,0.5454545617103577,1.0491260290145874
2,0.6876310110092163,0.6063429117202759,0.5454545617103577,1.7323824167251587
3,0.6897274851799011,0.5844814777374268,0.5454545617103577,2.340771198272705
4,0.697064995765686,0.5953726172447205,0.5454545617103577,2.657421588897705
5,0.7106918096542358,0.5733433365821838,0.5454545617103577,2.7245726585388184
6,0.6928721070289612,0.5771671533584595,0.5454545617103577,2.4141998291015625
7,0.7264150977134705,0.5606942772865295,0.5454545617103577,1.9242444038391113
8,0.7222222089767456,0.5571248531341553,0.5454545617103577,1.631414532661438
9,0.7106918096542358,0.5292629599571228,0.5454545617103577,1.1912258863449097
10,0.75262051820755,0.5193266272544861,0.5454545617103577,0.696890115737915
11,0.74947589635849,0.5303361415863037,0.5454545617103577,0.6095438003540039
12,0.7662473917007446,0.5244868993759155,0.5454545617103577,0.7154645919799805
13,0.7651991844177246,0.5161573886871338,0.5454545617103577,1.216196060180664
14,0.7641509175300598,0.5016454458236694,0.6111111044883728,0.5972251892089844
15,0.7631027102470398,0.4912385642528534,0.5505050420761108,0.7560184597969055
16,0.7714884877204895,0.4671119451522827,0.5,1.4973609447479248
17,0.7651991844177246,0.49279817938804626,0.3737373650074005,1.3960155248641968
18,0.794549286365509,0.45684564113616943,0.47979798913002014,1.750365138053894
19,0.7840670943260193,0.4711099863052368,0.3737373650074005,1.0094362497329712
20,0.7798742055892944,0.47348010540008545,0.5050504803657532,1.1435284614562988
21,0.7756813168525696,0.4662465453147888,0.4343434274196625,0.9750524163246155
22,0.802935004234314,0.4409690797328949,0.5101010203361511,1.7112737894058228
23,0.7935010194778442,0.4584730267524719,0.4747474789619446,1.0637892484664917
24,0.7872117161750793,0.4449543356895447,0.5404040217399597,1.2696484327316284
25,0.8102725148200989,0.4517289996147156,0.4747474789619446,1.1833341121673584
26,0.7893081903457642,0.42441582679748535,0.5404040217399597,1.503151774406433
27,0.8092243075370789,0.4170635938644409,0.43939393758773804,1.059558629989624
28,0.801886796951294,0.42924174666404724,0.4191919267177582,1.2312428951263428
29,0.8155136108398438,0.4035656154155731,0.3787878751754761,1.6053282022476196
30,0.7851153016090393,0.4458067715167999,0.4141414165496826,1.1945524215698242
31,0.8144654035568237,0.408419668674469,0.5353535413742065,1.730402946472168
32,0.8102725148200989,0.4092353582382202,0.5151515007019043,1.6735951900482178
33,0.8228511810302734,0.400606244802475,0.5404040217399597,1.3844510316848755
34,0.8259958028793335,0.39077261090278625,0.7979797720909119,0.4600268602371216
35,0.802935004234314,0.41078823804855347,0.5353535413742065,2.5666921138763428
36,0.8364779949188232,0.387708842754364,0.5303030014038086,2.031123161315918
37,0.8343815803527832,0.3800751864910126,0.5454545617103577,1.7811909914016724
38,0.8301886916160583,0.39578816294670105,0.5151515007019043,1.4326199293136597
39,0.8301886916160583,0.39024022221565247,0.5454545617103577,1.5865058898925781
40,0.8186582922935486,0.39933285117149353,0.5454545617103577,0.9408096075057983
41,0.8385744094848633,0.3711250126361847,0.5353535413742065,0.7746360898017883
42,0.8343815803527832,0.3814340829849243,0.8030303120613098,0.44794565439224243
43,0.8406708836555481,0.3600638210773468,0.5454545617103577,1.5726051330566406
44,0.848008394241333,0.35666295886039734,0.5454545617103577,1.474521517753601
45,0.8459119200706482,0.37320396304130554,0.5151515007019043,1.8343346118927002
46,0.8459119200706482,0.362557977437973,0.5707070827484131,0.7787152528762817
47,0.849056601524353,0.3486357033252716,0.5151515007019043,1.4111069440841675
48,0.8616352081298828,0.3235263228416443,0.5808081030845642,0.9144502282142639
49,0.8459119200706482,0.32795020937919617,0.8434343338012695,0.36402520537376404
