epoch,accuracy,loss,val_accuracy,val_loss
0,0.597484290599823,0.685881495475769,0.5454545617103577,0.7223646640777588
1,0.6477987170219421,0.6382423043251038,0.5454545617103577,0.9655817747116089
2,0.6572327017784119,0.6169815063476562,0.5454545617103577,1.4256455898284912
3,0.6771488189697266,0.6153618097305298,0.5454545617103577,1.968520998954773
4,0.6918238997459412,0.586201548576355,0.5454545617103577,2.324657917022705
5,0.7002096176147461,0.5912486910820007,0.5454545617103577,2.4474854469299316
6,0.6991614103317261,0.5584774017333984,0.5454545617103577,2.421631097793579
7,0.6991614103317261,0.5671648979187012,0.5454545617103577,1.949572205543518
8,0.7085953950881958,0.5565563440322876,0.5454545617103577,1.3775345087051392
9,0.7159329056739807,0.5635726451873779,0.5454545617103577,0.8217554092407227
10,0.7348008155822754,0.5360246300697327,0.5454545617103577,0.7414056658744812
11,0.7358490824699402,0.5445836186408997,0.5454545617103577,0.6285253167152405
12,0.7410901188850403,0.5273452997207642,0.5454545617103577,0.5075234770774841
13,0.7557651996612549,0.519946813583374,0.5454545617103577,0.6395218968391418
14,0.74947589635849,0.520633339881897,0.5404040217399597,0.5900368094444275
15,0.75262051820755,0.5043236017227173,0.5151515007019043,0.6769582033157349
16,0.7557651996612549,0.5030044317245483,0.4747474789619446,0.8867483139038086
17,0.7756813168525696,0.5069965720176697,0.4848484992980957,1.4875234365463257
18,0.7683438062667847,0.4886188209056854,0.469696968793869,1.1371042728424072
19,0.7788259983062744,0.47018417716026306,0.5353535413742065,0.7803530693054199
20,0.7861635088920593,0.47339606285095215,0.5454545617103577,0.9685231447219849
21,0.7903563976287842,0.4692517817020416,0.5404040217399597,1.8711286783218384
22,0.7976939082145691,0.45351436734199524,0.9242424368858337,0.41433292627334595
23,0.7620545029640198,0.4981454014778137,0.31313130259513855,1.4726556539535522
24,0.7935010194778442,0.45262855291366577,0.46464645862579346,1.0939449071884155
25,0.7966457009315491,0.45543545484542847,0.5252525210380554,1.4931082725524902
26,0.7935010194778442,0.45467519760131836,0.5353535413742065,1.184840440750122
27,0.8092243075370789,0.46386587619781494,0.5353535413742065,1.5301223993301392
28,0.7914046049118042,0.4455634355545044,0.4747474789619446,0.8014025688171387
29,0.794549286365509,0.45802274346351624,0.5050504803657532,1.1141997575759888
30,0.7893081903457642,0.4571003019809723,0.5454545617103577,1.2847243547439575
31,0.802935004234314,0.4252563714981079,0.5,0.9616038203239441
32,0.8102725148200989,0.4138665497303009,0.7878788113594055,0.442674458026886
33,0.8102725148200989,0.43498462438583374,0.5454545617103577,1.4611899852752686
34,0.8176100850105286,0.42105042934417725,0.5454545617103577,1.395799160003662
35,0.7830188870429993,0.43208760023117065,0.5404040217399597,2.1284477710723877
36,0.8218029141426086,0.3858465552330017,0.5252525210380554,0.9187198281288147
37,0.8280922174453735,0.3846023976802826,0.4444444477558136,1.3493856191635132
38,0.8249475955963135,0.3913547992706299,0.5959596037864685,0.7835878133773804
39,0.803983211517334,0.4303250312805176,0.5454545617103577,0.8970697522163391
40,0.8228511810302734,0.3847176134586334,0.47979798913002014,0.8514193892478943
41,0.8291404843330383,0.3690861761569977,0.5404040217399597,1.4413723945617676
42,0.8364779949188232,0.3808405101299286,0.43939393758773804,2.2479333877563477
43,0.8459119200706482,0.36643674969673157,0.9040403962135315,0.22573991119861603
44,0.8333333134651184,0.3745231628417969,0.5454545617103577,2.092108726501465
45,0.8417190909385681,0.36237382888793945,0.5404040217399597,1.2272974252700806
46,0.8417190909385681,0.36125290393829346,0.4141414165496826,0.8559772372245789
47,0.8563941121101379,0.35090842843055725,0.5454545617103577,2.373699903488159
48,0.8333333134651184,0.3721514642238617,0.5,1.845416784286499
49,0.849056601524353,0.34969502687454224,0.5454545617103577,2.7617599964141846
