epoch,accuracy,loss,val_accuracy,val_loss
0,0.5870020985603333,0.6908349990844727,0.5454545617103577,0.7414488196372986
1,0.650943398475647,0.634398341178894,0.5454545617103577,1.1294714212417603
2,0.6886792182922363,0.6054463386535645,0.5454545617103577,1.8105064630508423
3,0.6719077825546265,0.5981866121292114,0.5454545617103577,2.488888740539551
4,0.7096436023712158,0.5774983167648315,0.5454545617103577,2.955846071243286
5,0.7012578845024109,0.5742399096488953,0.5454545617103577,3.125020980834961
6,0.7023060917854309,0.5714501142501831,0.5454545617103577,2.728039264678955
7,0.7358490824699402,0.5502023100852966,0.5454545617103577,2.2808377742767334
8,0.7306079864501953,0.5436355471611023,0.5454545617103577,1.6707831621170044
9,0.7085953950881958,0.5590221881866455,0.5454545617103577,1.1965031623840332
10,0.7442348003387451,0.527550995349884,0.5454545617103577,0.6407037973403931
11,0.74737948179245,0.519444465637207,0.5454545617103577,0.6627503037452698
12,0.7704402804374695,0.5029521584510803,0.5454545617103577,0.8729405403137207
13,0.7463312149047852,0.5200695991516113,0.5454545617103577,1.3494279384613037
14,0.7704402804374695,0.5107669234275818,0.5404040217399597,0.9285751581192017
15,0.7777777910232544,0.49381452798843384,0.5303030014038086,0.9748079180717468
16,0.795597493648529,0.4689660668373108,0.6060606241226196,0.6357759237289429
17,0.7672955989837646,0.48903781175613403,0.6212121248245239,0.5971457958221436
18,0.7756813168525696,0.47992318868637085,0.5151515007019043,0.8263489603996277
19,0.7914046049118042,0.48301562666893005,0.4595959484577179,0.7966117262840271
20,0.7662473917007446,0.4788738787174225,0.5353535413742065,1.3645031452178955
21,0.7798742055892944,0.4798465967178345,0.5303030014038086,1.1379505395889282
22,0.7798742055892944,0.4588598608970642,0.5353535413742065,1.727492094039917
23,0.7914046049118042,0.4464578628540039,0.31313130259513855,1.6713976860046387
24,0.7997903823852539,0.45187562704086304,0.5050504803657532,1.1617432832717896
25,0.803983211517334,0.4368371367454529,0.5555555820465088,0.7683615684509277
26,0.8081761002540588,0.4157562851905823,0.5353535413742065,1.4370046854019165
27,0.803983211517334,0.4286684989929199,0.5909090638160706,0.7983104586601257
28,0.8102725148200989,0.42927995324134827,0.469696968793869,1.9361211061477661
29,0.7893081903457642,0.4346407949924469,0.5353535413742065,1.3649723529815674
30,0.803983211517334,0.4192350506782532,0.4040403962135315,1.3297749757766724
31,0.8081761002540588,0.40035730600357056,0.5454545617103577,1.270087480545044
32,0.8092243075370789,0.42377766966819763,0.5353535413742065,1.4799258708953857
33,0.8197064995765686,0.41058045625686646,0.5151515007019043,1.801406741142273
34,0.8301886916160583,0.38728705048561096,0.5454545617103577,2.0056192874908447
35,0.8333333134651184,0.3858395218849182,0.5454545617103577,1.8794612884521484
36,0.8155136108398438,0.4147419333457947,0.49494948983192444,1.554848551750183
37,0.8270440101623535,0.39244306087493896,0.5959596037864685,0.9213597178459167
38,0.8385744094848633,0.3669716715812683,0.5404040217399597,3.533393383026123
39,0.8081761002540588,0.408726304769516,0.9444444179534912,0.30647313594818115
40,0.8385744094848633,0.3717581629753113,0.5454545617103577,1.2050400972366333
41,0.8396226167678833,0.3854933977127075,0.5252525210380554,1.0856963396072388
42,0.846960186958313,0.35548391938209534,0.5858585834503174,0.8004129528999329
43,0.8343815803527832,0.37278589606285095,0.7121211886405945,0.5950623154640198
44,0.8385744094848633,0.35389620065689087,0.5404040217399597,1.914339303970337
45,0.8375262022018433,0.37707066535949707,0.5454545617103577,2.756258964538574
46,0.8364779949188232,0.3653441071510315,0.5454545617103577,1.6854560375213623
47,0.8542976975440979,0.3426142632961273,0.5151515007019043,1.1595189571380615
48,0.8448637127876282,0.34831318259239197,0.5454545617103577,1.2703608274459839
49,0.8605870008468628,0.3304678201675415,0.5454545617103577,1.160875678062439
