epoch,accuracy,loss,val_accuracy,val_loss
0,0.6760351061820984,0.6977834701538086,0.48241207003593445,16.494525909423828
1,0.7518193125724792,0.5510964393615723,0.4773869216442108,8.248038291931152
2,0.7829360365867615,0.47503891587257385,0.3475711941719055,2.031555414199829
3,0.8153073787689209,0.4242015480995178,0.5134003162384033,2.7488598823547363
4,0.8333751559257507,0.3888282775878906,0.5887772440910339,1.5097081661224365
5,0.862484335899353,0.32201752066612244,0.5268006920814514,3.6848292350769043
6,0.8687578439712524,0.3138806223869324,0.5385259389877319,1.777694582939148
7,0.8782935738563538,0.2870280146598816,0.4899497628211975,2.6024234294891357
8,0.8880802989006042,0.2642042636871338,0.45728641748428345,6.254623889923096
9,0.8973650932312012,0.2542911171913147,0.5871021747589111,7.7219414710998535
10,0.907402753829956,0.2276642620563507,0.5100502371788025,5.3696980476379395
11,0.9091593623161316,0.2220621109008789,0.4991624653339386,3.158250331878662
12,0.9159347414970398,0.20889945328235626,0.6256281137466431,6.845400333404541
13,0.9159347414970398,0.2107064425945282,0.428810715675354,5.437914848327637
14,0.9257214665412903,0.19033204019069672,0.6884422302246094,1.7628971338272095
15,0.9309912323951721,0.17398293316364288,0.4380234479904175,5.892914295196533
16,0.9324968457221985,0.1697707623243332,0.37437185645103455,9.821253776550293
17,0.9307402968406677,0.178725004196167,0.5778894424438477,7.167415142059326
18,0.9392722845077515,0.16164365410804749,0.32663315534591675,20.18736457824707
19,0.9327477812767029,0.17035405337810516,0.5502512454986572,4.623915672302246
20,0.9500627517700195,0.12881022691726685,0.4631490707397461,4.908979415893555
21,0.953074038028717,0.12472302466630936,0.4313232898712158,6.3481526374816895
22,0.9457967281341553,0.13953085243701935,0.48324957489967346,3.980729579925537
23,0.9455457925796509,0.1434975415468216,0.6448911428451538,3.817328453063965
24,0.9535759091377258,0.11584468185901642,0.5117253065109253,8.828263282775879
25,0.9588456749916077,0.12340409308671951,0.6331658363342285,5.428872585296631
26,0.955081582069397,0.11094179004430771,0.5343383550643921,5.555642604827881
27,0.962358832359314,0.09713365137577057,0.5745393633842468,8.793014526367188
28,0.9666248559951782,0.09942073374986649,0.5301507711410522,5.236650466918945
29,0.9693852066993713,0.08136127144098282,0.4857621490955353,8.756014823913574
