epoch,accuracy,loss,val_accuracy,val_loss
0,0.6870765089988708,0.6690627932548523,0.48241207003593445,14.524409294128418
1,0.7696361541748047,0.5161694884300232,0.4522612988948822,6.150709629058838
2,0.8052697777748108,0.44531551003456116,0.42043551802635193,1.959972620010376
3,0.8331242203712463,0.397027850151062,0.43299832940101624,4.463795185089111
4,0.8542032837867737,0.3476264774799347,0.4773869216442108,1.4351788759231567
5,0.8700125217437744,0.31855928897857666,0.3601340055465698,3.0667130947113037
6,0.8873274922370911,0.2692772150039673,0.43467336893081665,4.761383056640625
7,0.8986198306083679,0.2454138547182083,0.6356784105300903,3.105577230453491
8,0.9126725196838379,0.22285549342632294,0.5343383550643921,1.6646463871002197
9,0.9099121689796448,0.2214641571044922,0.6256281137466431,2.5435826778411865
10,0.9247176647186279,0.198210671544075,0.45979899168014526,4.868246555328369
11,0.9232120513916016,0.19298671185970306,0.42043551802635193,4.059828758239746
12,0.9284818172454834,0.18666298687458038,0.48241207003593445,5.465272426605225
13,0.9262233376502991,0.18834689259529114,0.46901172399520874,7.3488383293151855
14,0.9322459101676941,0.17526529729366302,0.5770519375801086,3.2137396335601807
15,0.9417816996574402,0.158357173204422,0.5845896005630493,2.7395777702331543
16,0.9347553253173828,0.17202067375183105,0.5427135825157166,3.6156723499298096
17,0.9432873129844666,0.15251165628433228,0.5586264729499817,3.259709596633911
18,0.9432873129844666,0.14222802221775055,0.44556114077568054,4.250699520111084
19,0.9528231024742126,0.11940379440784454,0.3475711941719055,5.33101224899292
20,0.954328715801239,0.12579794228076935,0.5938023328781128,3.8707330226898193
21,0.953074038028717,0.12809304893016815,0.40954774618148804,6.7952141761779785
22,0.9488080143928528,0.13536542654037476,0.37185928225517273,10.23158073425293
23,0.9633626341819763,0.0887836292386055,0.5586264729499817,4.764239311218262
24,0.9575909376144409,0.11047102510929108,0.5242881178855896,9.685441017150879
25,0.9636135697364807,0.10844092816114426,0.48073703050613403,3.5085442066192627
26,0.9673776626586914,0.08290570974349976,0.49581238627433777,4.98662805557251
27,0.961104154586792,0.1072806715965271,0.641541063785553,2.1408071517944336
28,0.9703889489173889,0.07900216430425644,0.48241207003593445,23.292949676513672
29,0.9688833355903625,0.09088513255119324,0.5854271650314331,1.365674614906311
30,0.9691342711448669,0.08371422439813614,0.5988274812698364,3.647603750228882
31,0.9741531014442444,0.07271864265203476,0.4773869216442108,4.4953789710998535
32,0.968381404876709,0.09172282367944717,0.6641541123390198,9.772802352905273
33,0.9759096503257751,0.061403293162584305,0.6013400554656982,4.468480110168457
34,0.9776662588119507,0.06202197074890137,0.6289782524108887,5.284887790679932
35,0.9789209365844727,0.05824142321944237,0.6281406879425049,5.409052848815918
36,0.9821831583976746,0.05161330848932266,0.5753768682479858,4.409428119659424
37,0.973149299621582,0.07308471202850342,0.4681742191314697,12.036239624023438
38,0.975156843662262,0.073554627597332,0.4296482503414154,9.8493013381958
39,0.9809284806251526,0.06050536036491394,0.5971524119377136,4.423754692077637
40,0.9821831583976746,0.05026824027299881,0.7001674771308899,4.836588382720947
41,0.9829360246658325,0.052745271474123,0.6809045076370239,4.07134485244751
42,0.9874529242515564,0.03820431977510452,0.4773869216442108,8.445230484008789
43,0.9809284806251526,0.056081775575876236,0.5544388890266418,3.5837912559509277
44,0.9841907024383545,0.04333330690860748,0.6742043495178223,6.6561479568481445
45,0.9851945042610168,0.051213379949331284,0.4916248023509979,6.11382532119751
46,0.987201988697052,0.0364762544631958,0.7445561289787292,3.2550272941589355
47,0.9937264919281006,0.02456388808786869,0.48241207003593445,12.143335342407227
48,0.9856963753700256,0.0379580482840538,0.7286432385444641,4.232234477996826
49,0.975156843662262,0.07258452475070953,0.5083752274513245,10.847269058227539
