epoch,accuracy,loss,val_accuracy,val_loss
0,0.667754054069519,0.704341471195221,0.48241207003593445,18.524890899658203
1,0.7560853362083435,0.535993218421936,0.48241207003593445,10.488187789916992
2,0.7831869721412659,0.48087483644485474,0.5778894424438477,1.3402208089828491
3,0.8286072611808777,0.40661779046058655,0.4380234479904175,4.880011081695557
4,0.8559598326683044,0.34225937724113464,0.6021775603294373,1.2389132976531982
5,0.8700125217437744,0.30084526538848877,0.5921273231506348,3.326124668121338
6,0.8930991291999817,0.27022039890289307,0.45896148681640625,2.318035840988159
7,0.9043914675712585,0.23065342009067535,0.5025125741958618,3.266361951828003
8,0.9053952097892761,0.24330830574035645,0.46901172399520874,2.60762357711792
9,0.9129234552383423,0.22590753436088562,0.4162479043006897,5.405686378479004
10,0.9171894788742065,0.2159416675567627,0.5234506130218506,3.1469202041625977
11,0.9212045073509216,0.20366719365119934,0.44639864563941956,6.167571067810059
12,0.9277290105819702,0.18626059591770172,0.47152429819107056,4.109018802642822
13,0.940276026725769,0.1658421903848648,0.4137353301048279,8.803756713867188
14,0.9385194182395935,0.1479206532239914,0.5929648280143738,2.757251024246216
15,0.942283570766449,0.14476975798606873,0.55192631483078,5.807647705078125
16,0.9365119338035583,0.16780677437782288,0.4849246144294739,6.0802459716796875
17,0.9417816996574402,0.15247027575969696,0.6122277975082397,8.05455493927002
18,0.9525721669197083,0.12610690295696259,0.6884422302246094,2.254730463027954
19,0.9513174295425415,0.12958356738090515,0.5125628113746643,6.8487162590026855
20,0.9518193006515503,0.12804646790027618,0.5092127323150635,7.4874043464660645
21,0.956336259841919,0.11867837607860565,0.428810715675354,3.7033166885375977
22,0.961104154586792,0.10754123330116272,0.6507537961006165,10.86187744140625
23,0.9598494172096252,0.1164027750492096,0.5226130485534668,4.126926422119141
24,0.9641154408454895,0.10447337478399277,0.5946398377418518,4.086051940917969
25,0.9686324000358582,0.08690493553876877,0.6088777184486389,3.4914608001708984
26,0.9693852066993713,0.08920415490865707,0.5795645117759705,4.827111721038818
27,0.965872049331665,0.09506536275148392,0.47403684258461,3.1354987621307373
28,0.967126727104187,0.09632530808448792,0.454773873090744,7.557483196258545
29,0.9676285982131958,0.08652395755052567,0.5561138987541199,8.191157341003418
