epoch,accuracy,loss,val_accuracy,val_loss
0,0.6810539364814758,0.6769510507583618,0.48241207003593445,16.714387893676758
1,0.7631116509437561,0.5185250639915466,0.48241207003593445,11.787558555603027
2,0.8105395436286926,0.4285431206226349,0.5251256227493286,2.169445753097534
3,0.8381430506706238,0.3716927468776703,0.5845896005630493,2.7483582496643066
4,0.8499372601509094,0.35329946875572205,0.5418760180473328,1.8428449630737305
5,0.8757842183113098,0.2968977689743042,0.43383583426475525,3.754507303237915
6,0.8775407671928406,0.2986835837364197,0.454773873090744,5.381686210632324
7,0.8956085443496704,0.2556985914707184,0.4380234479904175,3.5448830127716064
8,0.907402753829956,0.224713996052742,0.6314907670021057,4.050067901611328
9,0.9129234552383423,0.22587618231773376,0.3919597864151001,6.272714614868164
10,0.9129234552383423,0.2370331734418869,0.5100502371788025,2.870628595352173
11,0.9259724020957947,0.19226670265197754,0.4522612988948822,2.76381778717041
12,0.9314931035041809,0.18563680350780487,0.48408710956573486,5.294126987457275
13,0.9267252087593079,0.18373724818229675,0.48324957489967346,13.355772972106934
14,0.934253454208374,0.1695137470960617,0.714405357837677,1.6860476732254028
15,0.9380175471305847,0.15930324792861938,0.572026789188385,5.1671223640441895
16,0.9375156760215759,0.15387319028377533,0.6180904507637024,7.218894958496094
17,0.9442911148071289,0.1487089991569519,0.4907872676849365,3.819459915161133
18,0.9518193006515503,0.12462890148162842,0.5318257808685303,2.9214749336242676
19,0.9565871953964233,0.1164841428399086,0.6641541123390198,2.407355785369873
20,0.9558343887329102,0.11949227750301361,0.5284757018089294,3.861729383468628
21,0.9533249735832214,0.12593644857406616,0.48073703050613403,6.053353309631348
22,0.9575909376144409,0.11310349404811859,0.4857621490955353,4.516794681549072
23,0.9558343887329102,0.121302030980587,0.4782244563102722,7.7277703285217285
24,0.9616060256958008,0.10219448804855347,0.5368509292602539,3.6725995540618896
25,0.9548305869102478,0.12129870802164078,0.5778894424438477,10.146889686584473
26,0.9643663763999939,0.09470587968826294,0.623953104019165,5.0884552001953125
27,0.9673776626586914,0.08191429078578949,0.4748743772506714,3.3910818099975586
28,0.9693852066993713,0.08814559131860733,0.4748743772506714,7.179351329803467
29,0.965872049331665,0.10113175958395004,0.5418760180473328,3.4926095008850098
30,0.9754077792167664,0.06902989000082016,0.5251256227493286,2.7255918979644775
31,0.9718946218490601,0.0751405879855156,0.4991624653339386,3.0640947818756104
32,0.9761605858802795,0.06619857996702194,0.44807371497154236,6.384829521179199
33,0.9764115214347839,0.07047796994447708,0.6155778765678406,6.152513027191162
34,0.9749059081077576,0.06660445034503937,0.6675041913986206,4.331095218658447
35,0.9786700010299683,0.06710045039653778,0.590452253818512,4.427593231201172
36,0.9786700010299683,0.0642930343747139,0.5569514036178589,7.3818793296813965
37,0.9779171943664551,0.07334796339273453,0.6021775603294373,10.088796615600586
38,0.9829360246658325,0.05125284194946289,0.5293132066726685,4.563129425048828
39,0.9831869602203369,0.04478948563337326,0.6038525700569153,3.340094804763794
