epoch,accuracy,loss,val_accuracy,val_loss
0,0.6722710132598877,0.6921987533569336,0.48241207003593445,13.666766166687012
1,0.7658720016479492,0.516537070274353,0.48241207003593445,6.367056369781494
2,0.8077791929244995,0.4379209578037262,0.6465661525726318,0.8819373846054077
3,0.8414052724838257,0.3574948310852051,0.6591289639472961,2.8216593265533447
4,0.8574655055999756,0.34592682123184204,0.5075376629829407,2.276240587234497
5,0.8782935738563538,0.29800477623939514,0.31407034397125244,5.046860218048096
6,0.884567141532898,0.2819201350212097,0.6448911428451538,1.8439078330993652
7,0.9023839235305786,0.2507545053958893,0.5100502371788025,3.010753870010376
8,0.9116687774658203,0.22459878027439117,0.6030150651931763,2.4159300327301025
9,0.9101631045341492,0.23380611836910248,0.5343383550643921,2.4229533672332764
10,0.9089084267616272,0.2292564958333969,0.5862646698951721,2.7903411388397217
11,0.9116687774658203,0.21929025650024414,0.4891122281551361,5.468094348907471
12,0.9297364950180054,0.17736893892288208,0.37185928225517273,5.160093784332275
13,0.9340025186538696,0.16327425837516785,0.38693466782569885,3.117311716079712
14,0.9319949746131897,0.17911319434642792,0.3450586199760437,4.029315948486328
15,0.9254705309867859,0.18439550697803497,0.4916248023509979,3.699211835861206
16,0.940276026725769,0.15333868563175201,0.45979899168014526,3.536221504211426
17,0.9387704133987427,0.15025022625923157,0.4296482503414154,4.923550605773926
18,0.9445420503616333,0.14719271659851074,0.3802345097064972,9.521480560302734
19,0.9478042721748352,0.1360107809305191,0.6139028668403625,3.4848427772521973
20,0.9480552077293396,0.12782365083694458,0.5544388890266418,2.6664814949035645
21,0.9575909376144409,0.11324834823608398,0.4262981712818146,2.793203830718994
22,0.9590966105461121,0.1186346784234047,0.47236180305480957,5.073268890380859
23,0.9555834531784058,0.11529136449098587,0.660804033279419,3.6096255779266357
24,0.9573400020599365,0.11523014307022095,0.4522612988948822,7.283897399902344
25,0.9631116390228271,0.09596622735261917,0.5410385131835938,8.47931957244873
26,0.9590966105461121,0.10621047019958496,0.37185928225517273,9.09532642364502
27,0.9583438038825989,0.10887043923139572,0.4304857552051544,6.6076979637146
