epoch,accuracy,loss,val_accuracy,val_loss
0,0.6680049896240234,0.6994469165802002,0.48241207003593445,13.023076057434082
1,0.7518193125724792,0.5397210121154785,0.48241207003593445,7.380802154541016
2,0.7974905967712402,0.45870500802993774,0.4882746934890747,3.5348474979400635
3,0.8240903615951538,0.39537227153778076,0.5686767101287842,2.68203067779541
4,0.8451693654060364,0.36320021748542786,0.3902847468852997,5.704787254333496
5,0.870514452457428,0.30991998314857483,0.5661641359329224,2.3740715980529785
6,0.8767879605293274,0.2943571209907532,0.6214405298233032,3.99768328666687
7,0.88381427526474,0.27804940938949585,0.42211055755615234,2.6170473098754883
8,0.9111668467521667,0.23358231782913208,0.6541038751602173,2.260052442550659
9,0.9131743907928467,0.22242015600204468,0.29229480028152466,2.617584705352783
10,0.9191969633102417,0.2120339721441269,0.5217755436897278,3.542004108428955
11,0.9340025186538696,0.18056301772594452,0.4681742191314697,8.736331939697266
12,0.934253454208374,0.1732463240623474,0.5862646698951721,11.227030754089355
13,0.935508131980896,0.17571821808815002,0.5452261567115784,4.765394687652588
14,0.9372647404670715,0.1566237360239029,0.5376884341239929,5.7146382331848145
15,0.9375156760215759,0.17004263401031494,0.4765494167804718,5.049432277679443
16,0.9410288333892822,0.1553214192390442,0.5276381969451904,4.935288906097412
17,0.948306143283844,0.13947004079818726,0.6180904507637024,5.514512538909912
18,0.9468005299568176,0.13680504262447357,0.427973210811615,5.224871635437012
19,0.9485570788383484,0.13572265207767487,0.6867671608924866,5.801456928253174
20,0.9503136873245239,0.13135772943496704,0.6189279556274414,6.659893989562988
21,0.9560853242874146,0.11930842697620392,0.5100502371788025,4.701436519622803
22,0.9538268446922302,0.11388630419969559,0.5050251483917236,2.915013313293457
23,0.9553325176239014,0.11746209859848022,0.5016750693321228,3.9731383323669434
24,0.9570890665054321,0.10894910991191864,0.5226130485534668,7.641468048095703
25,0.9616060256958008,0.10715728998184204,0.428810715675354,4.54348087310791
26,0.9628607034683228,0.10624054819345474,0.4664991497993469,3.0107178688049316
27,0.9641154408454895,0.10196056962013245,0.49497488141059875,16.41219139099121
28,0.9696361422538757,0.09125935286283493,0.6038525700569153,5.5587334632873535
29,0.9663739204406738,0.09649140387773514,0.5988274812698364,3.6127865314483643
30,0.9736511707305908,0.07741031795740128,0.5644891262054443,4.8050336837768555
31,0.9706398844718933,0.08254309743642807,0.5636515617370605,6.131484031677246
32,0.9764115214347839,0.06547484546899796,0.4857621490955353,6.565961837768555
33,0.9769134521484375,0.07283424586057663,0.7294807434082031,5.272739410400391
