epoch,accuracy,loss,val_accuracy,val_loss
0,0.6634880900382996,0.7205874919891357,0.48241207003593445,10.887181282043457
1,0.7493098974227905,0.5629273653030396,0.48241207003593445,5.1896071434021
2,0.7869510650634766,0.4726269841194153,0.5569514036178589,2.5562937259674072
3,0.8110414147377014,0.42095986008644104,0.6599665284156799,1.5506736040115356
4,0.8378921151161194,0.3759182095527649,0.25879397988319397,3.440936326980591
5,0.8459222316741943,0.36662614345550537,0.4170854389667511,2.7799768447875977
6,0.8770388960838318,0.29017218947410583,0.41206029057502747,4.179885387420654
7,0.8772898316383362,0.2978403866291046,0.5979899764060974,2.4863736629486084
8,0.8795483112335205,0.28949686884880066,0.5971524119377136,2.4827513694763184
9,0.9126725196838379,0.22694091498851776,0.4656616449356079,4.6181230545043945
10,0.9063990116119385,0.2330721914768219,0.356783926486969,8.302215576171875
11,0.9058971405029297,0.23468397557735443,0.5368509292602539,12.033918380737305
12,0.9151819348335266,0.21752560138702393,0.3458961546421051,4.117408752441406
13,0.9262233376502991,0.1882752776145935,0.49664992094039917,4.288149833679199
14,0.9329987168312073,0.18368583917617798,0.5226130485534668,5.2256693840026855
15,0.9304893612861633,0.17990849912166595,0.5385259389877319,2.5191292762756348
16,0.9447929859161377,0.1467042863368988,0.4782244563102722,7.545433044433594
17,0.9377666115760803,0.15152192115783691,0.571189284324646,6.314391136169434
18,0.9360100626945496,0.16892564296722412,0.47403684258461,2.2221481800079346
19,0.9447929859161377,0.14057031273841858,0.4899497628211975,7.77659797668457
20,0.9488080143928528,0.12901397049427032,0.5670017004013062,5.194960594177246
21,0.9495608806610107,0.13802653551101685,0.5644891262054443,6.337993144989014
22,0.9533249735832214,0.1284450888633728,0.4656616449356079,5.581900119781494
23,0.9573400020599365,0.11220557987689972,0.6180904507637024,6.1920552253723145
24,0.9598494172096252,0.1061285063624382,0.48241207003593445,38.22785949707031
25,0.9598494172096252,0.11342233419418335,0.5510887503623962,4.955564022064209
26,0.9646173119544983,0.09672755002975464,0.694304883480072,3.9736435413360596
27,0.9575909376144409,0.10863082110881805,0.571189284324646,5.255321025848389
28,0.9636135697364807,0.11500107496976852,0.5418760180473328,3.7030482292175293
