epoch,accuracy,loss,val_accuracy,val_loss
0,0.6878293752670288,0.6590286493301392,0.48241207003593445,14.550076484680176
1,0.777917206287384,0.48460647463798523,0.48241207003593445,9.216825485229492
2,0.8333751559257507,0.38872119784355164,0.5670017004013062,1.4140621423721313
3,0.8439146876335144,0.3617059290409088,0.4916248023509979,2.9633326530456543
4,0.8609786629676819,0.32637813687324524,0.44891121983528137,2.395698070526123
5,0.8740276098251343,0.30301570892333984,0.6365159153938293,2.039597272872925
6,0.888582170009613,0.2769797742366791,0.43216079473495483,1.6517494916915894
7,0.9031367897987366,0.24504312872886658,0.5376884341239929,3.6800339221954346
8,0.9129234552383423,0.2268022745847702,0.5276381969451904,2.710844039916992
9,0.9041405320167542,0.23105444014072418,0.4170854389667511,2.2943170070648193
10,0.9144291281700134,0.22411565482616425,0.5284757018089294,3.981388568878174
11,0.9252195954322815,0.18814654648303986,0.4405360221862793,5.154085159301758
12,0.9204517006874084,0.20416702330112457,0.48241207003593445,4.921492576599121
13,0.9204517006874084,0.18661963939666748,0.4664991497993469,1.8412210941314697
14,0.9314931035041809,0.1736883819103241,0.5996649861335754,3.960573196411133
15,0.9352571964263916,0.1630897969007492,0.5510887503623962,3.7960293292999268
16,0.940276026725769,0.15400369465351105,0.3065326511859894,5.154913902282715
17,0.9337515830993652,0.17040587961673737,0.4773869216442108,4.0954999923706055
18,0.9475533366203308,0.13367709517478943,0.6139028668403625,5.186343193054199
19,0.9430363774299622,0.14516402781009674,0.5628140568733215,3.763390064239502
20,0.9447929859161377,0.14177565276622772,0.4497487545013428,7.3306427001953125
21,0.947051465511322,0.12564131617546082,0.383584588766098,6.885770797729492
22,0.956336259841919,0.10958391427993774,0.38693466782569885,5.974079608917236
23,0.9583438038825989,0.11696469038724899,0.6264656782150269,5.016838550567627
24,0.9505646228790283,0.1287386119365692,0.4070351719856262,12.715414047241211
25,0.9595984816551208,0.10990671068429947,0.4514237940311432,7.6791582107543945
26,0.9616060256958008,0.09753236919641495,0.5142378807067871,2.874580144882202
27,0.9646173119544983,0.08990632742643356,0.49329984188079834,5.512088775634766
