epoch,accuracy,loss,val_accuracy,val_loss
0,0.6524466872215271,0.7487547993659973,0.48241207003593445,10.006237983703613
1,0.746298611164093,0.5689436197280884,0.4522612988948822,4.235965251922607
2,0.7728983759880066,0.49189120531082153,0.4865996539592743,3.260406255722046
3,0.8185696601867676,0.419914573431015,0.34840869903564453,2.157282829284668
4,0.8341279625892639,0.39014890789985657,0.45812395215034485,2.8478760719299316
5,0.8549560904502869,0.3405967056751251,0.42294806241989136,5.031419277191162
6,0.8775407671928406,0.29885128140449524,0.7194305062294006,1.8427343368530273
7,0.8961104154586792,0.27102234959602356,0.4757118821144104,9.75707721710205
8,0.8956085443496704,0.24888792634010315,0.47403684258461,3.836543560028076
9,0.9096612334251404,0.2298218160867691,0.4162479043006897,6.177480697631836
10,0.9161856770515442,0.22646743059158325,0.22278057038784027,5.153188705444336
11,0.9111668467521667,0.22832922637462616,0.5242881178855896,2.2884883880615234
12,0.9237139225006104,0.19796907901763916,0.3919597864151001,6.561728477478027
13,0.9284818172454834,0.17808100581169128,0.3793969750404358,5.941199779510498
14,0.9370138049125671,0.1700415462255478,0.4681742191314697,7.823416233062744
15,0.9367628693580627,0.16896973550319672,0.4070351719856262,3.796713352203369
16,0.9372647404670715,0.16896945238113403,0.5092127323150635,7.608907222747803
17,0.9445420503616333,0.14905889332294464,0.49246230721473694,3.5694386959075928
18,0.9432873129844666,0.15071052312850952,0.48241207003593445,8.390154838562012
19,0.9397741556167603,0.1593211591243744,0.5226130485534668,3.1765692234039307
20,0.9462985992431641,0.14031986892223358,0.5586264729499817,4.971505165100098
21,0.9442911148071289,0.14986270666122437,0.4765494167804718,6.375131607055664
22,0.9462985992431641,0.13774904608726501,0.6331658363342285,2.9480888843536377
23,0.9513174295425415,0.12445881962776184,0.6130653023719788,3.4088499546051025
24,0.9538268446922302,0.12146957963705063,0.5628140568733215,9.00355339050293
25,0.9573400020599365,0.11901252716779709,0.4078727066516876,6.6172637939453125
26,0.9598494172096252,0.105096235871315,0.46901172399520874,7.068290710449219
27,0.9590966105461121,0.10386555641889572,0.5929648280143738,4.818065643310547
28,0.9653701186180115,0.09175357967615128,0.4413735270500183,4.020198345184326
29,0.961104154586792,0.11261076480150223,0.6742043495178223,5.139675617218018
30,0.9681304693222046,0.08848805725574493,0.4036850929260254,5.728707313537598
31,0.9686324000358582,0.08552293479442596,0.5586264729499817,3.4695613384246826
