epoch,accuracy,loss,val_accuracy,val_loss
0,0.6835633516311646,0.6700435876846313,0.48241207003593445,13.728765487670898
1,0.7688832879066467,0.5096542239189148,0.4522612988948822,6.364360809326172
2,0.8138017654418945,0.4196421802043915,0.7487437129020691,1.1760376691818237
3,0.8311166763305664,0.39077988266944885,0.6021775603294373,1.8343802690505981
4,0.8597239851951599,0.35394808650016785,0.4254606366157532,2.8866891860961914
5,0.8752822875976562,0.30133533477783203,0.1314907819032669,4.918309688568115
6,0.8963613510131836,0.26277047395706177,0.42211055755615234,6.431373119354248
7,0.8958594799041748,0.25756505131721497,0.45561137795448303,3.427414894104004
8,0.9018820524215698,0.2456805408000946,0.3458961546421051,5.926262378692627
9,0.9156838059425354,0.21989382803440094,0.48241207003593445,5.132301330566406
10,0.9186950922012329,0.20148223638534546,0.5670017004013062,1.91550874710083
11,0.9337515830993652,0.17765501141548157,0.6130653023719788,5.259438514709473
12,0.923462986946106,0.18915005028247833,0.5443885922431946,2.232813596725464
13,0.929485559463501,0.16979645192623138,0.5670017004013062,2.7961676120758057
14,0.934253454208374,0.1694868803024292,0.5644891262054443,2.500105381011963
15,0.9377666115760803,0.15719535946846008,0.3601340055465698,14.910805702209473
16,0.9319949746131897,0.17011156678199768,0.6222780346870422,3.047689914703369
17,0.9397741556167603,0.152383491396904,0.5025125741958618,4.6030120849609375
18,0.9500627517700195,0.13730955123901367,0.6809045076370239,3.545808792114258
19,0.9560853242874146,0.11363039910793304,0.6097152233123779,4.375339508056641
20,0.9473024010658264,0.1415967494249344,0.6088777184486389,4.971090316772461
21,0.9473024010658264,0.13040900230407715,0.5544388890266418,3.8622090816497803
22,0.9578419327735901,0.1120569109916687,0.5025125741958618,4.088099002838135
23,0.9488080143928528,0.13365162909030914,0.6549413800239563,3.4307966232299805
24,0.9595984816551208,0.11007339507341385,0.6591289639472961,3.2039148807525635
25,0.9643663763999939,0.09870705753564835,0.4664991497993469,6.438591003417969
26,0.9643663763999939,0.09359867870807648,0.48408710956573486,17.890085220336914
27,0.9628607034683228,0.10219501703977585,0.695142388343811,4.690927505493164
