epoch,accuracy,loss,val_accuracy,val_loss
0,0.5126725435256958,0.9852912425994873,0.6448911428451538,0.9552320837974548
1,0.5972396731376648,0.7840995788574219,0.591289758682251,0.9127889275550842
2,0.6971141695976257,0.6256442070007324,0.5083752274513245,1.3703969717025757
3,0.7247176766395569,0.5558902025222778,0.6750418543815613,1.3115731477737427
4,0.7350062727928162,0.541912317276001,0.6331658363342285,1.5605440139770508
5,0.7565872073173523,0.49472659826278687,0.6122277975082397,1.6410444974899292
6,0.7636135220527649,0.4802554249763489,0.6130653023719788,1.9297523498535156
7,0.7864491939544678,0.44650858640670776,0.6691792011260986,1.9503934383392334
8,0.7989962100982666,0.42813077569007874,0.6105527877807617,2.3907012939453125
9,0.793224573135376,0.4311161935329437,0.6348408460617065,2.4511184692382812
10,0.7959849238395691,0.424795001745224,0.6063651442527771,2.925679922103882
11,0.8082810640335083,0.42392072081565857,0.6130653023719788,2.531033754348755
12,0.8170639872550964,0.3814162611961365,0.6164153814315796,2.412851333618164
13,0.8255959749221802,0.37402772903442383,0.6189279556274414,3.115724802017212
14,0.8293601274490356,0.37776485085487366,0.6038525700569153,3.049740791320801
15,0.8293601274490356,0.37052756547927856,0.6457286477088928,3.1916708946228027
16,0.8454203009605408,0.34897586703300476,0.6524288058280945,3.4999735355377197
17,0.8499372601509094,0.3259972631931305,0.572864294052124,3.8522279262542725
18,0.8506900668144226,0.3349400758743286,0.623115599155426,3.9842801094055176
19,0.8401505351066589,0.3463340699672699,0.6331658363342285,2.7477991580963135
20,0.8499372601509094,0.3461216688156128,0.5954774022102356,2.686377763748169
21,0.8609786629676819,0.31866300106048584,0.6340033411979675,3.4289093017578125
22,0.8680050373077393,0.29459965229034424,0.6130653023719788,3.1119401454925537
23,0.8787955045700073,0.27230921387672424,0.6072027087211609,4.586208343505859
24,0.8933500647544861,0.2539178729057312,0.6356784105300903,4.942842483520508
25,0.9099121689796448,0.22357496619224548,0.5979899764060974,4.224918365478516
26,0.8820577263832092,0.26937606930732727,0.623115599155426,3.9860000610351562
