epoch,accuracy,loss,val_accuracy,val_loss
0,0.5121706128120422,0.9823679327964783,0.48241207003593445,1.043529987335205
1,0.5447929501533508,0.8439654111862183,0.6582914590835571,0.8522117137908936
2,0.6542032361030579,0.6977964639663696,0.6683416962623596,0.9047902822494507
3,0.71342533826828,0.5834730863571167,0.6314907670021057,1.2137081623077393
4,0.7382684946060181,0.5293846130371094,0.6448911428451538,1.4855421781539917
5,0.7548305988311768,0.4984058737754822,0.6373534202575684,1.9747191667556763
6,0.7648682594299316,0.4779548943042755,0.6046901345252991,1.7426013946533203
7,0.7646173238754272,0.4753991365432739,0.6256281137466431,2.1462783813476562
8,0.7686323523521423,0.46239784359931946,0.6030150651931763,2.178406000137329
9,0.7856963872909546,0.43636295199394226,0.6055276393890381,2.360671043395996
10,0.7902132868766785,0.43125101923942566,0.6348408460617065,2.31782865524292
11,0.8010037541389465,0.41875141859054565,0.6222780346870422,3.03391432762146
12,0.8077791929244995,0.3992933928966522,0.589614748954773,3.258399248123169
13,0.7959849238395691,0.40628570318222046,0.6038525700569153,3.1390159130096436
14,0.8230865597724915,0.38120555877685547,0.6021775603294373,3.0216691493988037
15,0.8210790753364563,0.37442582845687866,0.6013400554656982,3.420769453048706
16,0.8215809464454651,0.37545791268348694,0.6842545866966248,3.3587076663970947
17,0.8456712961196899,0.3426615297794342,0.6448911428451538,3.740344285964966
18,0.8361355066299438,0.35115405917167664,0.623115599155426,2.913881778717041
19,0.8504391312599182,0.3408510088920593,0.6934673190116882,5.250508785247803
20,0.862484335899353,0.31041237711906433,0.6482412219047546,4.421819686889648
21,0.8584692478179932,0.3196495771408081,0.6381909251213074,4.018332481384277
22,0.8547051548957825,0.33802732825279236,0.660804033279419,4.377415657043457
23,0.8958594799041748,0.2540747821331024,0.661641538143158,6.049743175506592
24,0.8983688950538635,0.23177026212215424,0.6742043495178223,5.879936695098877
25,0.9129234552383423,0.22531190514564514,0.6222780346870422,5.762551307678223
26,0.9011292457580566,0.2406042218208313,0.6457286477088928,5.590521812438965
