epoch,accuracy,loss,val_accuracy,val_loss
0,0.5126725435256958,0.9819444417953491,0.6055276393890381,0.9471513032913208
1,0.5525721311569214,0.8399122357368469,0.6013400554656982,0.8614321947097778
2,0.6642408967018127,0.681357204914093,0.5954774022102356,0.8521922826766968
3,0.7234629988670349,0.6000765562057495,0.6147403717041016,0.8858116269111633
4,0.7570890784263611,0.5340478420257568,0.5611390471458435,1.0895719528198242
5,0.7606022357940674,0.5134590268135071,0.6088777184486389,1.0881857872009277
6,0.7841907143592834,0.4723246395587921,0.5745393633842468,1.1135013103485107
7,0.8075282573699951,0.4369504451751709,0.6273031830787659,1.1263731718063354
8,0.7756587266921997,0.507566511631012,0.5996649861335754,1.1509661674499512
9,0.8143036365509033,0.41945526003837585,0.6306532621383667,1.2518362998962402
10,0.8253450393676758,0.3945218026638031,0.6323283314704895,1.2885078191757202
11,0.8348808288574219,0.3925149738788605,0.6356784105300903,1.1719831228256226
12,0.816813051700592,0.4297317564487457,0.6348408460617065,1.3424012660980225
13,0.8393977284431458,0.36981046199798584,0.6323283314704895,1.7695653438568115
14,0.8559598326683044,0.33440276980400085,0.642378568649292,1.7165650129318237
15,0.8559598326683044,0.3310304880142212,0.6566163897514343,1.8559993505477905
16,0.8772898316383362,0.29914796352386475,0.6566163897514343,2.4123570919036865
17,0.8715181946754456,0.30014246702194214,0.6591289639472961,2.264352798461914
18,0.862484335899353,0.3255520462989807,0.6825795769691467,1.9773544073104858
19,0.8875784277915955,0.2664676010608673,0.6499162316322327,2.346160411834717
20,0.882559597492218,0.2725425958633423,0.6549413800239563,2.187427043914795
21,0.8958594799041748,0.25758475065231323,0.6675041913986206,2.64685320854187
22,0.8943538069725037,0.2509346902370453,0.6892797350883484,2.704450845718384
23,0.9036386609077454,0.23680269718170166,0.661641538143158,3.030258893966675
24,0.910664975643158,0.2174960970878601,0.6381909251213074,3.962730646133423
25,0.9051442742347717,0.23535209894180298,0.6348408460617065,2.5730137825012207
26,0.9207026362419128,0.19609321653842926,0.6691792011260986,4.019850730895996
27,0.9139271974563599,0.2074003964662552,0.64405357837677,3.8897948265075684
