epoch,accuracy,loss,val_accuracy,val_loss
0,0.5096612572669983,1.0026475191116333,0.6097152233123779,0.9650424718856812
1,0.5222082734107971,0.9028346538543701,0.6197655200958252,0.8237646818161011
2,0.6042659878730774,0.7548133730888367,0.500837504863739,0.994070291519165
3,0.7081555724143982,0.6076436638832092,0.6859296560287476,0.9013503193855286
4,0.7375156879425049,0.5578335523605347,0.661641538143158,1.0466641187667847
5,0.7734002470970154,0.492953896522522,0.6281406879425049,1.23832106590271
6,0.7706398963928223,0.48919999599456787,0.6331658363342285,1.4438796043395996
7,0.7846925854682922,0.46527817845344543,0.6256281137466431,1.4291354417800903
8,0.7698870897293091,0.4726615250110626,0.643216073513031,1.25089430809021
9,0.7673776745796204,0.4735177159309387,0.6222780346870422,1.287779688835144
10,0.785194456577301,0.44090232253074646,0.6046901345252991,1.6950256824493408
11,0.8138017654418945,0.4044354259967804,0.6080402135848999,1.6379530429840088
12,0.8193224668502808,0.3894403278827667,0.6256281137466431,2.5146591663360596
13,0.8178167939186096,0.3997701406478882,0.6524288058280945,2.5982487201690674
14,0.8411543369293213,0.3633793890476227,0.6373534202575684,2.054832935333252
15,0.8469259738922119,0.3434692919254303,0.641541063785553,2.01157546043396
16,0.8594730496406555,0.3242172598838806,0.623115599155426,2.9234652519226074
17,0.8519448041915894,0.33213523030281067,0.6340033411979675,2.9397428035736084
18,0.8419071435928345,0.34374043345451355,0.6574539542198181,2.9775032997131348
19,0.8818067908287048,0.2876609265804291,0.6139028668403625,3.073086738586426
20,0.8833124041557312,0.2825948894023895,0.6541038751602173,3.29241943359375
21,0.88381427526474,0.2844783663749695,0.6197655200958252,2.8834285736083984
22,0.9096612334251404,0.22218847274780273,0.6373534202575684,3.7415032386779785
23,0.9191969633102417,0.2036261409521103,0.6356784105300903,4.82814359664917
24,0.8828105330467224,0.28564733266830444,0.6884422302246094,3.898334503173828
25,0.9101631045341492,0.2208041548728943,0.6716917753219604,4.71628475189209
26,0.9099121689796448,0.21884475648403168,0.6725293397903442,4.574735164642334
