epoch,accuracy,loss,val_accuracy,val_loss
0,0.5191969871520996,0.982603132724762,0.5963149070739746,0.8886303901672363
1,0.6250941157341003,0.7514783143997192,0.5159128904342651,0.9769958853721619
2,0.7164366245269775,0.595733106136322,0.6407034993171692,1.0199981927871704
3,0.7382684946060181,0.5423232913017273,0.624790608882904,1.060962200164795
4,0.7565872073173523,0.5102352499961853,0.6197655200958252,1.509740948677063
5,0.7668758034706116,0.47924330830574036,0.5988274812698364,1.5374906063079834
6,0.7796737551689148,0.4673216938972473,0.6314907670021057,1.7648954391479492
7,0.7814303636550903,0.47729164361953735,0.6465661525726318,1.6489747762680054
8,0.7994981408119202,0.43084073066711426,0.6155778765678406,1.6244487762451172
9,0.824843168258667,0.391247421503067,0.5460636615753174,2.0731983184814453
10,0.8351317644119263,0.37706702947616577,0.6197655200958252,2.118863344192505
11,0.7902132868766785,0.4271082282066345,0.6716917753219604,2.0748794078826904
12,0.8057716488838196,0.4042806625366211,0.6298157572746277,2.315230131149292
13,0.8223337531089783,0.38216254115104675,0.6147403717041016,2.2993578910827637
14,0.8464241027832031,0.3480880558490753,0.6005024909973145,2.142026424407959
15,0.8271016478538513,0.39926761388778687,0.6532663106918335,1.325832486152649
16,0.8278544545173645,0.36586037278175354,0.6038525700569153,2.3087711334228516
17,0.8622334003448486,0.3226969242095947,0.6365159153938293,3.126617431640625
18,0.876537024974823,0.29428133368492126,0.6180904507637024,2.530956506729126
19,0.8464241027832031,0.33194202184677124,0.661641538143158,2.7140371799468994
20,0.8602258563041687,0.3105510175228119,0.6381909251213074,2.2833590507507324
21,0.8875784277915955,0.2765597403049469,0.6448911428451538,2.5387091636657715
22,0.88381427526474,0.28078919649124146,0.6348408460617065,3.241183042526245
23,0.8900878429412842,0.2660706341266632,0.6139028668403625,3.49116849899292
24,0.9089084267616272,0.21331608295440674,0.6264656782150269,4.199385166168213
25,0.8946047425270081,0.27326828241348267,0.6147403717041016,2.229750156402588
