epoch,accuracy,loss,val_accuracy,val_loss
0,0.5081555843353271,0.9940258264541626,0.48241207003593445,1.0493351221084595
1,0.6085320115089417,0.7651110887527466,0.6532663106918335,0.7633591890335083
2,0.708657443523407,0.6123530864715576,0.5854271650314331,1.0850456953048706
3,0.7417816519737244,0.5362046957015991,0.6013400554656982,1.2002238035202026
4,0.7648682594299316,0.499210000038147,0.6532663106918335,1.6739513874053955
5,0.777917206287384,0.4781634509563446,0.6356784105300903,1.7893328666687012
6,0.8007528185844421,0.44396543502807617,0.6490787267684937,1.9519766569137573
7,0.8170639872550964,0.4141778349876404,0.5820770263671875,2.1778738498687744
8,0.7867001295089722,0.4615132808685303,0.6038525700569153,1.874008059501648
9,0.8090338706970215,0.421962171792984,0.6072027087211609,1.825360894203186
10,0.8112923502922058,0.40772151947021484,0.6038525700569153,2.4040274620056152
11,0.8383939862251282,0.3653959035873413,0.6139028668403625,2.5519285202026367
12,0.8444165587425232,0.3624494671821594,0.590452253818512,1.7221436500549316
13,0.8667502999305725,0.3263806998729706,0.5954774022102356,2.6517281532287598
14,0.8552070260047913,0.32924094796180725,0.6164153814315796,2.6191911697387695
15,0.836888313293457,0.3400706350803375,0.64405357837677,2.419118642807007
16,0.8667502999305725,0.30112728476524353,0.6281406879425049,2.3797249794006348
17,0.8539523482322693,0.3373878002166748,0.6130653023719788,2.7821478843688965
18,0.8572145700454712,0.3307393491268158,0.6256281137466431,2.739215135574341
19,0.8873274922370911,0.2593628168106079,0.6197655200958252,3.0580320358276367
20,0.8961104154586792,0.25476834177970886,0.6281406879425049,2.876053810119629
21,0.8956085443496704,0.264142245054245,0.6088777184486389,3.134949207305908
22,0.9219573140144348,0.20439355075359344,0.5954774022102356,2.889566421508789
23,0.9104140400886536,0.2223609983921051,0.5636515617370605,3.745205879211426
24,0.9144291281700134,0.2093835175037384,0.6180904507637024,3.850235939025879
25,0.9329987168312073,0.17491084337234497,0.6155778765678406,3.5612809658050537
26,0.909410297870636,0.2339194267988205,0.6750418543815613,3.5923333168029785
