epoch,accuracy,loss,val_accuracy,val_loss
0,0.5076537132263184,0.9921062588691711,0.48241207003593445,0.9912925958633423
1,0.5608531832695007,0.8308067917823792,0.5217755436897278,0.8947864174842834
2,0.6868255734443665,0.6572768092155457,0.6381909251213074,0.85338294506073
3,0.7229611277580261,0.5595313310623169,0.6063651442527771,1.1815685033798218
4,0.735508143901825,0.5369816422462463,0.662479043006897,1.347461223602295
5,0.7631116509437561,0.4825988709926605,0.5988274812698364,1.745413064956665
6,0.7653701305389404,0.47973522543907166,0.624790608882904,1.7051115036010742
7,0.7854453921318054,0.4509997069835663,0.623953104019165,1.2668771743774414
8,0.7969887256622314,0.4369438886642456,0.6557788848876953,1.4859248399734497
9,0.8170639872550964,0.40578770637512207,0.6448911428451538,1.753816843032837
10,0.8090338706970215,0.41625598073005676,0.5979899764060974,2.4676573276519775
11,0.8511919975280762,0.36095088720321655,0.6088777184486389,2.1088945865631104
12,0.858971118927002,0.3323129713535309,0.6398659944534302,2.5977656841278076
13,0.8326223492622375,0.38687723875045776,0.6365159153938293,2.763758897781372
14,0.8612295985221863,0.32766884565353394,0.6515913009643555,2.1233394145965576
15,0.8667502999305725,0.3135378360748291,0.661641538143158,2.877624273300171
16,0.8918443918228149,0.26601240038871765,0.6490787267684937,2.6768057346343994
17,0.8890840411186218,0.2754688858985901,0.661641538143158,2.595229148864746
18,0.8951066732406616,0.26248446106910706,0.643216073513031,2.747509002685547
19,0.8835633397102356,0.27907684445381165,0.6683416962623596,2.2100837230682373
20,0.9001254439353943,0.2364637851715088,0.6482412219047546,2.717587471008301
21,0.9199498295783997,0.21278035640716553,0.6398659944534302,2.717473268508911
22,0.884567141532898,0.2705683410167694,0.6314907670021057,2.4678945541381836
23,0.9171894788742065,0.2064596265554428,0.6390284895896912,3.930872917175293
24,0.9129234552383423,0.21186530590057373,0.6147403717041016,3.2083730697631836
25,0.881304919719696,0.31005001068115234,0.6867671608924866,1.1352880001068115
26,0.8936010003089905,0.24682801961898804,0.6649916172027588,2.499391555786133
27,0.9171894788742065,0.19808164238929749,0.6457286477088928,2.3670012950897217
