epoch,accuracy,loss,val_accuracy,val_loss
0,0.5144290924072266,0.9850632548332214,0.5134003162384033,0.9251510500907898
1,0.5887076258659363,0.7796497344970703,0.6105527877807617,0.8862903714179993
2,0.7099121809005737,0.5910041332244873,0.6088777184486389,1.000441074371338
3,0.7267252206802368,0.5653036236763,0.5921273231506348,1.1270246505737305
4,0.7232120633125305,0.549920916557312,0.6482412219047546,1.1048070192337036
5,0.7317440509796143,0.5229876637458801,0.6398659944534302,1.104911208152771
6,0.7417816519737244,0.4960600733757019,0.624790608882904,1.1941889524459839
7,0.7623588442802429,0.4797176718711853,0.6139028668403625,1.6742838621139526
8,0.7796737551689148,0.4430975914001465,0.64405357837677,1.728804588317871
9,0.7759096622467041,0.45384058356285095,0.6256281137466431,1.6028764247894287
10,0.796737790107727,0.41898879408836365,0.6206030249595642,2.03438401222229
11,0.8135508298873901,0.3904586434364319,0.641541063785553,2.1830761432647705
12,0.8163111805915833,0.3828386068344116,0.5452261567115784,1.8650990724563599
13,0.8150564432144165,0.41442978382110596,0.6289782524108887,1.7720015048980713
14,0.8301129341125488,0.3647390604019165,0.6139028668403625,2.4072558879852295
15,0.8552070260047913,0.34273287653923035,0.6331658363342285,2.178037643432617
16,0.8225846886634827,0.35313621163368225,0.6499162316322327,2.2670552730560303
17,0.8105395436286926,0.3719410300254822,0.6474036574363708,2.9582533836364746
18,0.8409034013748169,0.33355745673179626,0.643216073513031,2.5500125885009766
19,0.8672521710395813,0.30837810039520264,0.5804020166397095,2.808943510055542
20,0.8667502999305725,0.29868465662002563,0.5946398377418518,2.6618361473083496
21,0.850941002368927,0.32341939210891724,0.5996649861335754,1.9019155502319336
22,0.8572145700454712,0.312259316444397,0.6633166074752808,2.538224220275879
23,0.8404015302658081,0.32471174001693726,0.6901172399520874,2.7918167114257812
24,0.8190715312957764,0.34627971053123474,0.6113902926445007,2.66154146194458
25,0.8391467928886414,0.3213045299053192,0.6658291220664978,3.464419364929199
26,0.8521957397460938,0.30870679020881653,0.6398659944534302,3.0007050037384033
