epoch,accuracy,loss,val_accuracy,val_loss
0,0.5086574554443359,0.9984315633773804,0.48241207003593445,0.9521777033805847
1,0.5563362836837769,0.8073857426643372,0.6490787267684937,0.8415054678916931
2,0.7018820643424988,0.6269329190254211,0.624790608882904,0.8269423842430115
3,0.7222082614898682,0.559872031211853,0.6700167655944824,1.3913573026657104
4,0.7425345182418823,0.5213650465011597,0.591289758682251,1.3798482418060303
5,0.7676286101341248,0.48083823919296265,0.6348408460617065,1.4146286249160767
6,0.7776662707328796,0.4633011221885681,0.6306532621383667,2.1374266147613525
7,0.797992467880249,0.4239462912082672,0.6314907670021057,2.146101713180542
8,0.7734002470970154,0.5271609425544739,0.6105527877807617,1.8159980773925781
9,0.7982434034347534,0.42655646800994873,0.6038525700569153,2.409503698348999
10,0.8185696601867676,0.40028995275497437,0.6356784105300903,2.102492094039917
11,0.8203262090682983,0.39413636922836304,0.6130653023719788,2.3408353328704834
12,0.8193224668502808,0.390196293592453,0.623115599155426,3.2242090702056885
13,0.8173149228096008,0.3946002125740051,0.6214405298233032,2.82977294921875
14,0.8393977284431458,0.3554261326789856,0.6206030249595642,2.755244493484497
15,0.85771644115448,0.3249201476573944,0.6180904507637024,2.9102091789245605
16,0.8506900668144226,0.34030672907829285,0.6122277975082397,2.83339786529541
17,0.8526976108551025,0.3389153480529785,0.6507537961006165,3.105053186416626
18,0.8925972580909729,0.2595890760421753,0.6532663106918335,3.913334608078003
19,0.9041405320167542,0.2268764227628708,0.642378568649292,4.951007843017578
20,0.8991217017173767,0.24881446361541748,0.6457286477088928,4.51310920715332
21,0.9099121689796448,0.2180134654045105,0.6708542704582214,4.157131195068359
22,0.9149309992790222,0.21351297199726105,0.6733668446540833,3.9130420684814453
23,0.8910915851593018,0.27202168107032776,0.6482412219047546,3.327169418334961
24,0.9174404144287109,0.20012634992599487,0.6541038751602173,4.4868903160095215
25,0.9149309992790222,0.1915109008550644,0.643216073513031,4.246007919311523
26,0.9096612334251404,0.2229371964931488,0.6691792011260986,4.289139270782471
27,0.9181932210922241,0.19657927751541138,0.6465661525726318,4.482531547546387
