epoch,accuracy,loss,val_accuracy,val_loss
0,0.5227101445198059,0.9696499705314636,0.6407034993171692,0.9316455125808716
1,0.602760374546051,0.7601612210273743,0.5092127323150635,0.9474082589149475
2,0.6908406615257263,0.6244106292724609,0.6800670027732849,1.0194940567016602
3,0.732245922088623,0.5519225597381592,0.6549413800239563,1.3546712398529053
4,0.7390213012695312,0.5032637119293213,0.662479043006897,1.6136960983276367
5,0.7621079087257385,0.4818079471588135,0.5921273231506348,1.9159101247787476
6,0.7636135220527649,0.4876679480075836,0.6281406879425049,1.7942466735839844
7,0.7756587266921997,0.4632045030593872,0.6197655200958252,2.203432559967041
8,0.7877038717269897,0.4512009620666504,0.6398659944534302,1.7165216207504272
9,0.8278544545173645,0.3971691131591797,0.6331658363342285,2.360539436340332
10,0.8035131692886353,0.4127928912639618,0.5879396796226501,2.3407657146453857
11,0.8010037541389465,0.40761756896972656,0.6214405298233032,2.5085434913635254
12,0.8398995995521545,0.35561496019363403,0.6289782524108887,2.7572615146636963
13,0.8373901844024658,0.3588981032371521,0.6306532621383667,2.940638303756714
14,0.8464241027832031,0.35417354106903076,0.6314907670021057,2.6471962928771973
15,0.8722710013389587,0.29730090498924255,0.6289782524108887,3.064692497253418
16,0.8659974932670593,0.3080253303050995,0.6289782524108887,3.1902053356170654
17,0.8695106506347656,0.3154144585132599,0.6314907670021057,2.725907325744629
18,0.8675031661987305,0.31242141127586365,0.6407034993171692,2.9983088970184326
19,0.895357608795166,0.25673118233680725,0.6189279556274414,3.1763651371002197
20,0.8923463225364685,0.2621806561946869,0.6356784105300903,3.5207571983337402
21,0.890589714050293,0.26344218850135803,0.6331658363342285,4.55767297744751
22,0.8968632221221924,0.25384286046028137,0.641541063785553,3.6920711994171143
23,0.907402753829956,0.22678296267986298,0.6582914590835571,3.700115919113159
24,0.9053952097892761,0.23633462190628052,0.69597989320755,3.487910032272339
25,0.9224592447280884,0.19138595461845398,0.662479043006897,3.8793952465057373
