epoch,accuracy,loss,val_accuracy,val_loss
0,0.5613550543785095,2.802882432937622,0.48241207003593445,2.662454843521118
1,0.6233375072479248,2.2237460613250732,0.4514237940311432,165.90216064453125
2,0.5638644695281982,2.2129461765289307,0.49329984188079834,47.11652374267578
3,0.630865752696991,1.4517827033996582,0.5577889680862427,0.8766968250274658
4,0.6306148171424866,1.3425410985946655,0.4304857552051544,1.3531996011734009
5,0.5003764033317566,3.417829990386963,0.4790619909763336,4627.322265625
6,0.6015056371688843,1.6002767086029053,0.5452261567115784,1.1861215829849243
7,0.5656210780143738,1.5916677713394165,0.5929648280143738,0.9738172292709351
8,0.5867001414299011,2.295966148376465,0.4313232898712158,481.4210510253906
9,0.6173149347305298,1.9101871252059937,0.5510887503623962,1.0288718938827515
10,0.6015056371688843,2.009700298309326,0.5234506130218506,1.6990457773208618
11,0.6278544664382935,2.6558752059936523,0.3710217773914337,1667.3846435546875
12,0.558343768119812,2.0385031700134277,0.6398659944534302,1.0365744829177856
13,0.6158092617988586,1.4628502130508423,0.6164153814315796,2.0289885997772217
14,0.6531994938850403,1.1750991344451904,0.6088777184486389,1.0868685245513916
15,0.6642408967018127,1.294439435005188,0.5175879597663879,1.1438825130462646
16,0.6489335298538208,1.1670888662338257,0.6783919334411621,0.8771703839302063
17,0.6938519477844238,1.010515809059143,0.6256281137466431,1.0239335298538208
18,0.674529492855072,1.3179891109466553,0.5561138987541199,83.55180358886719
19,0.68732750415802,1.3441494703292847,0.6901172399520874,1.052890419960022
20,0.700627326965332,1.117547631263733,0.6105527877807617,1.7359442710876465
21,0.6506900787353516,1.5879141092300415,0.4673366844654083,1.0895129442214966
22,0.5736511945724487,2.4422996044158936,0.4497487545013428,56.00531768798828
23,0.5884566903114319,1.609375,0.6842545866966248,0.8412339687347412
24,0.577917218208313,1.5781657695770264,0.6030150651931763,2.6079139709472656
25,0.6218318939208984,1.339759349822998,0.661641538143158,1.458688735961914
26,0.6456712484359741,1.3307883739471436,0.6566163897514343,1.0356011390686035
27,0.6843161582946777,1.154971718788147,0.6850921511650085,0.9268818497657776
28,0.649686336517334,1.5633865594863892,0.6850921511650085,0.9116938710212708
29,0.6752822995185852,1.2048289775848389,0.5804020166397095,0.9055141806602478
30,0.6599749326705933,1.2504216432571411,0.5737018585205078,2.589972972869873
31,0.6017565727233887,1.4968512058258057,0.4262981712818146,1.044773817062378
32,0.5608531832695007,1.573771357536316,0.4045226275920868,1.1175563335418701
33,0.5856963396072388,1.5218980312347412,0.4623115658760071,0.9823005199432373
34,0.6587201952934265,1.3912317752838135,0.5159128904342651,24.910497665405273
35,0.6848180890083313,1.3696197271347046,0.5276381969451904,1.0232856273651123
36,0.6647427678108215,1.230913758277893,0.3810720145702362,1.9808470010757446
37,0.6333751678466797,1.470910668373108,0.5335008502006531,1.5942981243133545
38,0.6534504294395447,1.3748348951339722,0.49329984188079834,1.2921684980392456
39,0.6855708956718445,1.268868088722229,0.623953104019165,1.5870153903961182
40,0.7126725316047668,0.9791365265846252,0.6005024909973145,1.186748743057251
41,0.71342533826828,1.2416054010391235,0.5988274812698364,1.1932322978973389
42,0.7279798984527588,1.057691216468811,0.6164153814315796,0.9855824112892151
43,0.7302383780479431,1.145185112953186,0.4614740312099457,26.693021774291992
44,0.7209535837173462,1.149327278137207,0.6448911428451538,1.2682342529296875
45,0.732245922088623,1.142451286315918,0.6323283314704895,1.4059981107711792
46,0.7550815343856812,0.8547558188438416,0.6532663106918335,1.2926678657531738
47,0.7618569731712341,0.8765377998352051,0.6256281137466431,1.3625023365020752
48,0.7302383780479431,1.129680871963501,0.6733668446540833,1.0482978820800781
