epoch,accuracy,loss,val_accuracy,val_loss
0,0.5613550543785095,2.673366069793701,0.4614740312099457,1.0935100317001343
1,0.5982434153556824,1.8908780813217163,0.3936348557472229,1.158960223197937
2,0.57114177942276,2.3361494541168213,0.4757118821144104,84.52247619628906
3,0.6045169234275818,1.7808423042297363,0.47989949584007263,955.2274169921875
4,0.6767879724502563,1.4766745567321777,0.5209380388259888,1.7297288179397583
5,0.683814287185669,1.2339904308319092,0.3551088869571686,1.5277057886123657
6,0.6225847005844116,2.178295850753784,0.4899497628211975,261.6859436035156
7,0.6215808987617493,1.555749773979187,0.6742043495178223,1.087540626525879
8,0.6910915970802307,1.0418930053710938,0.5033500790596008,1.6116505861282349
9,0.6893349885940552,1.1672017574310303,0.4380234479904175,1.7808603048324585
10,0.6434127688407898,1.827863335609436,0.37520939111709595,1875.117431640625
11,0.6065244674682617,1.6693847179412842,0.6113902926445007,1.0725551843643188
12,0.6973651051521301,0.8621755838394165,0.6155778765678406,1.8560621738433838
13,0.7247176766395569,0.9831807017326355,0.5661641359329224,1.7754337787628174
14,0.7272270917892456,1.0992450714111328,0.4422110617160797,0.9770880937576294
15,0.7096612453460693,1.0229291915893555,0.5435510873794556,2.65445876121521
16,0.734253466129303,1.0217798948287964,0.5996649861335754,1.2287263870239258
17,0.7726474404335022,0.942881166934967,0.5938023328781128,1.4330666065216064
18,0.6705144047737122,0.9687716960906982,0.5276381969451904,1.7981159687042236
19,0.6516938805580139,1.21822988986969,0.5393635034561157,1.156620979309082
20,0.6426599621772766,1.1627087593078613,0.47236180305480957,1.1178961992263794
21,0.6740276217460632,1.070371389389038,0.6256281137466431,1.4043184518814087
22,0.6567126512527466,1.3632906675338745,0.2981574535369873,257.615478515625
23,0.6981179714202881,0.9687491059303284,0.6189279556274414,1.144659161567688
24,0.6562107801437378,1.1791625022888184,0.5469011664390564,1.0714792013168335
25,0.6664993762969971,1.0579901933670044,0.5988274812698364,1.1916515827178955
26,0.7106649875640869,0.8772396445274353,0.5452261567115784,0.9642499685287476
27,0.682559609413147,1.5145750045776367,0.2948073744773865,59.199737548828125
28,0.6966122984886169,1.41571843624115,0.5343383550643921,13.899274826049805
29,0.6431618332862854,1.3367325067520142,0.49246230721473694,16.120616912841797
30,0.6411543488502502,1.5986485481262207,0.5653266310691833,1.4310059547424316
31,0.6730238199234009,1.334688663482666,0.6080402135848999,1.075545072555542
32,0.7144290804862976,1.2777354717254639,0.5938023328781128,2.332270383834839
33,0.7144290804862976,1.2258327007293701,0.6591289639472961,0.9006643891334534
34,0.7109159231185913,1.0443943738937378,0.590452253818512,1.3789364099502563
35,0.7375156879425049,0.8006826043128967,0.5284757018089294,1.5386312007904053
36,0.7058970928192139,0.8572271466255188,0.5134003162384033,4.352101802825928
37,0.7181932330131531,0.7662225365638733,0.6080402135848999,1.2345647811889648
38,0.7465495467185974,0.7071734666824341,0.6273031830787659,1.4518595933914185
39,0.7578418850898743,0.6301369071006775,0.5812395215034485,1.8732869625091553
40,0.7658720016479492,0.6056614518165588,0.4656616449356079,4.20945930480957
41,0.7889586091041565,0.694146990776062,0.6273031830787659,1.8935532569885254
42,0.7914680242538452,0.595475435256958,0.4782244563102722,2.4338371753692627
43,0.7989962100982666,0.5381875038146973,0.5971524119377136,2.626812696456909
44,0.787202000617981,0.5789878368377686,0.5871021747589111,1.4715924263000488
45,0.7984943389892578,0.5715649724006653,0.6733668446540833,2.1384873390197754
46,0.8122960925102234,0.5461024641990662,0.4664991497993469,2.806082010269165
47,0.8082810640335083,0.6307030916213989,0.5418760180473328,1.4734934568405151
48,0.8230865597724915,0.4922128915786743,0.6365159153938293,1.8370293378829956
49,0.8348808288574219,0.4660665988922119,0.6038525700569153,2.1727092266082764
