epoch,accuracy,loss,val_accuracy,val_loss
0,0.5026348829269409,3.787064790725708,0.12060301750898361,2.70592999458313
1,0.6025094389915466,1.999650001525879,0.14824120700359344,2.359663486480713
2,0.5814303755760193,2.3928122520446777,0.48241207003593445,1336.7208251953125
3,0.5538268685340881,2.7711567878723145,0.4757118821144104,2160.330810546875
4,0.5528230667114258,1.8598273992538452,0.35092127323150635,3.6687984466552734
5,0.6464241147041321,1.169177770614624,0.4405360221862793,311.1331787109375
6,0.6680049896240234,1.4671236276626587,0.2839196026325226,7.039684772491455
7,0.5907151699066162,1.701817274093628,0.4078727066516876,58.931480407714844
8,0.5601003766059875,1.678248405456543,0.5284757018089294,1.3251018524169922
9,0.5816813111305237,1.8444875478744507,0.7001674771308899,0.8062490820884705
10,0.6409034132957458,1.4159284830093384,0.5778894424438477,1.3481053113937378
11,0.6782935857772827,1.2983065843582153,0.5804020166397095,1.0489436388015747
12,0.6785445213317871,1.4339433908462524,0.4380234479904175,27.730037689208984
13,0.5764115452766418,1.8287241458892822,0.5276381969451904,1.0047816038131714
14,0.5884566903114319,1.4856841564178467,0.47152429819107056,1.0235419273376465
15,0.6446675062179565,1.0155091285705566,0.3241206109523773,1.1362265348434448
16,0.6652446389198303,1.1050214767456055,0.6658291220664978,0.8902090191841125
17,0.6961104273796082,0.8360506296157837,0.5611390471458435,1.1258381605148315
18,0.6996235847473145,1.1638797521591187,0.402847558259964,7.232381820678711
19,0.6762861013412476,1.3185311555862427,0.31407034397125244,2.1278069019317627
20,0.6883312463760376,1.0662113428115845,0.4053601324558258,1.2084394693374634
21,0.6737766861915588,1.2899655103683472,0.6214405298233032,1.3584628105163574
22,0.6908406615257263,1.1023213863372803,0.34087103605270386,6.991933822631836
23,0.6930991411209106,1.0124492645263672,0.5988274812698364,1.8147573471069336
24,0.7003763914108276,1.155428171157837,0.5251256227493286,1.5481619834899902
25,0.7367628812789917,0.7651458978652954,0.49664992094039917,1.3386870622634888
26,0.7106649875640869,0.9205279350280762,0.48241207003593445,3468.713623046875
27,0.6383939981460571,1.1450518369674683,0.4631490707397461,12186.126953125
28,0.5811794400215149,1.4761624336242676,0.41038525104522705,1.4781385660171509
29,0.656963586807251,0.9901860952377319,0.5670017004013062,0.8913068175315857
30,0.6577164530754089,1.0241055488586426,0.5938023328781128,0.9671373963356018
31,0.707402765750885,0.9417186975479126,0.5276381969451904,1.0826435089111328
32,0.7222082614898682,0.8833299875259399,0.5108878016471863,1.1090236902236938
33,0.7284818291664124,0.9095554351806641,0.5787269473075867,0.992459774017334
34,0.7457967400550842,0.9389979839324951,0.5661641359329224,1.1980047225952148
