epoch,accuracy,loss,val_accuracy,val_loss
0,0.538268506526947,2.675753116607666,0.48241207003593445,32.611209869384766
1,0.5861982703208923,1.9493255615234375,0.48241207003593445,3.1212761402130127
2,0.6451693773269653,1.5557258129119873,0.570351779460907,2.410278081893921
3,0.6178168058395386,1.7031551599502563,0.48241207003593445,6.306798934936523
4,0.551066517829895,5.102865695953369,0.48241207003593445,67.90081787109375
5,0.5648682713508606,3.257279872894287,0.3927973210811615,8.90619945526123
6,0.624843180179596,1.8575819730758667,0.5326633453369141,4.299190044403076
7,0.6296110153198242,1.8057889938354492,0.5988274812698364,4.612600803375244
8,0.668506920337677,1.399786353111267,0.4162479043006897,9.476340293884277
9,0.610037624835968,1.5422619581222534,0.48073703050613403,1.1182401180267334
10,0.6461731195449829,1.5913821458816528,0.570351779460907,1.0530359745025635
11,0.6338770389556885,1.6760544776916504,0.34840869903564453,1.798821210861206
12,0.683814287185669,1.154140591621399,0.2847571074962616,17.111230850219727
13,0.6313676238059998,1.5610055923461914,0.589614748954773,0.9199315905570984
14,0.6654956340789795,1.1666386127471924,0.44807371497154236,151.71511840820312
15,0.5219573378562927,1.755596399307251,0.5251256227493286,0.9925286769866943
16,0.663739025592804,1.0550734996795654,0.6097152233123779,0.8691373467445374
17,0.6853199601173401,0.9782431721687317,0.6817420721054077,1.0785361528396606
18,0.6868255734443665,1.120160460472107,0.6465661525726318,0.8707238435745239
19,0.6888331174850464,0.9946972131729126,0.6641541123390198,1.1041984558105469
20,0.6988707780838013,1.0105491876602173,0.5938023328781128,1.3601644039154053
21,0.6956085562705994,1.060808777809143,0.6273031830787659,1.2941765785217285
22,0.7076537013053894,0.9452254176139832,0.6164153814315796,1.2517175674438477
23,0.7277289628982544,0.771088719367981,0.64405357837677,1.4302371740341187
24,0.7136762738227844,0.9336931705474854,0.6708542704582214,1.1234177350997925
25,0.7272270917892456,0.9182990789413452,0.662479043006897,1.1146018505096436
26,0.7136762738227844,1.011777639389038,0.6172529458999634,4.786265850067139
27,0.7279798984527588,0.9042637944221497,0.5845896005630493,1.6353237628936768
28,0.7277289628982544,0.8497862219810486,0.570351779460907,2.304771661758423
29,0.754328727722168,0.8010724186897278,0.5092127323150635,2.304960250854492
30,0.7580928206443787,0.7483229637145996,0.42294806241989136,9.88345718383789
31,0.6667503118515015,1.1626251935958862,0.44807371497154236,2.2446236610412598
32,0.6913425326347351,1.0526915788650513,0.5979899764060974,1.1505976915359497
33,0.7244667410850525,0.8531311750411987,0.6700167655944824,1.385588526725769
34,0.7357590794563293,0.7551941275596619,0.6566163897514343,1.7610795497894287
35,0.7824341058731079,0.6168177127838135,0.6666666865348816,1.7510980367660522
36,0.7829360365867615,0.6325153708457947,0.6013400554656982,2.625521659851074
37,0.7626097798347473,0.8307414650917053,0.4539363384246826,216.97430419921875
38,0.7071518301963806,1.168305516242981,0.6063651442527771,3.8401057720184326
39,0.752321183681488,0.6631609201431274,0.5762144327163696,2.3577444553375244
40,0.7636135220527649,0.7427056431770325,0.661641538143158,2.3311808109283447
41,0.7977415323257446,0.5898637175559998,0.5971524119377136,2.884645700454712
