epoch,accuracy,loss,val_accuracy,val_loss
0,0.5410288572311401,2.7804980278015137,0.48241207003593445,4.876916885375977
1,0.5939773917198181,2.5024564266204834,0.5309882760047913,1.5436880588531494
2,0.6461731195449829,2.151988983154297,0.6675041913986206,0.8078787922859192
3,0.6705144047737122,1.5879285335540771,0.45979899168014526,3830.877197265625
4,0.6444165706634521,1.8044791221618652,0.22194305062294006,221.04273986816406
5,0.6680049896240234,1.7162230014801025,0.5954774022102356,14.951510429382324
6,0.6602258682250977,1.4883112907409668,0.48241207003593445,3860.395263671875
7,0.6767879724502563,1.3925087451934814,0.3090452253818512,1.510084867477417
8,0.6424090266227722,2.557394504547119,0.48241207003593445,132373.3125
9,0.5794228315353394,2.7453935146331787,0.49329984188079834,1102.7591552734375
10,0.6218318939208984,2.20692777633667,0.48241207003593445,13.907769203186035
11,0.6298620104789734,1.712064504623413,0.6934673190116882,19.37664794921875
12,0.68732750415802,1.2176121473312378,0.5879396796226501,2.9162087440490723
13,0.6670012474060059,1.500463843345642,0.6474036574363708,1.2029274702072144
14,0.6865746378898621,1.2629485130310059,0.6582914590835571,1.2164958715438843
15,0.6870765089988708,1.1808027029037476,0.44472360610961914,2.7204971313476562
16,0.6727728843688965,1.1818267107009888,0.330820769071579,1.3891174793243408
17,0.68732750415802,1.4345066547393799,0.4874371886253357,0.9603539109230042
18,0.7069008946418762,1.2813506126403809,0.6222780346870422,1.3792645931243896
19,0.6735257506370544,1.19478178024292,0.330820769071579,169.657958984375
20,0.680552065372467,1.2414522171020508,0.41122278571128845,2.2248246669769287
21,0.6903387904167175,1.2146646976470947,0.43634840846061707,1.493041753768921
22,0.6883312463760376,1.2569352388381958,0.4514237940311432,1.4387260675430298
23,0.6905897259712219,1.204830527305603,0.44723618030548096,2.1486730575561523
24,0.7058970928192139,1.0842630863189697,0.4899497628211975,39.75444412231445
25,0.7008783221244812,1.367249608039856,0.6507537961006165,1.1111541986465454
26,0.7081555724143982,1.0575252771377563,0.695142388343811,1.3741683959960938
27,0.6742785573005676,1.464125394821167,0.4782244563102722,939.6532592773438
