epoch,accuracy,loss,val_accuracy,val_loss
0,0.532245934009552,2.95184588432312,0.5083752274513245,1.1345757246017456
1,0.5503136515617371,2.5886311531066895,0.48241207003593445,4234.880859375
2,0.6175658702850342,1.6336323022842407,0.5594639778137207,1.1510554552078247
3,0.6843161582946777,1.1992175579071045,0.47403684258461,1.1232651472091675
4,0.6318694949150085,1.5413483381271362,0.49581238627433777,1.3173409700393677
5,0.649686336517334,1.7426438331604004,0.46901172399520874,39.19173812866211
6,0.6680049896240234,1.3486801385879517,0.6155778765678406,1.0042144060134888
7,0.7008783221244812,1.0665277242660522,0.5577889680862427,7.353157997131348
8,0.6855708956718445,1.2342007160186768,0.6256281137466431,1.0736701488494873
9,0.694604754447937,1.2127087116241455,0.4413735270500183,2.161945343017578
10,0.7209535837173462,1.03484308719635,0.46901172399520874,1.2804616689682007
11,0.7520702481269836,1.071178913116455,0.5393635034561157,1.091475486755371
12,0.733500599861145,1.138071060180664,0.4874371886253357,149.9313201904297
13,0.783939778804779,0.965243935585022,0.4179229438304901,208.7447967529297
14,0.7952321171760559,0.8889331817626953,0.3902847468852997,2.429593086242676
15,0.7189460396766663,1.2326937913894653,0.4849246144294739,2.2604732513427734
16,0.7352572083473206,1.1384228467941284,0.4045226275920868,2.995333433151245
17,0.7816812992095947,0.7622503042221069,0.6139028668403625,1.0406172275543213
18,0.7583438158035278,1.0115236043930054,0.4170854389667511,2.4812467098236084
19,0.7856963872909546,1.028438925743103,0.64405357837677,7.698554515838623
20,0.807277262210846,0.9219346642494202,0.6021775603294373,1.332870602607727
21,0.7696361541748047,1.289319634437561,0.4673366844654083,2.6166110038757324
22,0.7528231143951416,1.1758627891540527,0.4078727066516876,1.8505141735076904
23,0.7902132868766785,1.2900254726409912,0.4246231019496918,2.8180038928985596
24,0.796737790107727,0.9538620114326477,0.6314907670021057,1.7719757556915283
25,0.8195734024047852,0.8987013697624207,0.6750418543815613,1.3216233253479004
26,0.8140527009963989,0.8402886390686035,0.402847558259964,4.9334025382995605
27,0.8115432858467102,0.9739716053009033,0.5343383550643921,1.6237155199050903
28,0.8519448041915894,0.8051076531410217,0.5787269473075867,1.4694921970367432
29,0.8429109454154968,0.9298557043075562,0.6197655200958252,1.5286915302276611
30,0.851693868637085,0.8129643797874451,0.45979899168014526,3.551943778991699
31,0.8228356242179871,0.9237812757492065,0.47236180305480957,4841.32275390625
