epoch,accuracy,loss,val_accuracy,val_loss
0,0.5036386251449585,4.313526153564453,0.4246231019496918,223.8730926513672
1,0.5656210780143738,3.1246871948242188,0.5393635034561157,1.6822551488876343
2,0.6265997290611267,1.8680024147033691,0.45644891262054443,3.5758471488952637
3,0.6303638815879822,2.171456813812256,0.4623115658760071,2538.9423828125
4,0.5548306107521057,1.8768599033355713,0.5854271650314331,9.276273727416992
5,0.6175658702850342,1.4289222955703735,0.4748743772506714,481.759521484375
6,0.642910897731781,1.1550524234771729,0.5770519375801086,1.064023494720459
7,0.6820577383041382,1.0463110208511353,0.6448911428451538,1.0431885719299316
8,0.6971141695976257,0.8741768598556519,0.47068676352500916,1.57504403591156
9,0.5739021301269531,1.434446096420288,0.33919596672058105,73.3551254272461
10,0.6155583262443542,1.1587053537368774,0.44639864563941956,1.5600541830062866
11,0.6572145819664001,0.9995339512825012,0.38609716296195984,27.801860809326172
12,0.674529492855072,1.027176022529602,0.5661641359329224,1.7001131772994995
13,0.7041405439376831,0.7797799706459045,0.6675041913986206,1.091361165046692
14,0.7239648699760437,0.7265942692756653,0.6457286477088928,1.3191940784454346
15,0.7204517126083374,0.71481853723526,0.4522612988948822,2.1175198554992676
16,0.7309912443161011,0.756516695022583,0.4773869216442108,1.798262596130371
17,0.7069008946418762,0.8224143981933594,0.5435510873794556,1.6392730474472046
18,0.707402765750885,0.8045703768730164,0.6172529458999634,1.4006656408309937
19,0.7181932330131531,0.7795313000679016,0.39614740014076233,1.2740291357040405
20,0.708657443523407,0.8897145986557007,0.4907872676849365,1.2050198316574097
21,0.6938519477844238,0.8976724743843079,0.5100502371788025,1.6259686946868896
22,0.720200777053833,0.7483280897140503,0.6591289639472961,1.1827274560928345
23,0.7212045192718506,0.8635266423225403,0.520100474357605,1.1261974573135376
24,0.760351300239563,0.6218242645263672,0.3241206109523773,2.728353500366211
25,0.7121706604957581,0.8102050423622131,0.5351758599281311,1.534425139427185
26,0.7452948689460754,0.6715116500854492,0.570351779460907,1.5774781703948975
27,0.7867001295089722,0.5542353391647339,0.6072027087211609,1.9998292922973633
28,0.7721455693244934,0.6166886687278748,0.5167503952980042,1.8203006982803345
29,0.7834379076957703,0.5722568035125732,0.5954774022102356,1.656890869140625
30,0.7937265038490295,0.5810791850090027,0.6348408460617065,2.132136821746826
31,0.7678795456886292,0.7108572721481323,0.46063652634620667,1.7320259809494019
32,0.8037641048431396,0.5860840082168579,0.5326633453369141,1.6145894527435303
