epoch,accuracy,loss,val_accuracy,val_loss
0,0.558343768119812,2.762059211730957,0.48241207003593445,77.5155029296875
1,0.5272271037101746,3.287510633468628,0.39949747920036316,1.6545820236206055
2,0.5834379196166992,1.6037782430648804,0.48241207003593445,1.7850722074508667
3,0.6411543488502502,1.455098032951355,0.6189279556274414,1.0823553800582886
4,0.667754054069519,1.4470412731170654,0.5293132066726685,1.5219496488571167
5,0.6336261034011841,1.6658046245574951,0.5946398377418518,81.71990203857422
6,0.6456712484359741,1.4354368448257446,0.6147403717041016,1.2581632137298584
7,0.5673776865005493,2.567401170730591,0.39614740014076233,21.810260772705078
8,0.6552070379257202,1.5334892272949219,0.5134003162384033,1.2840614318847656
9,0.6755332350730896,1.4681302309036255,0.3458961546421051,1.5442886352539062
10,0.6913425326347351,1.1051201820373535,0.6658291220664978,1.003035068511963
11,0.6720200777053833,1.2785838842391968,0.6490787267684937,22.765836715698242
12,0.7126725316047668,1.2041008472442627,0.4681742191314697,6.89044189453125
13,0.5558343529701233,1.508833408355713,0.6499162316322327,1.0310478210449219
14,0.6042659878730774,1.3969995975494385,0.45644891262054443,1.3680784702301025
15,0.6552070379257202,1.3027606010437012,0.5795645117759705,1.3553847074508667
16,0.5929736495018005,1.426701307296753,0.5536013245582581,1.3994653224945068
17,0.6579673886299133,1.2579177618026733,0.6080402135848999,0.8970815539360046
18,0.6762861013412476,1.014052152633667,0.6206030249595642,1.0561424493789673
19,0.6915934681892395,1.0574772357940674,0.6130653023719788,1.1924920082092285
20,0.7071518301963806,1.1284583806991577,0.6934673190116882,1.3067749738693237
21,0.7111668586730957,1.0658953189849854,0.3785594701766968,1.5287491083145142
22,0.6883312463760376,1.2319667339324951,0.6331658363342285,1.2900961637496948
23,0.7254705429077148,1.1420671939849854,0.31490787863731384,2.3809549808502197
24,0.7327477931976318,0.8584817051887512,0.623953104019165,3.612536668777466
25,0.7056461572647095,1.1910725831985474,0.3324958086013794,2.2442314624786377
26,0.7174404263496399,1.191548228263855,0.7026800513267517,2.2811965942382812
27,0.7242158055305481,0.9889458417892456,0.6264656782150269,1.239532232284546
28,0.719447910785675,1.4228893518447876,0.6666666865348816,1.4434587955474854
29,0.6534504294395447,1.6103410720825195,0.43383583426475525,2.505988597869873
30,0.6986198425292969,1.141664743423462,0.6289782524108887,1.3965730667114258
31,0.7186951041221619,0.9664706587791443,0.6482412219047546,1.8098561763763428
32,0.6717691421508789,1.072165608406067,0.427973210811615,2.2452075481414795
33,0.7357590794563293,0.7418561577796936,0.5628140568733215,4.577519416809082
34,0.7227101922035217,0.877538800239563,0.4179229438304901,2.476944923400879
35,0.7473024129867554,0.7568758726119995,0.5393635034561157,2.224246025085449
36,0.7613551020622253,0.721021294593811,0.6783919334411621,2.01239013671875
37,0.7658720016479492,0.8331992626190186,0.7093802094459534,1.5633853673934937
38,0.7553324699401855,0.8681270480155945,0.5234506130218506,1.3221722841262817
39,0.7882057428359985,0.7292628884315491,0.6340033411979675,1.8357115983963013
40,0.7969887256622314,0.6998538374900818,0.624790608882904,2.143772840499878
41,0.804767906665802,0.6152793765068054,0.5820770263671875,3.0711357593536377
42,0.6441656351089478,1.017033576965332,0.5686767101287842,1.4578659534454346
