epoch,accuracy,loss,val_accuracy,val_loss
0,0.5076537132263184,4.296627044677734,0.48241207003593445,26584.75390625
1,0.6271016597747803,1.745968222618103,0.4262981712818146,2.5532071590423584
2,0.6589711308479309,1.4987022876739502,0.4773869216442108,2.4102072715759277
3,0.6361355185508728,1.9489585161209106,0.38944724202156067,926.4526977539062
4,0.6250941157341003,1.383072018623352,0.48073703050613403,178.23252868652344
5,0.6499372720718384,1.5017731189727783,0.38860970735549927,1.9287358522415161
6,0.6067754030227661,1.7299038171768188,0.48241207003593445,1.601859211921692
7,0.5872020125389099,1.9844332933425903,0.45644891262054443,1165.326904296875
8,0.6534504294395447,1.1874825954437256,0.5887772440910339,1.0480843782424927
9,0.6203262209892273,1.38588285446167,0.5603014826774597,1.0102002620697021
10,0.6346298456192017,1.5328075885772705,0.47319933772087097,100.52449798583984
11,0.5997490882873535,1.345250129699707,0.5745393633842468,0.9842130541801453
12,0.6203262209892273,1.1809653043746948,0.43718594312667847,1.1900070905685425
13,0.5904642343521118,1.3289028406143188,0.5351758599281311,0.967643678188324
14,0.6466750502586365,1.1511774063110352,0.5041875839233398,0.8898458480834961
15,0.6730238199234009,1.0501244068145752,0.6566163897514343,0.9844096302986145
16,0.6519448161125183,1.4549407958984375,0.38693466782569885,6.598766326904297
17,0.5942283272743225,1.6641123294830322,0.4782244563102722,6352.5126953125
18,0.5079046487808228,1.6466724872589111,0.4681742191314697,2.491211175918579
19,0.5824341177940369,1.376070261001587,0.6038525700569153,0.9293896555900574
20,0.654454231262207,1.1243932247161865,0.41206029057502747,1.3953111171722412
21,0.6589711308479309,1.1685975790023804,0.5167503952980042,1.2659980058670044
22,0.6808030009269714,0.9081827402114868,0.5209380388259888,0.9615464210510254
23,0.6910915970802307,0.7665442228317261,0.5502512454986572,1.1184265613555908
24,0.7292346358299255,0.7772548198699951,0.591289758682251,1.2518351078033447
25,0.7478042840957642,0.7034604549407959,0.7160804271697998,1.1354789733886719
26,0.7445420622825623,0.6812038421630859,0.6850921511650085,1.1742669343948364
27,0.7736511826515198,0.6505385041236877,0.6222780346870422,1.5558884143829346
28,0.7545796632766724,0.8538932800292969,0.5887772440910339,1.87703537940979
29,0.7395232319831848,0.8705220818519592,0.6206030249595642,1.0172101259231567
30,0.7741530537605286,0.7464529871940613,0.591289758682251,1.0817906856536865
31,0.785947322845459,0.7286984920501709,0.5016750693321228,2.6300113201141357
32,0.8020075559616089,0.6709218621253967,0.5653266310691833,1.3573355674743652
33,0.7580928206443787,0.8200194239616394,0.661641538143158,1.1293911933898926
34,0.7081555724143982,1.0836577415466309,0.428810715675354,4.41880989074707
35,0.694604754447937,1.1989988088607788,0.5108878016471863,5.560378074645996
36,0.748306155204773,0.9392656683921814,0.6206030249595642,2.0174169540405273
37,0.7764115333557129,0.8208360075950623,0.624790608882904,1.2038991451263428
38,0.8065244555473328,0.7256494164466858,0.7093802094459534,0.6375911235809326
39,0.8032622337341309,0.7212557792663574,0.6708542704582214,0.760352373123169
40,0.8253450393676758,0.6399164795875549,0.6281406879425049,1.2221866846084595
41,0.8138017654418945,0.660873293876648,0.5251256227493286,1.023101806640625
42,0.8127979636192322,0.6283649802207947,0.6113902926445007,1.4709359407424927
43,0.844918429851532,0.5033836364746094,0.5644891262054443,1.1840159893035889
44,0.8291091322898865,0.5550321340560913,0.64405357837677,1.0147881507873535
45,0.8569636344909668,0.4355829656124115,0.5963149070739746,1.213610053062439
46,0.8378921151161194,0.551310122013092,0.6599665284156799,1.0646024942398071
47,0.8511919975280762,0.468254953622818,0.552763819694519,1.5772895812988281
48,0.8647427558898926,0.4845447242259979,0.5778894424438477,1.2072430849075317
49,0.8815558552742004,0.42927005887031555,0.5125628113746643,2.9869420528411865
