epoch,accuracy,loss,val_accuracy,val_loss
0,0.500627338886261,5.235968589782715,0.48241207003593445,1014.4834594726562
1,0.5794228315353394,2.336833953857422,0.48241207003593445,1005.6409912109375
2,0.6366373896598816,1.6531078815460205,0.6775544285774231,1.0380395650863647
3,0.6971141695976257,1.3428477048873901,0.6474036574363708,0.954147458076477
4,0.6813048720359802,1.6259007453918457,0.7244555950164795,1.827000379562378
5,0.7081555724143982,1.1357370615005493,0.5050251483917236,1.9285506010055542
6,0.7410288453102112,0.9650754928588867,0.5963149070739746,1.480979323387146
7,0.720200777053833,1.1180003881454468,0.454773873090744,9.255892753601074
8,0.6554579734802246,1.1851463317871094,0.5678392052650452,8.03320598602295
9,0.6341279745101929,1.3270728588104248,0.4681742191314697,11.076197624206543
10,0.5734002590179443,1.6636502742767334,0.40871021151542664,58.59050369262695
11,0.6188205480575562,1.30805242061615,0.5100502371788025,1.1305568218231201
12,0.6707653999328613,0.9408320784568787,0.520100474357605,1.1522899866104126
13,0.680552065372467,1.0326462984085083,0.5075376629829407,1.4345881938934326
14,0.6135508418083191,1.540683388710022,0.4246231019496918,261.20086669921875
15,0.6479297280311584,1.0212860107421875,0.6733668446540833,1.2333441972732544
16,0.6813048720359802,0.9449403882026672,0.5778894424438477,1.5434973239898682
17,0.6976160407066345,0.8143709897994995,0.4614740312099457,92.74312591552734
18,0.695357620716095,0.8771892786026001,0.6582914590835571,1.611641526222229
19,0.728230893611908,0.705303430557251,0.643216073513031,2.034182548522949
20,0.7101631164550781,0.8574138283729553,0.32998326420783997,718.2191162109375
21,0.6737766861915588,1.1249395608901978,0.5025125741958618,1.8501957654953003
22,0.6900878548622131,1.084798812866211,0.4036850929260254,2.651355028152466
23,0.7001254558563232,0.9875943660736084,0.5929648280143738,1.8822845220565796
24,0.7247176766395569,0.7931333184242249,0.5418760180473328,1.9341769218444824
25,0.7302383780479431,0.7283523082733154,0.5653266310691833,2.3763985633850098
26,0.6918444037437439,0.8379621505737305,0.5653266310691833,4.108046531677246
27,0.6597239375114441,0.9774149060249329,0.4195979833602905,2.572791576385498
28,0.5437892079353333,1.4015017747879028,0.6331658363342285,1.4471207857131958
