epoch,accuracy,loss,lr,val_accuracy,val_loss
0,0.36998915672302246,1.571103811264038,0.001,0.3113207519054413,1.749523639678955
1,0.48320692777633667,1.1882882118225098,0.001,0.34433960914611816,1.8895457983016968
2,0.5677139759063721,1.0276093482971191,0.001,0.2720125913619995,3.2824385166168213
3,0.5937161445617676,0.9394386410713196,0.001,0.3050314486026764,2.8070595264434814
4,0.6749728918075562,0.7875354290008545,0.001,0.25943395495414734,4.3198771476745605
5,0.7383531928062439,0.6221126914024353,0.001,0.29559749364852905,4.864004135131836
6,0.7632719278335571,0.57464998960495,0.001,0.35849055647850037,3.554608106613159
7,0.8017334938049316,0.4353947639465332,0.001,0.2704402506351471,4.488794326782227
8,0.8266522288322449,0.3997657299041748,0.001,0.2861635088920593,5.124409198760986
9,0.8282773494720459,0.4247218668460846,0.001,0.21698112785816193,4.829926013946533
10,0.8548212647438049,0.34679457545280457,0.001,0.3176100552082062,4.8454413414001465
11,0.9138678312301636,0.2456195056438446,0.0003,0.2295597493648529,6.087150573730469
12,0.8748645782470703,0.2971581220626831,0.0003,0.30031445622444153,5.848326683044434
13,0.9014084339141846,0.23841999471187592,0.0003,0.2578616440296173,5.359102249145508
14,0.9192849397659302,0.19764462113380432,0.0003,0.25943395495414734,6.32982063293457
15,0.9171180725097656,0.20123650133609772,0.0003,0.27515724301338196,5.666620254516602
16,0.8867822289466858,0.2765280604362488,0.0003,0.2625786066055298,5.316801071166992
17,0.9144095182418823,0.2067028284072876,0.0003,0.2295597493648529,5.574325084686279
18,0.9268689155578613,0.18126539885997772,0.0003,0.2704402506351471,6.090698719024658
19,0.9295774698257446,0.16835640370845795,0.0003,0.2562893033027649,6.602020740509033
20,0.9182015061378479,0.21185418963432312,0.0003,0.30817610025405884,4.5848870277404785
21,0.9420368075370789,0.14552195370197296,9e-05,0.2845911979675293,4.960029602050781
22,0.9474539756774902,0.13186705112457275,9e-05,0.26100629568099976,5.417153835296631
23,0.9544962048530579,0.12442045658826828,9e-05,0.25943395495414734,5.78977632522583
24,0.9561213254928589,0.11225013434886932,9e-05,0.2578616440296173,6.375375747680664
25,0.9539545178413391,0.11948782205581665,9e-05,0.24842767417430878,6.210055351257324
26,0.9539545178413391,0.11941323429346085,9e-05,0.25,6.329712867736816
27,0.9647887349128723,0.10255324840545654,9e-05,0.25,6.25270414352417
28,0.9555796384811401,0.11129438877105713,9e-05,0.2562893033027649,6.354822158813477
29,0.962080180644989,0.09907008707523346,9e-05,0.26572325825691223,6.3908305168151855
30,0.94962078332901,0.11493061482906342,9e-05,0.29559749364852905,5.805793285369873
31,0.9631636142730713,0.09864174574613571,2.7e-05,0.24842767417430878,6.360873699188232
32,0.9723727107048035,0.08712384104728699,2.7e-05,0.25471699237823486,6.408261775970459
33,0.9718309640884399,0.08592414855957031,2.7e-05,0.2562893033027649,6.463174819946289
34,0.9729143977165222,0.08243899047374725,2.7e-05,0.25471699237823486,6.579392433166504
35,0.9756229519844055,0.08128153532743454,2.7e-05,0.26729559898376465,6.408639430999756
36,0.9685807228088379,0.08348916471004486,2.7e-05,0.26100629568099976,6.5202131271362305
37,0.9702058434486389,0.09021081775426865,2.7e-05,0.27358490228652954,6.422895431518555
38,0.9745395183563232,0.08295996487140656,2.7e-05,0.25,6.743067264556885
39,0.9718309640884399,0.08269359916448593,2.7e-05,0.2578616440296173,6.7208123207092285
40,0.9696641564369202,0.08068448305130005,2.7e-05,0.2562893033027649,6.841342449188232
41,0.9696641564369202,0.07963287830352783,8.1e-06,0.2515723407268524,6.950244426727295
42,0.9745395183563232,0.07324039936065674,8.1e-06,0.2578616440296173,6.784621238708496
43,0.976164698600769,0.07767483592033386,8.1e-06,0.2562893033027649,6.805213451385498
44,0.9734561443328857,0.07358379662036896,8.1e-06,0.2578616440296173,6.7970991134643555
45,0.9718309640884399,0.0810021385550499,8.1e-06,0.2562893033027649,6.805883407592773
46,0.9691224098205566,0.07954232394695282,8.1e-06,0.2578616440296173,6.802589416503906
47,0.9696641564369202,0.07761131227016449,8.1e-06,0.25471699237823486,6.877063751220703
48,0.9723727107048035,0.07611506432294846,8.1e-06,0.25471699237823486,6.912355899810791
49,0.9750812649726868,0.07232370227575302,8.1e-06,0.2578616440296173,6.893472671508789
