epoch,accuracy,loss,lr,val_accuracy,val_loss
0,0.359696626663208,1.5342841148376465,0.001,0.3333333432674408,1.7507658004760742
1,0.4902491867542267,1.1763397455215454,0.001,0.33647799491882324,2.067631721496582
2,0.566088855266571,0.9620729684829712,0.001,0.16981132328510284,2.8055615425109863
3,0.5655471086502075,0.9939485788345337,0.001,0.16509434580802917,2.794726848602295
4,0.5823401808738708,0.9088454246520996,0.001,0.33805030584335327,3.3593227863311768
5,0.6928493976593018,0.7727250456809998,0.001,0.16823899745941162,3.302945613861084
6,0.6955579519271851,0.7401007413864136,0.001,0.29402515292167664,3.0319089889526367
7,0.7448537349700928,0.6577010154724121,0.001,0.31446540355682373,3.320366621017456
8,0.7979415059089661,0.5392467379570007,0.001,0.2641509473323822,3.673462390899658
9,0.7773564457893372,0.5492491722106934,0.001,0.3050314486026764,4.095754623413086
10,0.843986988067627,0.4304009974002838,0.001,0.34276729822158813,4.502877235412598
11,0.8802816867828369,0.31019189953804016,0.0003,0.33018869161605835,4.965780258178711
12,0.8949078917503357,0.2711697220802307,0.0003,0.31446540355682373,4.903328895568848
13,0.9079089760780334,0.23326154053211212,0.0003,0.3066037595272064,5.902551651000977
14,0.9122427105903625,0.22502273321151733,0.0003,0.3977987468242645,5.069821357727051
15,0.8943662047386169,0.2729315459728241,0.0003,0.2971698045730591,5.633983135223389
16,0.9176598191261292,0.20126459002494812,0.0003,0.3522012531757355,5.005766868591309
17,0.8911159038543701,0.29368335008621216,0.0003,0.30188679695129395,5.2369608879089355
18,0.9192849397659302,0.19394418597221375,0.0003,0.34276729822158813,5.237494468688965
19,0.922535240650177,0.1749410778284073,0.0003,0.33018869161605835,5.791715621948242
20,0.925785481929779,0.18426579236984253,0.0003,0.27358490228652954,5.804139614105225
21,0.9165763854980469,0.18148621916770935,9e-05,0.33805030584335327,4.961830139160156
22,0.9517876505851746,0.1260778307914734,9e-05,0.3176100552082062,5.323249340057373
23,0.94962078332901,0.12170011550188065,9e-05,0.32232704758644104,5.477407932281494
24,0.9469122290611267,0.12241110950708389,9e-05,0.3066037595272064,5.763836860656738
25,0.9523293375968933,0.11118612438440323,9e-05,0.31603774428367615,5.9587554931640625
26,0.9572047591209412,0.10740169882774353,9e-05,0.2987421452999115,6.214056968688965
27,0.9599133133888245,0.09685984998941422,9e-05,0.3113207519054413,6.156099319458008
28,0.9555796384811401,0.10797011852264404,9e-05,0.3113207519054413,6.201462268829346
29,0.9588298797607422,0.0894991010427475,9e-05,0.2971698045730591,6.683780193328857
30,0.9599133133888245,0.09369074553251266,9e-05,0.3066037595272064,6.52139139175415
31,0.9691224098205566,0.076300248503685,2.7e-05,0.29559749364852905,6.812407970428467
32,0.9680389761924744,0.07861980050802231,2.7e-05,0.2924528419971466,6.76486349105835
33,0.9739978313446045,0.07401252537965775,2.7e-05,0.2971698045730591,6.761754989624023
34,0.9664138555526733,0.08257336914539337,2.7e-05,0.28930819034576416,7.007014274597168
35,0.9702058434486389,0.07506043463945389,2.7e-05,0.29402515292167664,6.859169960021973
36,0.9745395183563232,0.06873463094234467,2.7e-05,0.29402515292167664,6.802394390106201
37,0.9745395183563232,0.06752406060695648,2.7e-05,0.30031445622444153,6.835637092590332
38,0.9696641564369202,0.07441187649965286,2.7e-05,0.28930819034576416,6.965818881988525
39,0.9712892770767212,0.07332414388656616,2.7e-05,0.2924528419971466,6.985267162322998
40,0.9767063856124878,0.06511993706226349,2.7e-05,0.28773584961891174,7.100132942199707
41,0.9826652407646179,0.06098191812634468,8.1e-06,0.28773584961891174,7.202349662780762
42,0.9810400605201721,0.05796205997467041,8.1e-06,0.2908805012702942,7.197859764099121
43,0.9783315062522888,0.06011990085244179,8.1e-06,0.28930819034576416,7.177082538604736
44,0.9777898192405701,0.060997478663921356,8.1e-06,0.28930819034576416,7.194504261016846
45,0.9745395183563232,0.0641261488199234,8.1e-06,0.2908805012702942,7.180202484130859
46,0.9750812649726868,0.06571732461452484,8.1e-06,0.2845911979675293,7.237311363220215
47,0.9739978313446045,0.05932201072573662,8.1e-06,0.28930819034576416,7.219791889190674
48,0.9804983735084534,0.05927680432796478,8.1e-06,0.2924528419971466,7.182931423187256
49,0.9788732528686523,0.058899886906147,8.1e-06,0.28773584961891174,7.3280720710754395
50,0.9783315062522888,0.06058952212333679,8.1e-06,0.2908805012702942,7.229233264923096
51,0.9750812649726868,0.058620110154151917,2.43e-06,0.2908805012702942,7.316713333129883
52,0.9821234941482544,0.055675145238637924,2.43e-06,0.28930819034576416,7.269811630249023
53,0.9783315062522888,0.061605315655469894,2.43e-06,0.2924528419971466,7.238798141479492
54,0.9804983735084534,0.05772663280367851,2.43e-06,0.2908805012702942,7.2584710121154785
55,0.9783315062522888,0.0594959482550621,2.43e-06,0.28930819034576416,7.305464267730713
56,0.9767063856124878,0.05896487832069397,2.43e-06,0.2908805012702942,7.305281639099121
57,0.9794149398803711,0.0583522766828537,2.43e-06,0.2908805012702942,7.29822301864624
58,0.9821234941482544,0.05430656671524048,2.43e-06,0.2924528419971466,7.306046962738037
59,0.9772481322288513,0.056610412895679474,2.43e-06,0.28930819034576416,7.363967418670654
60,0.9783315062522888,0.05976761505007744,2.43e-06,0.2908805012702942,7.321627616882324
61,0.9745395183563232,0.06059136614203453,1e-06,0.2908805012702942,7.312299728393555
62,0.9810400605201721,0.053748711943626404,1e-06,0.28773584961891174,7.332485198974609
63,0.9799566864967346,0.05838716775178909,1e-06,0.28930819034576416,7.319856643676758
64,0.9750812649726868,0.061553262174129486,1e-06,0.28930819034576416,7.343229293823242
65,0.9772481322288513,0.05662674829363823,1e-06,0.28930819034576416,7.36347770690918
66,0.9734561443328857,0.05806097760796547,1e-06,0.28930819034576416,7.339641094207764
67,0.9837486743927002,0.05477815121412277,1e-06,0.28930819034576416,7.325627326965332
68,0.9815818071365356,0.05923311039805412,1e-06,0.28930819034576416,7.3385515213012695
69,0.9745395183563232,0.05977931246161461,1e-06,0.2908805012702942,7.338343620300293
70,0.9788732528686523,0.05782102793455124,1e-06,0.28773584961891174,7.369324207305908
71,0.9767063856124878,0.06315358728170395,1e-06,0.28773584961891174,7.369424819946289
72,0.976164698600769,0.05686597153544426,1e-06,0.28773584961891174,7.3638529777526855
73,0.9804983735084534,0.05537748336791992,1e-06,0.28773584961891174,7.368316650390625
74,0.9804983735084534,0.0581071674823761,1e-06,0.28930819034576416,7.3660736083984375
75,0.9723727107048035,0.06256980448961258,1e-06,0.28930819034576416,7.34550666809082
76,0.9783315062522888,0.06304429471492767,1e-06,0.28930819034576416,7.362771511077881
77,0.9767063856124878,0.05676468834280968,1e-06,0.28930819034576416,7.355237007141113
78,0.9788732528686523,0.05984455347061157,1e-06,0.28930819034576416,7.356466770172119
79,0.976164698600769,0.062499720603227615,1e-06,0.28930819034576416,7.352883815765381
80,0.9772481322288513,0.05758240818977356,1e-06,0.28773584961891174,7.387795925140381
81,0.9777898192405701,0.058037761598825455,1e-06,0.28930819034576416,7.3882904052734375
82,0.9794149398803711,0.05873316898941994,1e-06,0.28930819034576416,7.370561122894287
83,0.9815818071365356,0.057035502046346664,1e-06,0.28930819034576416,7.3668036460876465
84,0.9788732528686523,0.056080445647239685,1e-06,0.28930819034576416,7.357705116271973
85,0.9804983735084534,0.05687982961535454,1e-06,0.28930819034576416,7.386927604675293
86,0.9810400605201721,0.05673553794622421,1e-06,0.28930819034576416,7.375828266143799
87,0.9826652407646179,0.05424593389034271,1e-06,0.28930819034576416,7.371220588684082
88,0.9804983735084534,0.055138055235147476,1e-06,0.28930819034576416,7.382929801940918
89,0.9799566864967346,0.05404258891940117,1e-06,0.28930819034576416,7.411276340484619
90,0.9804983735084534,0.05344307795166969,1e-06,0.28930819034576416,7.399127006530762
91,0.9799566864967346,0.05302545428276062,1e-06,0.28930819034576416,7.374557971954346
92,0.9799566864967346,0.053853318095207214,1e-06,0.28930819034576416,7.386517524719238
93,0.9783315062522888,0.05522209033370018,1e-06,0.28930819034576416,7.400702476501465
94,0.9767063856124878,0.05854571610689163,1e-06,0.28930819034576416,7.393967628479004
95,0.9821234941482544,0.05650876834988594,1e-06,0.28930819034576416,7.3843255043029785
96,0.9832069277763367,0.05473313853144646,1e-06,0.28930819034576416,7.386119365692139
97,0.9821234941482544,0.05636978521943092,1e-06,0.28930819034576416,7.364143371582031
98,0.9821234941482544,0.054842282086610794,1e-06,0.28930819034576416,7.399288177490234
99,0.9794149398803711,0.05604575201869011,1e-06,0.28930819034576416,7.394411563873291
100,0.9767063856124878,0.0578351654112339,1e-06,0.28930819034576416,7.390322685241699
