epoch,accuracy,loss,lr,val_accuracy,val_loss
0,0.30606716871261597,1.6824549436569214,0.001,0.349056601524353,1.6164566278457642
1,0.47995665669441223,1.2416298389434814,0.001,0.2154088020324707,1.7097448110580444
2,0.5747562050819397,0.9719346761703491,0.001,0.24528302252292633,2.1827423572540283
3,0.6327193975448608,0.8389905095100403,0.001,0.27358490228652954,2.453091859817505
4,0.6966413855552673,0.7509868741035461,0.001,0.16823899745941162,3.291943073272705
5,0.7204766869544983,0.6816347241401672,0.001,0.3191823959350586,3.0138137340545654
6,0.7854821085929871,0.5297520756721497,0.001,0.2987421452999115,3.3504021167755127
7,0.7789815664291382,0.5566827654838562,0.001,0.26100629568099976,3.4578676223754883
8,0.8055254817008972,0.4895194470882416,0.001,0.2861635088920593,2.8584225177764893
9,0.7903575301170349,0.5162856578826904,0.001,0.2783018946647644,3.5265913009643555
10,0.8331527709960938,0.4173533320426941,0.001,0.32389935851097107,3.975595235824585
11,0.8943662047386169,0.30105820298194885,0.0003,0.34276729822158813,4.306917667388916
12,0.9171180725097656,0.23189647495746613,0.0003,0.3066037595272064,5.821702480316162
13,0.8710725903511047,0.3116869032382965,0.0003,0.34276729822158813,4.369736194610596
14,0.8867822289466858,0.2698096036911011,0.0003,0.375786155462265,4.178215026855469
15,0.9182015061378479,0.20939955115318298,0.0003,0.3128930926322937,5.160447597503662
16,0.9138678312301636,0.2018824815750122,0.0003,0.32389935851097107,4.877725124359131
17,0.9122427105903625,0.21778959035873413,0.0003,0.33805030584335327,4.9312520027160645
18,0.9165763854980469,0.19982030987739563,0.0003,0.3128930926322937,4.856995582580566
19,0.9263271689414978,0.17775335907936096,0.0003,0.30974844098091125,5.109678268432617
20,0.9366196990013123,0.15223367512226105,0.0003,0.3050314486026764,4.958451747894287
21,0.9566630721092224,0.12220951914787292,9e-05,0.30031445622444153,5.621417045593262
22,0.9436619877815247,0.1282469928264618,9e-05,0.30031445622444153,5.574418544769287
23,0.9534127712249756,0.11204986274242401,9e-05,0.3128930926322937,5.538451671600342
24,0.9593716263771057,0.10507836192846298,9e-05,0.33647799491882324,5.4525275230407715
25,0.9544962048530579,0.109029620885849,9e-05,0.2987421452999115,5.663219928741455
26,0.9539545178413391,0.10921180993318558,9e-05,0.30031445622444153,5.820072174072266
27,0.9669556021690369,0.08606113493442535,9e-05,0.2971698045730591,6.362921714782715
28,0.9593716263771057,0.09244105219841003,9e-05,0.28930819034576416,6.028032302856445
29,0.9555796384811401,0.10055436939001083,9e-05,0.28930819034576416,6.081245422363281
30,0.9691224098205566,0.08288952708244324,9e-05,0.30188679695129395,6.076406955718994
31,0.9680389761924744,0.07807915657758713,2.7e-05,0.2971698045730591,6.358731746673584
32,0.9734561443328857,0.07579783350229263,2.7e-05,0.2908805012702942,6.291784763336182
33,0.9707475900650024,0.07494336366653442,2.7e-05,0.29402515292167664,6.355866432189941
34,0.9783315062522888,0.06733149290084839,2.7e-05,0.30031445622444153,6.328015327453613
35,0.9734561443328857,0.07042921334505081,2.7e-05,0.28773584961891174,6.555009841918945
36,0.9750812649726868,0.06815947592258453,2.7e-05,0.30031445622444153,6.2726335525512695
37,0.9756229519844055,0.07361463457345963,2.7e-05,0.28773584961891174,6.5989813804626465
38,0.9718309640884399,0.07330073416233063,2.7e-05,0.2845911979675293,6.600285530090332
39,0.9767063856124878,0.07041365653276443,2.7e-05,0.2987421452999115,6.403295993804932
40,0.9777898192405701,0.06559789180755615,2.7e-05,0.2830188572406769,6.790500640869141
41,0.9745395183563232,0.06936483830213547,8.1e-06,0.2861635088920593,6.534721851348877
42,0.9837486743927002,0.0575864277780056,8.1e-06,0.2861635088920593,6.597878932952881
43,0.9832069277763367,0.052865590900182724,8.1e-06,0.2861635088920593,6.671628475189209
44,0.9837486743927002,0.05889227241277695,8.1e-06,0.2924528419971466,6.5905232429504395
45,0.9821234941482544,0.055931456387043,8.1e-06,0.28773584961891174,6.622018814086914
46,0.9837486743927002,0.055368732661008835,8.1e-06,0.28773584961891174,6.806752681732178
47,0.9799566864967346,0.05876782909035683,8.1e-06,0.2861635088920593,6.785175323486328
48,0.9777898192405701,0.05857810378074646,8.1e-06,0.28930819034576416,6.638821601867676
49,0.9788732528686523,0.06092187762260437,8.1e-06,0.30188679695129395,6.576231002807617
