epoch,accuracy,loss,lr,val_accuracy,val_loss
0,0.48970746994018555,3.5474843978881836,0.001,0.25943395495414734,107.3885269165039
1,0.716143012046814,0.7278380990028381,0.001,0.25471699237823486,3.90874981880188
2,0.7112675905227661,1.3411985635757446,0.001,0.25943395495414734,8273.736328125
3,0.7811484336853027,0.5697475075721741,0.001,0.16509434580802917,69.77105712890625
4,0.7843986749649048,0.5964319705963135,0.001,0.25471699237823486,16.149639129638672
5,0.8293607831001282,0.5390414595603943,0.001,0.25471699237823486,13.049248695373535
6,0.8716142773628235,0.34015488624572754,0.001,0.27515724301338196,12.801602363586426
7,0.7881906628608704,0.7268781661987305,0.001,0.3663522005081177,46.598236083984375
8,0.8250271081924438,0.4620022773742676,0.001,0.2091194987297058,5.618399620056152
9,0.8770314455032349,0.3088083267211914,0.001,0.3537735939025879,4.3727850914001465
10,0.9349945783615112,0.1999853253364563,0.001,0.47641509771347046,7.106033802032471
11,0.7546045780181885,2.0030932426452637,0.001,0.25943395495414734,14466.234375
12,0.7383531928062439,0.7497471570968628,0.0003,0.2625786066055298,13.648603439331055
13,0.7768147587776184,0.8300281763076782,0.0003,0.33018869161605835,3.140157699584961
14,0.806067168712616,1.4184703826904297,0.0003,0.3270440399646759,4.979284286499023
15,0.7432286143302917,1.341112494468689,0.0003,0.30974844098091125,489.8597106933594
16,0.8320693373680115,0.47320568561553955,0.0003,0.3600628972053528,18.07046890258789
17,0.8781148195266724,0.40118440985679626,0.0003,0.40723270177841187,4.115650653839111
18,0.8726977109909058,0.33464887738227844,0.0003,0.37106919288635254,3.4273037910461426
19,0.8981581926345825,0.27062612771987915,0.0003,0.4874213933944702,3.6446664333343506
20,0.9295774698257446,0.2161855846643448,0.0003,0.43553459644317627,3.2756006717681885
21,0.9344528913497925,0.3085164427757263,0.0003,0.46855345368385315,3.3261032104492188
22,0.8894907832145691,0.5491015315055847,0.0003,0.4182389974594116,6.1095709800720215
23,0.9062838554382324,0.34166258573532104,0.0003,0.4575471580028534,3.6550819873809814
24,0.9501625299453735,0.44615885615348816,9e-05,0.4512578547000885,3.768503189086914
25,0.94962078332901,0.31788644194602966,9e-05,0.42610064148902893,3.8974692821502686
26,0.9523293375968933,0.17035356163978577,9e-05,0.400943398475647,4.1855549812316895
27,0.9712892770767212,0.10266919434070587,9e-05,0.3836477994918823,4.263067722320557
28,0.9539545178413391,0.1392589509487152,9e-05,0.38679245114326477,4.420517444610596
29,0.9572047591209412,0.2283702790737152,9e-05,0.349056601524353,4.535889625549316
30,0.9517876505851746,0.16142632067203522,9e-05,0.347484290599823,4.481661319732666
31,0.9577465057373047,0.11549513787031174,9e-05,0.39150944352149963,4.284477233886719
32,0.9653304219245911,0.10361051559448242,9e-05,0.402515709400177,4.504349231719971
33,0.9593716263771057,0.13053858280181885,9e-05,0.4245283007621765,4.0706071853637695
34,0.9588298797607422,0.11979406327009201,2.7e-05,0.39150944352149963,4.234466552734375
35,0.9810400605201721,0.10421909391880035,2.7e-05,0.39937105774879456,4.269505500793457
36,0.9745395183563232,0.0905076414346695,2.7e-05,0.40723270177841187,4.331479072570801
37,0.9723727107048035,0.08691058307886124,2.7e-05,0.3899371027946472,4.5134429931640625
38,0.9696641564369202,0.09114225953817368,2.7e-05,0.39308175444602966,4.522725582122803
39,0.9848320484161377,0.0719030573964119,2.7e-05,0.3946540951728821,4.545192718505859
40,0.9804983735084534,0.07089168578386307,2.7e-05,0.38522014021873474,4.608465194702148
41,0.9767063856124878,0.0848814845085144,2.7e-05,0.3883647918701172,4.597505569458008
42,0.9783315062522888,0.08112965524196625,2.7e-05,0.38679245114326477,4.677666187286377
43,0.9745395183563232,0.28713908791542053,2.7e-05,0.41194969415664673,4.4167046546936035
44,0.9723727107048035,0.11176169663667679,8.1e-06,0.40723270177841187,4.5201191902160645
45,0.9756229519844055,0.07908320426940918,8.1e-06,0.3883647918701172,4.675703525543213
46,0.9772481322288513,0.14669717848300934,8.1e-06,0.4088050425052643,4.74458122253418
47,0.9756229519844055,0.06927012652158737,8.1e-06,0.40723270177841187,4.698452472686768
48,0.976164698600769,0.07678031176328659,8.1e-06,0.40566039085388184,4.7341814041137695
49,0.9832069277763367,0.05505050718784332,8.1e-06,0.40566039085388184,4.750147342681885
