epoch,accuracy,loss,lr,val_accuracy,val_loss
0,0.4057421386241913,4.163182735443115,0.001,0.2987421452999115,6.172518730163574
1,0.638678252696991,1.6570260524749756,0.001,0.25471699237823486,4.311151027679443
2,0.6960996985435486,1.1476010084152222,0.001,0.25471699237823486,4.1329026222229
3,0.6717226505279541,1.2101322412490845,0.001,0.19339622557163239,3.2894985675811768
4,0.7340195178985596,0.759631335735321,0.001,0.2562893033027649,4.005093574523926
5,0.8147345781326294,0.47985973954200745,0.001,0.2154088020324707,3.7452304363250732
6,0.8369447588920593,0.4445887804031372,0.001,0.28773584961891174,5.637043476104736
7,0.8206933736801147,0.4903144836425781,0.001,0.349056601524353,4.44068717956543
8,0.8353196382522583,0.6300839185714722,0.001,0.2091194987297058,9.545970916748047
9,0.8315276503562927,0.557370662689209,0.001,0.4292452931404114,4.664787292480469
10,0.8748645782470703,0.3509872853755951,0.001,0.4245283007621765,5.057109355926514
11,0.9122427105903625,0.25253352522850037,0.001,0.47641509771347046,3.1771528720855713
12,0.870530903339386,0.5208425521850586,0.001,0.45440250635147095,304.7745056152344
13,0.922535240650177,0.3911581337451935,0.001,0.5172955989837646,2.806746244430542
14,0.8656554818153381,0.790675938129425,0.001,0.39937105774879456,6.1416497230529785
15,0.9290357232093811,0.2054719626903534,0.001,0.4984276592731476,2.980571985244751
16,0.946370542049408,0.1742650270462036,0.001,0.44811320304870605,3.91390061378479
17,0.9599133133888245,0.1229386106133461,0.001,0.5330188870429993,2.797161817550659
18,0.6733477711677551,1.379475712776184,0.001,0.30817610025405884,16975.310546875
19,0.8152762651443481,1.2780709266662598,0.001,0.3270440399646759,155.6421661376953
20,0.8656554818153381,0.4335598945617676,0.001,0.32861635088920593,5.24202299118042
21,0.8775731325149536,0.4991537034511566,0.001,0.3820754587650299,4.026421546936035
22,0.8163596987724304,0.6483166217803955,0.001,0.44811320304870605,179.28184509277344
23,0.8764896988868713,0.35933583974838257,0.001,0.5157232880592346,4.855320453643799
24,0.9008667469024658,0.7251906394958496,0.001,0.4858490526676178,2.893263101577759
25,0.9106175303459167,0.5107308626174927,0.001,0.36477985978126526,316.88446044921875
26,0.8732394576072693,0.3724748194217682,0.001,0.43396225571632385,7.145130634307861
27,0.924160361289978,0.2159322202205658,0.001,0.37735849618911743,5.391844272613525
28,0.9534127712249756,0.3704646825790405,0.0003,0.4591194987297058,5.0866289138793945
29,0.9523293375968933,0.13208502531051636,0.0003,0.45597484707832336,4.098696708679199
30,0.9626218676567078,0.10720553249120712,0.0003,0.49056604504585266,3.666006088256836
31,0.9685807228088379,0.15367630124092102,0.0003,0.3820754587650299,3.492918014526367
32,0.9588298797607422,0.126898393034935,0.0003,0.40723270177841187,3.557184934616089
33,0.9577465057373047,0.12764135003089905,0.0003,0.42138364911079407,3.2554376125335693
34,0.9712892770767212,0.10711599141359329,0.0003,0.41194969415664673,3.8005290031433105
35,0.9767063856124878,0.07396998256444931,0.0003,0.402515709400177,3.625934362411499
36,0.9696641564369202,0.268039345741272,0.0003,0.4150943458080292,3.5189876556396484
37,0.9669556021690369,0.08174820244312286,0.0003,0.44025155901908875,3.536984920501709
38,0.9815818071365356,0.06043339520692825,9e-05,0.4088050425052643,3.6077163219451904
39,0.9799566864967346,0.07319770008325577,9e-05,0.41194969415664673,3.7799041271209717
40,0.9853737950325012,0.0906355008482933,9e-05,0.4386792480945587,3.733942747116089
41,0.9891657829284668,0.04126260429620743,9e-05,0.4433962404727936,3.9142215251922607
42,0.984290361404419,0.06861519068479538,9e-05,0.40723270177841187,3.9647092819213867
43,0.9821234941482544,0.0624048113822937,9e-05,0.41194969415664673,4.366511344909668
44,0.9934994578361511,0.3259609043598175,9e-05,0.41981130838394165,3.7659220695495605
45,0.9934994578361511,0.027710294350981712,9e-05,0.38522014021873474,4.126245975494385
46,0.9853737950325012,0.04486529901623726,9e-05,0.375786155462265,4.2915873527526855
47,0.9897074699401855,0.03784908354282379,9e-05,0.3899371027946472,4.329559326171875
48,0.9897074699401855,0.030343592166900635,2.7e-05,0.3899371027946472,4.423831462860107
49,0.9913325905799866,0.34684649109840393,2.7e-05,0.3899371027946472,4.532188415527344
