epoch,accuracy,loss,lr,val_accuracy,val_loss
0,0.5081256628036499,3.036848545074463,0.001,0.25943395495414734,72596.859375
1,0.7069339156150818,1.445457100868225,0.001,0.18553459644317627,156.19833374023438
2,0.6489707231521606,2.1249101161956787,0.001,0.25943395495414734,829.588623046875
3,0.7258937954902649,2.6003997325897217,0.001,0.039308175444602966,7.177676200866699
4,0.7979415059089661,0.5088498592376709,0.001,0.25471699237823486,9.285688400268555
5,0.7908992171287537,0.9420594573020935,0.001,0.2908805012702942,7.754403591156006
6,0.7860238552093506,1.93295419216156,0.001,0.22484277188777924,5.8492326736450195
7,0.766522228717804,0.9586399793624878,0.001,0.2154088020324707,11.338543891906738
8,0.818526566028595,0.6616023778915405,0.001,0.2075471729040146,8.45538330078125
9,0.7860238552093506,2.044890880584717,0.001,0.33805030584335327,4115.7265625
10,0.8223185539245605,0.558280348777771,0.001,0.4716981053352356,5.475443363189697
11,0.7258937954902649,1.674953579902649,0.001,0.2720125913619995,102.97135925292969
12,0.796316385269165,0.6358439326286316,0.001,0.2987421452999115,10.517996788024902
13,0.8494040966033936,0.40373486280441284,0.001,0.3066037595272064,4.857405185699463
14,0.8651137351989746,0.4064123332500458,0.001,0.22484277188777924,4.037092685699463
15,0.9019501805305481,0.27997827529907227,0.001,0.40723270177841187,4.796952247619629
16,0.9209100604057312,0.23221401870250702,0.001,0.39308175444602966,4.844966411590576
17,0.9252437949180603,0.21294941008090973,0.001,0.38679245114326477,3.669342517852783
18,0.9165763854980469,0.24758806824684143,0.001,0.39937105774879456,4.039636611938477
19,0.8087757229804993,0.9222398400306702,0.001,0.3411949574947357,590.5235595703125
20,0.7833153009414673,0.716736376285553,0.001,0.30188679695129395,5.602664470672607
21,0.8434453010559082,0.6456281542778015,0.001,0.26729559898376465,4.217797756195068
22,0.8846153616905212,0.31788671016693115,0.001,0.4433962404727936,3.2939906120300293
23,0.872156023979187,0.3262285888195038,0.001,0.2908805012702942,3.154891014099121
24,0.8884073495864868,0.30079835653305054,0.001,0.3176100552082062,3.8688316345214844
25,0.9089924097061157,0.27574315667152405,0.001,0.4182389974594116,3.3477091789245605
26,0.9079089760780334,0.23627646267414093,0.001,0.47484275698661804,3.4303689002990723
27,0.9414951205253601,0.1739995777606964,0.001,0.4245283007621765,3.189445734024048
28,0.9485373497009277,0.14788439869880676,0.001,0.38522014021873474,3.2444615364074707
29,0.9517876505851746,0.12736716866493225,0.001,0.4088050425052643,3.4954147338867188
30,0.9414951205253601,0.15472954511642456,0.001,0.3899371027946472,3.8822920322418213
31,0.9712892770767212,0.0952460840344429,0.001,0.47484275698661804,3.764014959335327
32,0.947995662689209,0.1710256189107895,0.001,0.3616352081298828,3.2440600395202637
33,0.8878656625747681,0.9227700233459473,0.001,0.3616352081298828,4.708056926727295
34,0.9626218676567078,0.1088162362575531,0.0003,0.42138364911079407,4.43841028213501
35,0.976164698600769,0.09842658042907715,0.0003,0.4433962404727936,4.319713115692139
36,0.9658721685409546,0.3853793740272522,0.0003,0.31446540355682373,4.7360734939575195
37,0.9788732528686523,0.06916739791631699,0.0003,0.4371069073677063,4.821115970611572
38,0.9745395183563232,0.07655487954616547,0.0003,0.44025155901908875,4.681467056274414
39,0.9696641564369202,0.0903802141547203,0.0003,0.4292452931404114,4.19083833694458
40,0.9837486743927002,0.07042784243822098,0.0003,0.45440250635147095,3.9530577659606934
41,0.9886240363121033,0.04130261018872261,0.0003,0.42767295241355896,4.366034507751465
42,0.9788732528686523,0.3311331272125244,0.0003,0.4103773534297943,4.703746318817139
43,0.9815818071365356,0.0760987251996994,0.0003,0.41352200508117676,4.932631969451904
44,0.9891657829284668,0.03914576768875122,9e-05,0.43396225571632385,4.7661848068237305
45,0.987540602684021,0.0419166199862957,9e-05,0.43553459644317627,4.742974758148193
46,0.9902492165565491,0.03487861156463623,9e-05,0.4371069073677063,4.8121466636657715
47,0.987540602684021,0.04464573785662651,9e-05,0.44025155901908875,4.731201648712158
48,0.9918743371963501,0.03873218223452568,9e-05,0.4308176040649414,4.716541290283203
49,0.9918743371963501,0.028709063306450844,9e-05,0.4386792480945587,4.824998378753662
50,0.9902492165565491,0.031402140855789185,9e-05,0.4386792480945587,4.883898735046387
51,0.9891657829284668,0.03248083218932152,9e-05,0.446540892124176,4.814369201660156
52,0.9826652407646179,0.04811224713921547,9e-05,0.4386792480945587,4.407478332519531
53,0.9918743371963501,0.03822196647524834,9e-05,0.43553459644317627,4.678979873657227
54,0.9945828914642334,0.02521481364965439,2.7e-05,0.4449685513973236,4.865096569061279
55,0.9962080121040344,0.020582541823387146,2.7e-05,0.44025155901908875,5.086132526397705
56,0.9945828914642334,0.022375844419002533,2.7e-05,0.4386792480945587,5.071079254150391
57,0.9924160242080688,0.057452503591775894,2.7e-05,0.4449685513973236,5.1433329582214355
58,0.9962080121040344,0.021838383749127388,2.7e-05,0.44182389974594116,5.176676273345947
59,0.9924160242080688,0.02113359607756138,2.7e-05,0.44025155901908875,5.153463363647461
60,0.9913325905799866,0.027581028640270233,2.7e-05,0.44182389974594116,5.03464937210083
61,0.9972914457321167,0.01648133620619774,2.7e-05,0.44025155901908875,5.058907985687256
62,0.9886240363121033,0.03845219314098358,2.7e-05,0.4371069073677063,4.927944183349609
63,0.9962080121040344,0.020702026784420013,2.7e-05,0.4371069073677063,5.053156852722168
64,0.9929577708244324,0.030092112720012665,8.1e-06,0.4371069073677063,4.986648082733154
65,0.9956663250923157,0.015183158218860626,8.1e-06,0.4371069073677063,4.995171546936035
66,0.9956663250923157,0.18961837887763977,8.1e-06,0.4386792480945587,5.0659661293029785
67,0.9945828914642334,0.022411586716771126,8.1e-06,0.4386792480945587,5.0475287437438965
68,0.9940411448478699,0.02136487327516079,8.1e-06,0.4386792480945587,5.130519866943359
69,0.9945828914642334,0.031215757131576538,8.1e-06,0.44025155901908875,5.176646709442139
70,0.9945828914642334,0.016923973336815834,8.1e-06,0.4386792480945587,5.149493217468262
71,0.996749758720398,0.014975751750171185,8.1e-06,0.43553459644317627,5.1562299728393555
72,0.9929577708244324,0.029879579320549965,8.1e-06,0.44025155901908875,5.136565208435059
73,0.996749758720398,0.016845280304551125,8.1e-06,0.44025155901908875,5.185085296630859
74,0.9956663250923157,0.0354769341647625,2.43e-06,0.4371069073677063,5.208251476287842
75,0.9972914457321167,0.015308992937207222,2.43e-06,0.4371069073677063,5.2439446449279785
76,0.9913325905799866,0.03158096596598625,2.43e-06,0.4386792480945587,5.254386901855469
77,0.9913325905799866,0.029721271246671677,2.43e-06,0.44025155901908875,5.280563831329346
78,0.9918743371963501,0.029969802126288414,2.43e-06,0.44025155901908875,5.24367094039917
79,0.9962080121040344,0.014358079992234707,2.43e-06,0.44025155901908875,5.239284992218018
80,0.9951245784759521,0.020235585048794746,2.43e-06,0.4371069073677063,5.190652370452881
81,0.9962080121040344,0.018054485321044922,2.43e-06,0.4371069073677063,5.170039176940918
82,0.9962080121040344,0.020221438258886337,2.43e-06,0.4386792480945587,5.184811592102051
83,0.9962080121040344,0.015670815482735634,2.43e-06,0.4371069073677063,5.187692165374756
84,0.9897074699401855,0.03778572008013725,1e-06,0.4371069073677063,5.193765163421631
85,0.9913325905799866,0.035372305661439896,1e-06,0.4371069073677063,5.163845539093018
86,0.9902492165565491,0.033379245549440384,1e-06,0.4371069073677063,5.200189113616943
87,0.9907909035682678,0.03239936754107475,1e-06,0.4371069073677063,5.212251663208008
88,0.9940411448478699,0.024001270532608032,1e-06,0.4371069073677063,5.182745456695557
89,0.9945828914642334,0.19243106245994568,1e-06,0.4386792480945587,5.115568161010742
90,0.9924160242080688,0.08435286581516266,1e-06,0.4371069073677063,5.122992515563965
91,0.9972914457321167,0.014204248785972595,1e-06,0.43553459644317627,5.139833927154541
92,0.9934994578361511,0.02350693941116333,1e-06,0.4371069073677063,5.1336989402771
93,0.9924160242080688,0.2098817676305771,1e-06,0.4371069073677063,5.148446083068848
94,0.9929577708244324,0.02985924296081066,1e-06,0.43553459644317627,5.144963264465332
95,0.9962080121040344,0.01866172067821026,1e-06,0.43553459644317627,5.113931655883789
96,0.9978331327438354,0.015352590940892696,1e-06,0.43553459644317627,5.137977600097656
97,0.9989165663719177,0.013746055774390697,1e-06,0.43553459644317627,5.128724575042725
98,0.9962080121040344,0.017488472163677216,1e-06,0.43553459644317627,5.133482456207275
99,0.9962080121040344,0.016887640580534935,1e-06,0.43553459644317627,5.136744022369385
100,0.9962080121040344,0.01663101650774479,1e-06,0.43553459644317627,5.135598659515381
101,0.998374879360199,0.013730250298976898,1e-06,0.43553459644317627,5.15534782409668
102,0.9913325905799866,0.2675415277481079,1e-06,0.4371069073677063,5.1694207191467285
103,0.9972914457321167,0.012355330400168896,1e-06,0.4371069073677063,5.168860912322998
104,0.9978331327438354,0.016161423176527023,1e-06,0.4371069073677063,5.149494171142578
105,0.9945828914642334,0.019893880933523178,1e-06,0.4371069073677063,5.164982795715332
106,0.9951245784759521,0.019423114135861397,1e-06,0.4371069073677063,5.162024974822998
107,0.9940411448478699,0.023072635754942894,1e-06,0.4371069073677063,5.155941486358643
108,0.9940411448478699,0.02437577210366726,1e-06,0.4371069073677063,5.158451557159424
109,0.996749758720398,0.015460589900612831,1e-06,0.4371069073677063,5.16697883605957
110,0.9924160242080688,0.034889932721853256,1e-06,0.4371069073677063,5.192822456359863
111,0.9940411448478699,0.020575357601046562,1e-06,0.4371069073677063,5.176269054412842
112,0.9945828914642334,0.17296728491783142,1e-06,0.43553459644317627,5.184288024902344
113,0.9978331327438354,0.012595045380294323,1e-06,0.4386792480945587,5.211426734924316
114,0.996749758720398,0.015886880457401276,1e-06,0.4371069073677063,5.181441783905029
115,0.9956663250923157,0.02109813503921032,1e-06,0.4386792480945587,5.195494651794434
116,0.9945828914642334,0.020870883017778397,1e-06,0.4371069073677063,5.196279048919678
117,0.9962080121040344,0.015321782790124416,1e-06,0.4371069073677063,5.22134256362915
118,0.9951245784759521,0.018129726871848106,1e-06,0.4386792480945587,5.186641693115234
119,0.9913325905799866,0.02498268336057663,1e-06,0.4386792480945587,5.194975852966309
120,0.9924160242080688,0.027796218171715736,1e-06,0.43553459644317627,5.208916187286377
121,0.9945828914642334,0.0265873484313488,1e-06,0.4371069073677063,5.195735454559326
122,0.9945828914642334,0.027928268536925316,1e-06,0.43553459644317627,5.184837818145752
123,0.9918743371963501,0.02951139770448208,1e-06,0.43553459644317627,5.192113876342773
