epoch,accuracy,loss,lr,val_accuracy,val_loss
0,0.6002166867256165,0.8825691938400269,0.001,0.4386792480945587,1.0594067573547363
1,0.7676056623458862,0.6289578676223755,0.001,0.5141509175300598,1.1239076852798462
2,0.8152762651443481,0.5030240416526794,0.001,0.4433962404727936,1.1817960739135742
3,0.8131093978881836,0.47150862216949463,0.001,0.4088050425052643,1.232266902923584
4,0.8320693373680115,0.42484796047210693,0.001,0.40723270177841187,1.2547229528427124
5,0.8353196382522583,0.4103819727897644,0.001,0.3459119498729706,1.4796956777572632
6,0.835861325263977,0.3922617733478546,0.001,0.41352200508117676,1.4464601278305054
7,0.8542795181274414,0.35114043951034546,0.001,0.35691824555397034,1.8004616498947144
8,0.8531960844993591,0.3293125331401825,0.001,0.3663522005081177,1.8672423362731934
9,0.8602383732795715,0.3203714191913605,0.001,0.19339622557163239,3.5396928787231445
10,0.8629469275474548,0.33476144075393677,0.001,0.374213844537735,2.291200637817383
11,0.8553629517555237,0.33372583985328674,0.0003,0.34433960914611816,2.199942111968994
12,0.8699891567230225,0.2956444025039673,0.0003,0.3522012531757355,2.4229674339294434
13,0.8791982531547546,0.2912244200706482,0.0003,0.3270440399646759,2.3653147220611572
14,0.8678222894668579,0.3003220558166504,0.0003,0.3317610025405884,2.8581440448760986
15,0.8824485540390015,0.27200472354888916,0.0003,0.33805030584335327,2.779397964477539
16,0.8916576504707336,0.2603285014629364,0.0003,0.30974844098091125,2.986121892929077
17,0.8911159038543701,0.2697027623653412,0.0003,0.32232704758644104,3.3543970584869385
18,0.8889490962028503,0.27583786845207214,0.0003,0.32232704758644104,3.131202220916748
19,0.8824485540390015,0.28228241205215454,0.0003,0.32389935851097107,2.923036575317383
20,0.8932827711105347,0.26469552516937256,0.0003,0.32389935851097107,2.590585947036743
21,0.9019501805305481,0.2554933726787567,9e-05,0.32389935851097107,2.676056146621704
22,0.8954496383666992,0.2578207850456238,9e-05,0.3270440399646759,2.9451262950897217
23,0.9024918675422668,0.25478267669677734,9e-05,0.3207547068595886,3.093151569366455
24,0.8878656625747681,0.2710621953010559,9e-05,0.3349056541919708,2.992720365524292
25,0.8921993374824524,0.266361802816391,9e-05,0.32232704758644104,2.859973669052124
26,0.9035753011703491,0.24100646376609802,9e-05,0.3349056541919708,3.0422239303588867
27,0.9041169881820679,0.2617621421813965,9e-05,0.3113207519054413,3.0516607761383057
28,0.9019501805305481,0.2436889261007309,9e-05,0.3396226465702057,3.0185608863830566
29,0.9057421684265137,0.2490178793668747,9e-05,0.3317610025405884,3.1426172256469727
30,0.9014084339141846,0.24213488399982452,9e-05,0.32389935851097107,3.13761305809021
31,0.9024918675422668,0.23585474491119385,2.7e-05,0.3270440399646759,3.148690700531006
32,0.9003250002861023,0.24536561965942383,2.7e-05,0.33018869161605835,3.132658004760742
33,0.9068255424499512,0.2342134714126587,2.7e-05,0.3396226465702057,3.19102144241333
34,0.8965330719947815,0.2515047490596771,2.7e-05,0.3333333432674408,3.210204601287842
35,0.8878656625747681,0.26606082916259766,2.7e-05,0.32861635088920593,3.123410940170288
36,0.9041169881820679,0.24038967490196228,2.7e-05,0.3317610025405884,3.1064207553863525
37,0.8938244581222534,0.26275548338890076,2.7e-05,0.3270440399646759,3.100231409072876
38,0.8970747590065002,0.2502599358558655,2.7e-05,0.33018869161605835,3.0349366664886475
39,0.9106175303459167,0.23886638879776,2.7e-05,0.3254716992378235,3.0655875205993652
40,0.9035753011703491,0.23843206465244293,2.7e-05,0.32861635088920593,3.1280088424682617
41,0.9035753011703491,0.24034348130226135,8.1e-06,0.32861635088920593,3.123950958251953
42,0.9052004218101501,0.23603121936321259,8.1e-06,0.32861635088920593,3.1459286212921143
43,0.9008667469024658,0.2392595261335373,8.1e-06,0.32861635088920593,3.1260464191436768
44,0.9019501805305481,0.24740850925445557,8.1e-06,0.32861635088920593,3.1399333477020264
45,0.9041169881820679,0.23400306701660156,8.1e-06,0.32861635088920593,3.134567975997925
46,0.9003250002861023,0.24771834909915924,8.1e-06,0.32861635088920593,3.1200754642486572
47,0.8900325298309326,0.2638394832611084,8.1e-06,0.3270440399646759,3.1118617057800293
48,0.9003250002861023,0.24503226578235626,8.1e-06,0.32861635088920593,3.153468608856201
49,0.9079089760780334,0.23621110618114471,8.1e-06,0.3270440399646759,3.150170087814331
50,0.9019501805305481,0.23591949045658112,8.1e-06,0.3254716992378235,3.136972188949585
51,0.8997833132743835,0.25045785307884216,2.43e-06,0.3270440399646759,3.1426641941070557
52,0.8992416262626648,0.24981845915317535,2.43e-06,0.3270440399646759,3.139366865158081
53,0.9003250002861023,0.23383228480815887,2.43e-06,0.3270440399646759,3.14319109916687
54,0.908450722694397,0.23069459199905396,2.43e-06,0.32861635088920593,3.1427159309387207
55,0.9030336141586304,0.24753406643867493,2.43e-06,0.32861635088920593,3.155953884124756
56,0.9035753011703491,0.24357746541500092,2.43e-06,0.32861635088920593,3.152944803237915
57,0.9003250002861023,0.24173472821712494,2.43e-06,0.32861635088920593,3.15067720413208
58,0.9014084339141846,0.24653898179531097,2.43e-06,0.32861635088920593,3.1505112648010254
59,0.9052004218101501,0.2399647980928421,2.43e-06,0.32861635088920593,3.160252809524536
60,0.9073672890663147,0.22862648963928223,2.43e-06,0.32861635088920593,3.161383628845215
61,0.9008667469024658,0.2407981902360916,1e-06,0.32861635088920593,3.161641836166382
62,0.9035753011703491,0.24921074509620667,1e-06,0.32861635088920593,3.162818670272827
63,0.9057421684265137,0.24025355279445648,1e-06,0.32861635088920593,3.157580852508545
64,0.9003250002861023,0.25096365809440613,1e-06,0.32861635088920593,3.1543097496032715
65,0.8992416262626648,0.2537861764431,1e-06,0.32861635088920593,3.148411273956299
66,0.8884073495864868,0.27091336250305176,1e-06,0.32861635088920593,3.151034116744995
67,0.8965330719947815,0.24765834212303162,1e-06,0.32861635088920593,3.158144950866699
68,0.9089924097061157,0.2319359928369522,1e-06,0.32861635088920593,3.1569840908050537
69,0.9041169881820679,0.2531730532646179,1e-06,0.32861635088920593,3.154109239578247
70,0.9057421684265137,0.23406609892845154,1e-06,0.32861635088920593,3.1505017280578613
71,0.8992416262626648,0.2430616319179535,1e-06,0.32861635088920593,3.147981643676758
72,0.9106175303459167,0.23162806034088135,1e-06,0.32861635088920593,3.144782781600952
73,0.9111592769622803,0.22919514775276184,1e-06,0.32861635088920593,3.1496875286102295
74,0.9138678312301636,0.2300613820552826,1e-06,0.32861635088920593,3.140364408493042
75,0.9030336141586304,0.23698823153972626,1e-06,0.32861635088920593,3.1467411518096924
76,0.9014084339141846,0.2435884028673172,1e-06,0.32861635088920593,3.152787208557129
77,0.9073672890663147,0.24137109518051147,1e-06,0.32861635088920593,3.147050380706787
78,0.9024918675422668,0.2411249428987503,1e-06,0.32861635088920593,3.1550850868225098
79,0.9079089760780334,0.23634077608585358,1e-06,0.32861635088920593,3.1573069095611572
80,0.9041169881820679,0.23664940893650055,1e-06,0.32861635088920593,3.1601531505584717
81,0.8943662047386169,0.2613111436367035,1e-06,0.32861635088920593,3.155022382736206
82,0.908450722694397,0.24161376059055328,1e-06,0.32861635088920593,3.156214714050293
83,0.9127843976020813,0.22729192674160004,1e-06,0.32861635088920593,3.1565802097320557
84,0.8932827711105347,0.26655665040016174,1e-06,0.32861635088920593,3.1533045768737793
85,0.9030336141586304,0.24190253019332886,1e-06,0.32861635088920593,3.155090808868408
86,0.9089924097061157,0.24444825947284698,1e-06,0.32861635088920593,3.152846574783325
87,0.8992416262626648,0.2571195960044861,1e-06,0.32861635088920593,3.1542165279388428
88,0.9073672890663147,0.23255769908428192,1e-06,0.32861635088920593,3.155773639678955
89,0.9062838554382324,0.2370557188987732,1e-06,0.32861635088920593,3.157198190689087
90,0.908450722694397,0.23909862339496613,1e-06,0.32861635088920593,3.1524343490600586
91,0.8949078917503357,0.26325199007987976,1e-06,0.32861635088920593,3.156019926071167
92,0.9041169881820679,0.2438960075378418,1e-06,0.32861635088920593,3.1554155349731445
93,0.897616446018219,0.25242823362350464,1e-06,0.32861635088920593,3.1601688861846924
94,0.9019501805305481,0.24265262484550476,1e-06,0.32861635088920593,3.158005952835083
95,0.9019501805305481,0.24846988916397095,1e-06,0.32861635088920593,3.1582398414611816
96,0.9035753011703491,0.24070288240909576,1e-06,0.32861635088920593,3.152690887451172
97,0.8911159038543701,0.262137234210968,1e-06,0.32861635088920593,3.1503376960754395
98,0.9062838554382324,0.22726863622665405,1e-06,0.32861635088920593,3.145744562149048
99,0.8900325298309326,0.2771715819835663,1e-06,0.32861635088920593,3.154487371444702
100,0.9127843976020813,0.22879838943481445,1e-06,0.32861635088920593,3.1513712406158447
