epoch,accuracy,loss,lr,val_accuracy,val_loss
0,0.6430119276046753,0.8668261766433716,0.001,0.4921383559703827,1.047798991203308
1,0.7621884942054749,0.6056753396987915,0.001,0.46855345368385315,1.0993914604187012
2,0.8087757229804993,0.4906595051288605,0.001,0.4371069073677063,1.070986032485962
3,0.8179848194122314,0.456504225730896,0.001,0.347484290599823,1.3105180263519287
4,0.8423618674278259,0.3984791338443756,0.001,0.33805030584335327,1.5041688680648804
5,0.8569880723953247,0.3591398000717163,0.001,0.2987421452999115,1.7460705041885376
6,0.8429035544395447,0.3855026960372925,0.001,0.4371069073677063,1.2569937705993652
7,0.8429035544395447,0.356869637966156,0.001,0.5345911979675293,1.1226922273635864
8,0.8369447588920593,0.3824741840362549,0.001,0.31603774428367615,1.964923620223999
9,0.859696626663208,0.32192301750183105,0.001,0.2924528419971466,2.752807140350342
10,0.8531960844993591,0.31848758459091187,0.001,0.3962264060974121,1.563361644744873
11,0.8591549396514893,0.31109586358070374,0.0003,0.34276729822158813,2.7596240043640137
12,0.8672806024551392,0.3042962849140167,0.0003,0.3411949574947357,2.6485207080841064
13,0.8716142773628235,0.28697630763053894,0.0003,0.35062894225120544,2.784743547439575
14,0.8656554818153381,0.28880152106285095,0.0003,0.3522012531757355,2.742776870727539
15,0.8661971688270569,0.3123752772808075,0.0003,0.3820754587650299,2.0904693603515625
16,0.8678222894668579,0.29481029510498047,0.0003,0.347484290599823,2.6558752059936523
17,0.8699891567230225,0.2916187644004822,0.0003,0.3694968521595001,2.76830792427063
18,0.8743228316307068,0.2914118766784668,0.0003,0.39308175444602966,2.2020199298858643
19,0.8764896988868713,0.2720496654510498,0.0003,0.40566039085388184,2.355556011199951
20,0.8819068074226379,0.2544543743133545,0.0003,0.3616352081298828,2.9225146770477295
21,0.8716142773628235,0.28681859374046326,9e-05,0.3679245412349701,2.746943950653076
22,0.886240541934967,0.28740194439888,9e-05,0.36320754885673523,2.9179275035858154
23,0.8797399997711182,0.28460705280303955,9e-05,0.3663522005081177,3.1462268829345703
24,0.8775731325149536,0.2807810604572296,9e-05,0.3663522005081177,2.690230369567871
25,0.8775731325149536,0.2730065584182739,9e-05,0.374213844537735,2.736071825027466
26,0.8808233737945557,0.2774306833744049,9e-05,0.36477985978126526,2.627021074295044
27,0.8764896988868713,0.2800760865211487,9e-05,0.37735849618911743,2.712740421295166
28,0.8770314455032349,0.2732442021369934,9e-05,0.37893080711364746,2.6636149883270264
29,0.8835319876670837,0.2772996127605438,9e-05,0.3883647918701172,2.677661418914795
30,0.8819068074226379,0.27553877234458923,9e-05,0.4040880501270294,2.449357271194458
31,0.8840736746788025,0.269174724817276,2.7e-05,0.3836477994918823,2.6959338188171387
32,0.8873239159584045,0.2606407701969147,2.7e-05,0.37893080711364746,2.82782244682312
33,0.895991325378418,0.25767356157302856,2.7e-05,0.3805031478404999,2.8655502796173096
34,0.8938244581222534,0.262230783700943,2.7e-05,0.3805031478404999,2.807098627090454
35,0.8846153616905212,0.2739203870296478,2.7e-05,0.37893080711364746,2.714564561843872
36,0.8835319876670837,0.2736634612083435,2.7e-05,0.3820754587650299,2.685765027999878
37,0.8678222894668579,0.2943046987056732,2.7e-05,0.38522014021873474,2.7209155559539795
38,0.8786565661430359,0.2687146067619324,2.7e-05,0.3820754587650299,2.726133346557617
39,0.8813651204109192,0.26005953550338745,2.7e-05,0.3820754587650299,2.7968783378601074
40,0.8911159038543701,0.2534804940223694,2.7e-05,0.374213844537735,2.8141729831695557
41,0.9014084339141846,0.23901286721229553,8.1e-06,0.375786155462265,2.7975733280181885
42,0.8889490962028503,0.25989481806755066,8.1e-06,0.375786155462265,2.8055460453033447
43,0.8867822289466858,0.27544280886650085,8.1e-06,0.3836477994918823,2.759180784225464
44,0.8932827711105347,0.25143909454345703,8.1e-06,0.3820754587650299,2.768486261367798
45,0.8889490962028503,0.2722938656806946,8.1e-06,0.3820754587650299,2.7422869205474854
46,0.8808233737945557,0.2757095694541931,8.1e-06,0.3820754587650299,2.742253065109253
47,0.8819068074226379,0.2577454745769501,8.1e-06,0.3820754587650299,2.7618255615234375
48,0.8867822289466858,0.2722432017326355,8.1e-06,0.3820754587650299,2.7655882835388184
49,0.8932827711105347,0.2507163882255554,8.1e-06,0.3836477994918823,2.7651467323303223
50,0.8835319876670837,0.2795010507106781,8.1e-06,0.3820754587650299,2.744067430496216
51,0.8856987953186035,0.2717429995536804,2.43e-06,0.3820754587650299,2.73941707611084
52,0.886240541934967,0.26171931624412537,2.43e-06,0.3820754587650299,2.7410452365875244
53,0.8954496383666992,0.25997841358184814,2.43e-06,0.3820754587650299,2.73622727394104
54,0.8835319876670837,0.28244611620903015,2.43e-06,0.3820754587650299,2.742178440093994
55,0.9068255424499512,0.24111011624336243,2.43e-06,0.3820754587650299,2.747347354888916
56,0.8949078917503357,0.2511782944202423,2.43e-06,0.3820754587650299,2.7586236000061035
57,0.8835319876670837,0.2692977786064148,2.43e-06,0.3820754587650299,2.755539894104004
58,0.8884073495864868,0.27279144525527954,2.43e-06,0.3820754587650299,2.748598575592041
59,0.8927410840988159,0.26492607593536377,2.43e-06,0.3836477994918823,2.76784086227417
60,0.8965330719947815,0.2574177086353302,2.43e-06,0.3820754587650299,2.7494728565216064
61,0.8932827711105347,0.2596357762813568,1e-06,0.3820754587650299,2.7548186779022217
62,0.8835319876670837,0.27910372614860535,1e-06,0.3820754587650299,2.752474069595337
63,0.895991325378418,0.24316512048244476,1e-06,0.3820754587650299,2.745434045791626
64,0.8889490962028503,0.2567101716995239,1e-06,0.3820754587650299,2.748924970626831
65,0.8819068074226379,0.283449649810791,1e-06,0.3820754587650299,2.7401413917541504
66,0.8900325298309326,0.2696416676044464,1e-06,0.3820754587650299,2.7451283931732178
67,0.8840736746788025,0.26890918612480164,1e-06,0.3820754587650299,2.7381131649017334
68,0.8921993374824524,0.2645207941532135,1e-06,0.3820754587650299,2.7521798610687256
69,0.8835319876670837,0.2828502357006073,1e-06,0.3820754587650299,2.7470266819000244
70,0.8949078917503357,0.2488049864768982,1e-06,0.3820754587650299,2.7563188076019287
71,0.8905742168426514,0.2603833079338074,1e-06,0.3820754587650299,2.7483744621276855
72,0.8965330719947815,0.24511447548866272,1e-06,0.3820754587650299,2.742039680480957
73,0.8889490962028503,0.2656881809234619,1e-06,0.3820754587650299,2.7445383071899414
74,0.8932827711105347,0.24495701491832733,1e-06,0.3820754587650299,2.7398829460144043
75,0.8938244581222534,0.25852322578430176,1e-06,0.3820754587650299,2.7449493408203125
76,0.8840736746788025,0.2576192319393158,1e-06,0.3820754587650299,2.7536537647247314
77,0.8900325298309326,0.2644643187522888,1e-06,0.3820754587650299,2.751023292541504
78,0.8938244581222534,0.2602064311504364,1e-06,0.3820754587650299,2.754373073577881
79,0.8802816867828369,0.28982070088386536,1e-06,0.3820754587650299,2.7393205165863037
80,0.8965330719947815,0.2525385916233063,1e-06,0.3820754587650299,2.7469706535339355
81,0.8846153616905212,0.2597759962081909,1e-06,0.3820754587650299,2.743575096130371
82,0.8808233737945557,0.27808794379234314,1e-06,0.3820754587650299,2.7509031295776367
83,0.8943662047386169,0.2411801666021347,1e-06,0.3820754587650299,2.747767448425293
84,0.8900325298309326,0.2518356740474701,1e-06,0.3820754587650299,2.7532176971435547
85,0.8981581926345825,0.2562349736690521,1e-06,0.3820754587650299,2.749936580657959
86,0.8900325298309326,0.2548099458217621,1e-06,0.3820754587650299,2.7538719177246094
87,0.9019501805305481,0.24751296639442444,1e-06,0.3820754587650299,2.7477777004241943
88,0.8889490962028503,0.2738097310066223,1e-06,0.3820754587650299,2.7584798336029053
89,0.8889490962028503,0.27156999707221985,1e-06,0.3820754587650299,2.749706506729126
90,0.8954496383666992,0.25239670276641846,1e-06,0.3820754587650299,2.751020669937134
91,0.8986998796463013,0.2593056261539459,1e-06,0.3820754587650299,2.755216121673584
92,0.897616446018219,0.2445523738861084,1e-06,0.3820754587650299,2.7561752796173096
93,0.8867822289466858,0.2659950256347656,1e-06,0.3820754587650299,2.751849412918091
94,0.8846153616905212,0.26557010412216187,1e-06,0.3820754587650299,2.7541921138763428
95,0.8905742168426514,0.26449793577194214,1e-06,0.3820754587650299,2.7631657123565674
96,0.8970747590065002,0.24930141866207123,1e-06,0.3820754587650299,2.759722948074341
97,0.8900325298309326,0.2600767910480499,1e-06,0.3820754587650299,2.768486738204956
98,0.8949078917503357,0.2478259652853012,1e-06,0.3820754587650299,2.759589910507202
99,0.8992416262626648,0.24629652500152588,1e-06,0.3820754587650299,2.753429889678955
100,0.8954496383666992,0.2560189664363861,1e-06,0.3820754587650299,2.758742332458496
