epoch,accuracy,loss,lr,val_accuracy,val_loss
0,0.6457204818725586,0.8683158159255981,0.001,0.5141509175300598,1.0265382528305054
1,0.7881906628608704,0.56353360414505,0.001,0.5141509175300598,1.099439024925232
2,0.8266522288322449,0.43938368558883667,0.001,0.5141509175300598,1.1510342359542847
3,0.8266522288322449,0.40912747383117676,0.001,0.5204402804374695,1.1079226732254028
4,0.8364030122756958,0.36386367678642273,0.001,0.41194969415664673,1.307443380355835
5,0.8488624095916748,0.34939074516296387,0.001,0.47484275698661804,1.2465150356292725
6,0.8472372889518738,0.3594754934310913,0.001,0.4040880501270294,1.4287697076797485
7,0.858071506023407,0.3271510899066925,0.001,0.32861635088920593,1.723102331161499
8,0.8678222894668579,0.29753026366233826,0.001,0.2091194987297058,2.7783091068267822
9,0.8634886145591736,0.31200769543647766,0.001,0.33805030584335327,2.354595899581909
10,0.8791982531547546,0.2935979664325714,0.001,0.4245283007621765,1.8627426624298096
11,0.8867822289466858,0.26757800579071045,0.0003,0.39308175444602966,2.183668613433838
12,0.8797399997711182,0.2761024534702301,0.0003,0.3207547068595886,2.6560397148132324
13,0.8965330719947815,0.24938803911209106,0.0003,0.3411949574947357,2.9122822284698486
14,0.8781148195266724,0.2870984971523285,0.0003,0.3270440399646759,2.9613523483276367
15,0.8900325298309326,0.27405256032943726,0.0003,0.3396226465702057,3.195540428161621
16,0.8954496383666992,0.24535351991653442,0.0003,0.3207547068595886,3.139244556427002
17,0.8970747590065002,0.2479039877653122,0.0003,0.3113207519054413,3.547633409500122
18,0.8900325298309326,0.27220413088798523,0.0003,0.33805030584335327,3.020803689956665
19,0.9041169881820679,0.24275919795036316,0.0003,0.3349056541919708,2.8483500480651855
20,0.9014084339141846,0.24151761829853058,0.0003,0.33018869161605835,2.9004507064819336
21,0.9008667469024658,0.24690589308738708,9e-05,0.347484290599823,3.183232069015503
22,0.908450722694397,0.23299135267734528,9e-05,0.33805030584335327,3.1665310859680176
23,0.9160346984863281,0.2265530675649643,9e-05,0.3270440399646759,3.1463005542755127
24,0.911700963973999,0.23306109011173248,9e-05,0.33647799491882324,3.134908437728882
25,0.9030336141586304,0.2518886923789978,9e-05,0.3411949574947357,3.2320549488067627
26,0.9062838554382324,0.2335541546344757,9e-05,0.34276729822158813,3.10913348197937
27,0.9171180725097656,0.21913723647594452,9e-05,0.33805030584335327,3.299246072769165
28,0.9079089760780334,0.24189461767673492,9e-05,0.3270440399646759,3.2653348445892334
29,0.9073672890663147,0.23691779375076294,9e-05,0.32232704758644104,3.1595494747161865
30,0.9203683733940125,0.21413323283195496,9e-05,0.33805030584335327,3.4367661476135254
31,0.9111592769622803,0.2209213823080063,2.7e-05,0.33647799491882324,3.412660598754883
32,0.8965330719947815,0.24149364233016968,2.7e-05,0.3317610025405884,3.31375789642334
33,0.9057421684265137,0.2409932166337967,2.7e-05,0.3254716992378235,3.2839393615722656
34,0.911700963973999,0.2375696450471878,2.7e-05,0.33018869161605835,3.279141902923584
35,0.911700963973999,0.22530438005924225,2.7e-05,0.32861635088920593,3.2650790214538574
36,0.9057421684265137,0.22835461795330048,2.7e-05,0.33018869161605835,3.3017730712890625
37,0.9127843976020813,0.2126147300004959,2.7e-05,0.33805030584335327,3.337282657623291
38,0.9209100604057312,0.20972022414207458,2.7e-05,0.3270440399646759,3.317795515060425
39,0.9301191568374634,0.20447416603565216,2.7e-05,0.33018869161605835,3.373704433441162
40,0.9138678312301636,0.22043462097644806,2.7e-05,0.32861635088920593,3.3908746242523193
41,0.9154929518699646,0.22420240938663483,8.1e-06,0.32861635088920593,3.388345956802368
42,0.9089924097061157,0.22820711135864258,8.1e-06,0.33018869161605835,3.36904239654541
43,0.9111592769622803,0.21268446743488312,8.1e-06,0.3333333432674408,3.3807053565979004
44,0.9252437949180603,0.2115679681301117,8.1e-06,0.33647799491882324,3.3790366649627686
45,0.9068255424499512,0.2291012406349182,8.1e-06,0.3333333432674408,3.3514015674591064
46,0.9171180725097656,0.21723197400569916,8.1e-06,0.33647799491882324,3.35625958442688
47,0.9160346984863281,0.20751814544200897,8.1e-06,0.33647799491882324,3.3645553588867188
48,0.9144095182418823,0.23014742136001587,8.1e-06,0.33647799491882324,3.3777565956115723
49,0.9079089760780334,0.23437951505184174,8.1e-06,0.33647799491882324,3.3882076740264893
50,0.8949078917503357,0.2458135336637497,8.1e-06,0.33647799491882324,3.3749582767486572
51,0.9198266267776489,0.219284787774086,2.43e-06,0.33647799491882324,3.3877952098846436
52,0.922535240650177,0.21205532550811768,2.43e-06,0.33647799491882324,3.3906452655792236
53,0.911700963973999,0.22832642495632172,2.43e-06,0.33647799491882324,3.3863871097564697
54,0.9057421684265137,0.24114802479743958,2.43e-06,0.33647799491882324,3.3758556842803955
55,0.9154929518699646,0.22235849499702454,2.43e-06,0.33647799491882324,3.366708517074585
56,0.9230769276618958,0.2064567506313324,2.43e-06,0.33647799491882324,3.380218744277954
57,0.9089924097061157,0.2134367674589157,2.43e-06,0.33647799491882324,3.3842780590057373
58,0.9290357232093811,0.19190514087677002,2.43e-06,0.33647799491882324,3.3846869468688965
59,0.9035753011703491,0.22812387347221375,2.43e-06,0.33647799491882324,3.382368803024292
60,0.9144095182418823,0.22896535694599152,2.43e-06,0.33647799491882324,3.386667251586914
61,0.9079089760780334,0.23092591762542725,1e-06,0.33647799491882324,3.3881049156188965
62,0.9068255424499512,0.2379911243915558,1e-06,0.33647799491882324,3.3715014457702637
63,0.9187432527542114,0.22204698622226715,1e-06,0.33647799491882324,3.3747169971466064
64,0.9133260846138,0.23880860209465027,1e-06,0.33647799491882324,3.3793323040008545
65,0.9068255424499512,0.23177723586559296,1e-06,0.33647799491882324,3.37664794921875
66,0.9068255424499512,0.22158710658550262,1e-06,0.33647799491882324,3.371458053588867
67,0.9154929518699646,0.2249063402414322,1e-06,0.33647799491882324,3.379880905151367
68,0.910075843334198,0.21639713644981384,1e-06,0.33647799491882324,3.3863353729248047
69,0.9182015061378479,0.21795475482940674,1e-06,0.33647799491882324,3.379549980163574
70,0.9089924097061157,0.2363433539867401,1e-06,0.33647799491882324,3.3778114318847656
71,0.9035753011703491,0.2337093949317932,1e-06,0.33647799491882324,3.38384747505188
72,0.9149512648582458,0.22065185010433197,1e-06,0.33647799491882324,3.386711359024048
73,0.9041169881820679,0.2420303374528885,1e-06,0.33647799491882324,3.384521484375
74,0.9171180725097656,0.21284057199954987,1e-06,0.33647799491882324,3.382316827774048
75,0.922535240650177,0.20592056214809418,1e-06,0.33647799491882324,3.3869621753692627
76,0.9203683733940125,0.2215689867734909,1e-06,0.33647799491882324,3.3811841011047363
77,0.9144095182418823,0.2119189202785492,1e-06,0.33647799491882324,3.375344753265381
78,0.9111592769622803,0.215179905295372,1e-06,0.33647799491882324,3.375648260116577
79,0.9192849397659302,0.21405848860740662,1e-06,0.33647799491882324,3.3788774013519287
80,0.9133260846138,0.21929873526096344,1e-06,0.33647799491882324,3.3740787506103516
81,0.9122427105903625,0.22892725467681885,1e-06,0.33647799491882324,3.3751063346862793
82,0.9111592769622803,0.22971853613853455,1e-06,0.33647799491882324,3.376173496246338
83,0.9079089760780334,0.23478178679943085,1e-06,0.33647799491882324,3.373098611831665
84,0.911700963973999,0.22775092720985413,1e-06,0.33647799491882324,3.376303195953369
85,0.9095341563224792,0.21979853510856628,1e-06,0.33647799491882324,3.3813092708587646
86,0.9182015061378479,0.20764629542827606,1e-06,0.33647799491882324,3.3763935565948486
87,0.908450722694397,0.23325778543949127,1e-06,0.33647799491882324,3.370676040649414
88,0.9176598191261292,0.2315046638250351,1e-06,0.33647799491882324,3.3741085529327393
89,0.9182015061378479,0.216567263007164,1e-06,0.33647799491882324,3.3739945888519287
90,0.9160346984863281,0.21977151930332184,1e-06,0.33647799491882324,3.373103380203247
91,0.9198266267776489,0.2061903178691864,1e-06,0.33647799491882324,3.37215518951416
92,0.9133260846138,0.22061985731124878,1e-06,0.33647799491882324,3.3762452602386475
93,0.9209100604057312,0.21260860562324524,1e-06,0.33647799491882324,3.3750360012054443
94,0.9247020483016968,0.197541281580925,1e-06,0.33647799491882324,3.377702474594116
95,0.908450722694397,0.22963935136795044,1e-06,0.33805030584335327,3.375154733657837
96,0.9144095182418823,0.21890805661678314,1e-06,0.33805030584335327,3.3745810985565186
97,0.910075843334198,0.2233215719461441,1e-06,0.33805030584335327,3.3723089694976807
98,0.922535240650177,0.2014378309249878,1e-06,0.33647799491882324,3.3784878253936768
99,0.9079089760780334,0.23071707785129547,1e-06,0.33647799491882324,3.3777096271514893
100,0.9214518070220947,0.20954477787017822,1e-06,0.33647799491882324,3.3758187294006348
