epoch,accuracy,loss,lr,val_accuracy,val_loss
0,0.7529793977737427,0.6186907887458801,0.001,0.5141509175300598,1.1288877725601196
1,0.843986988067627,0.3853529393672943,0.001,0.5141509175300598,2.314103841781616
2,0.8759480118751526,0.330810546875,0.001,0.5141509175300598,2.942678928375244
3,0.8905742168426514,0.2978556752204895,0.001,0.5141509175300598,4.150660991668701
4,0.9106175303459167,0.23930898308753967,0.001,0.5141509175300598,4.487283706665039
5,0.9187432527542114,0.21384043991565704,0.001,0.5141509175300598,6.104402542114258
6,0.9317443370819092,0.19314037263393402,0.001,0.5141509175300598,4.872470378875732
7,0.9322860240936279,0.1938946694135666,0.001,0.5141509175300598,5.482398509979248
8,0.9349945783615112,0.16254736483097076,0.001,0.5141509175300598,4.995911121368408
9,0.9544962048530579,0.13118746876716614,0.001,0.21698112785816193,5.477964401245117
10,0.9599133133888245,0.12167538702487946,0.001,0.30974844098091125,7.134305000305176
11,0.9653304219245911,0.11165957897901535,0.0003,0.3176100552082062,4.344293594360352
12,0.9615384340286255,0.0928119644522667,0.0003,0.5031446814537048,3.5572798252105713
13,0.9696641564369202,0.09454011917114258,0.0003,0.4858490526676178,3.2579541206359863
14,0.9664138555526733,0.0886206403374672,0.0003,0.35062894225120544,4.517177581787109
15,0.9772481322288513,0.06966652721166611,0.0003,0.3899371027946472,4.712973117828369
16,0.9750812649726868,0.07872245460748672,0.0003,0.3411949574947357,5.003988742828369
17,0.9669556021690369,0.0918852761387825,0.0003,0.30974844098091125,4.857147216796875
18,0.9756229519844055,0.08050746470689774,0.0003,0.48899370431900024,4.25258207321167
19,0.9750812649726868,0.07107529044151306,0.0003,0.42610064148902893,4.0936994552612305
20,0.976164698600769,0.06928277760744095,0.0003,0.40723270177841187,3.8402459621429443
21,0.9729143977165222,0.07629132270812988,9e-05,0.41352200508117676,4.350610256195068
22,0.9772481322288513,0.07079733163118362,9e-05,0.39308175444602966,4.442366123199463
23,0.9777898192405701,0.0591883547604084,9e-05,0.5204402804374695,3.6687793731689453
24,0.9783315062522888,0.06522862613201141,9e-05,0.3820754587650299,4.590189456939697
25,0.9745395183563232,0.06960994005203247,9e-05,0.4512578547000885,4.00258731842041
26,0.9777898192405701,0.058402784168720245,9e-05,0.40566039085388184,4.198980808258057
27,0.98591548204422,0.0490323081612587,9e-05,0.4779874086380005,3.6850502490997314
28,0.9729143977165222,0.07525745034217834,9e-05,0.5125786066055298,3.8183066844940186
29,0.976164698600769,0.0621730275452137,9e-05,0.5408805012702942,3.3163998126983643
30,0.9804983735084534,0.06555548310279846,9e-05,0.49056604504585266,3.9470410346984863
31,0.9783315062522888,0.06357458233833313,2.7e-05,0.40566039085388184,4.148428916931152
32,0.98591548204422,0.04575049504637718,2.7e-05,0.4811320900917053,3.7410125732421875
33,0.9772481322288513,0.058870524168014526,2.7e-05,0.4921383559703827,3.740171432495117
34,0.9810400605201721,0.056056711822748184,2.7e-05,0.4779874086380005,3.8451731204986572
35,0.9772481322288513,0.07207836210727692,2.7e-05,0.4449685513973236,3.990161418914795
36,0.9853737950325012,0.04761428385972977,2.7e-05,0.49685534834861755,3.795039653778076
37,0.9815818071365356,0.05929842218756676,2.7e-05,0.4371069073677063,4.214045524597168
38,0.9821234941482544,0.05585291609168053,2.7e-05,0.42767295241355896,4.267059803009033
39,0.9864572286605835,0.04560501500964165,2.7e-05,0.44811320304870605,4.026963710784912
40,0.9837486743927002,0.050377972424030304,2.7e-05,0.4921383559703827,3.853144407272339
41,0.9837486743927002,0.05318545550107956,8.1e-06,0.46226415038108826,4.014054775238037
42,0.9772481322288513,0.06057524308562279,8.1e-06,0.47484275698661804,3.9936182498931885
43,0.9772481322288513,0.06472507864236832,8.1e-06,0.45597484707832336,4.050739765167236
44,0.9853737950325012,0.047582074999809265,8.1e-06,0.47012579441070557,3.97745418548584
45,0.9826652407646179,0.05051326006650925,8.1e-06,0.46226415038108826,4.0022873878479
46,0.9826652407646179,0.0505046583712101,8.1e-06,0.46069180965423584,4.0097479820251465
47,0.98591548204422,0.04879724234342575,8.1e-06,0.43553459644317627,4.107795715332031
48,0.9756229519844055,0.058692317456007004,8.1e-06,0.4874213933944702,3.83331036567688
49,0.98591548204422,0.04438863322138786,8.1e-06,0.48270440101623535,3.843048572540283
50,0.9810400605201721,0.053349774330854416,8.1e-06,0.4654088020324707,3.939326047897339
51,0.9880823493003845,0.0446922667324543,2.43e-06,0.4575471580028534,4.004534721374512
52,0.9767063856124878,0.055524103343486786,2.43e-06,0.4591194987297058,4.0187668800354
53,0.9821234941482544,0.05455157533288002,2.43e-06,0.4716981053352356,3.954592227935791
54,0.9880823493003845,0.04401015862822533,2.43e-06,0.46226415038108826,3.9949827194213867
55,0.9869989156723022,0.038345444947481155,2.43e-06,0.45440250635147095,4.039443492889404
56,0.9810400605201721,0.055187296122312546,2.43e-06,0.4575471580028534,4.0216593742370605
57,0.9853737950325012,0.04379197582602501,2.43e-06,0.44968554377555847,4.069517612457275
58,0.9848320484161377,0.0498986542224884,2.43e-06,0.46226415038108826,4.03832483291626
59,0.9832069277763367,0.0472835935652256,2.43e-06,0.4654088020324707,4.019683361053467
60,0.9837486743927002,0.04598020389676094,2.43e-06,0.47484275698661804,3.9959161281585693
61,0.9837486743927002,0.04711741954088211,1e-06,0.4716981053352356,3.9925901889801025
62,0.9821234941482544,0.05634782090783119,1e-06,0.4716981053352356,3.985138177871704
63,0.9804983735084534,0.05624742433428764,1e-06,0.4654088020324707,4.0054545402526855
64,0.9788732528686523,0.061522770673036575,1e-06,0.4638364911079407,4.025117874145508
65,0.9848320484161377,0.04860511049628258,1e-06,0.4638364911079407,4.0318474769592285
66,0.9864572286605835,0.05051304027438164,1e-06,0.4654088020324707,4.021905899047852
67,0.9821234941482544,0.04824231192469597,1e-06,0.4669811427593231,4.016085147857666
68,0.9810400605201721,0.05580178275704384,1e-06,0.4638364911079407,4.026394367218018
69,0.9832069277763367,0.048264432698488235,1e-06,0.4669811427593231,4.017494201660156
70,0.9864572286605835,0.04512776434421539,1e-06,0.4654088020324707,4.025493144989014
71,0.9821234941482544,0.05346184968948364,1e-06,0.4669811427593231,4.014736175537109
72,0.9837486743927002,0.05297776684165001,1e-06,0.4669811427593231,4.014288902282715
73,0.9848320484161377,0.04820990189909935,1e-06,0.4669811427593231,4.002158164978027
74,0.9794149398803711,0.05988793075084686,1e-06,0.4654088020324707,4.020366191864014
75,0.9848320484161377,0.050138652324676514,1e-06,0.4638364911079407,4.011806488037109
76,0.984290361404419,0.04810873046517372,1e-06,0.4638364911079407,4.029241561889648
77,0.9804983735084534,0.058594755828380585,1e-06,0.46855345368385315,4.006321907043457
78,0.9804983735084534,0.06049777939915657,1e-06,0.46226415038108826,4.027373313903809
79,0.9853737950325012,0.0478106364607811,1e-06,0.46226415038108826,4.04281759262085
80,0.9815818071365356,0.06092332676053047,1e-06,0.4669811427593231,4.029906272888184
81,0.98591548204422,0.042373135685920715,1e-06,0.4669811427593231,4.027799129486084
82,0.9832069277763367,0.05313201993703842,1e-06,0.4654088020324707,4.031411170959473
83,0.9869989156723022,0.04376191273331642,1e-06,0.4638364911079407,4.046616077423096
84,0.9794149398803711,0.05603467673063278,1e-06,0.4638364911079407,4.036238193511963
85,0.9810400605201721,0.05229653790593147,1e-06,0.46069180965423584,4.047246932983398
86,0.9837486743927002,0.0477832667529583,1e-06,0.46069180965423584,4.05147123336792
87,0.9826652407646179,0.05368029326200485,1e-06,0.46069180965423584,4.072301387786865
88,0.9832069277763367,0.05275069549679756,1e-06,0.46855345368385315,4.027946949005127
89,0.9837486743927002,0.05109964311122894,1e-06,0.4669811427593231,4.044907093048096
90,0.9826652407646179,0.04784010723233223,1e-06,0.46855345368385315,4.013641834259033
91,0.9864572286605835,0.04673830419778824,1e-06,0.4716981053352356,3.9928908348083496
92,0.9832069277763367,0.0463547520339489,1e-06,0.4716981053352356,3.9951117038726807
93,0.9788732528686523,0.056949518620967865,1e-06,0.46855345368385315,4.01299524307251
94,0.9886240363121033,0.04448927193880081,1e-06,0.46855345368385315,4.006148815155029
95,0.9848320484161377,0.04374747350811958,1e-06,0.46855345368385315,4.012424468994141
96,0.9853737950325012,0.04576289653778076,1e-06,0.46855345368385315,4.021705150604248
97,0.9810400605201721,0.05363992974162102,1e-06,0.46855345368385315,4.009794235229492
98,0.9864572286605835,0.04391097649931908,1e-06,0.4669811427593231,4.028598308563232
99,0.9880823493003845,0.04527291655540466,1e-06,0.46855345368385315,4.023797512054443
100,0.9848320484161377,0.049814797937870026,1e-06,0.473270446062088,3.9951884746551514
