epoch,accuracy,loss,lr,val_accuracy,val_loss
0,0.7497291564941406,0.6207492351531982,0.001,0.5141509175300598,1.260291337966919
1,0.8401950001716614,0.382315456867218,0.001,0.5141509175300598,2.2425343990325928
2,0.870530903339386,0.31192919611930847,0.001,0.5141509175300598,3.6363155841827393
3,0.9003250002861023,0.267299622297287,0.001,0.5141509175300598,4.748402118682861
4,0.9073672890663147,0.24586613476276398,0.001,0.5141509175300598,5.823858261108398
5,0.8889490962028503,0.2695295810699463,0.001,0.5141509175300598,5.798549175262451
6,0.9154929518699646,0.21280880272388458,0.001,0.5141509175300598,7.13032341003418
7,0.9274106025695801,0.20540885627269745,0.001,0.5141509175300598,8.590608596801758
8,0.9247020483016968,0.19864526391029358,0.001,0.4937106966972351,3.5457825660705566
9,0.9420368075370789,0.158193439245224,0.001,0.33805030584335327,6.352736949920654
10,0.9447454214096069,0.1609777808189392,0.001,0.42767295241355896,3.903979778289795
11,0.94962078332901,0.13318437337875366,0.0003,0.5833333134651184,3.2334115505218506
12,0.9523293375968933,0.12528441846370697,0.0003,0.5503144860267639,3.483328104019165
13,0.9577465057373047,0.12532292306423187,0.0003,0.32232704758644104,4.271042346954346
14,0.9582881927490234,0.12636125087738037,0.0003,0.5188679099082947,3.0226306915283203
15,0.9647887349128723,0.09778578579425812,0.0003,0.4292452931404114,3.615851640701294
16,0.9566630721092224,0.12917177379131317,0.0003,0.35849055647850037,4.125852584838867
17,0.9609967470169067,0.12141723930835724,0.0003,0.29402515292167664,5.49434232711792
18,0.9593716263771057,0.11972489207983017,0.0003,0.3411949574947357,3.872316360473633
19,0.9750812649726868,0.08263490349054337,0.0003,0.44182389974594116,3.7321488857269287
20,0.9582881927490234,0.10972751677036285,0.0003,0.44182389974594116,4.525439739227295
21,0.9653304219245911,0.09037549048662186,9e-05,0.4292452931404114,3.893287420272827
22,0.9750812649726868,0.07590098679065704,9e-05,0.4229559600353241,3.6298563480377197
23,0.96370530128479,0.09337437152862549,9e-05,0.42767295241355896,3.2876882553100586
24,0.9718309640884399,0.07936794310808182,9e-05,0.45597484707832336,3.720431327819824
25,0.9750812649726868,0.07721549272537231,9e-05,0.48270440101623535,3.4814772605895996
26,0.9729143977165222,0.07583042234182358,9e-05,0.41981130838394165,3.936903953552246
27,0.9723727107048035,0.08011627942323685,9e-05,0.50157231092453,3.4680705070495605
28,0.9707475900650024,0.08284171670675278,9e-05,0.544025182723999,3.27468204498291
29,0.9723727107048035,0.07247236371040344,9e-05,0.4433962404727936,3.5415430068969727
30,0.976164698600769,0.07075070589780807,9e-05,0.45440250635147095,3.7350974082946777
31,0.9707475900650024,0.0763358548283577,2.7e-05,0.5220125913619995,3.579906463623047
32,0.9729143977165222,0.0782235786318779,2.7e-05,0.49528300762176514,3.4885783195495605
33,0.9702058434486389,0.07808823138475418,2.7e-05,0.44968554377555847,3.7301278114318848
34,0.9739978313446045,0.07192746549844742,2.7e-05,0.47484275698661804,3.654550313949585
35,0.9723727107048035,0.08364812284708023,2.7e-05,0.45440250635147095,3.8205220699310303
36,0.9772481322288513,0.07022648304700851,2.7e-05,0.4716981053352356,3.696995735168457
37,0.9848320484161377,0.05769839882850647,2.7e-05,0.50157231092453,3.621263027191162
38,0.9853737950325012,0.05542350560426712,2.7e-05,0.48899370431900024,3.686246633529663
39,0.9794149398803711,0.06693512201309204,2.7e-05,0.49056604504585266,3.5428686141967773
40,0.9767063856124878,0.06776010245084763,2.7e-05,0.46855345368385315,3.7730560302734375
41,0.9745395183563232,0.07300227880477905,8.1e-06,0.473270446062088,3.769730806350708
42,0.9799566864967346,0.06030404940247536,8.1e-06,0.4716981053352356,3.739531993865967
43,0.9756229519844055,0.06252380460500717,8.1e-06,0.4795597493648529,3.712360143661499
44,0.976164698600769,0.06701017171144485,8.1e-06,0.47641509771347046,3.7302215099334717
45,0.9756229519844055,0.07460196316242218,8.1e-06,0.4779874086380005,3.7360174655914307
46,0.9734561443328857,0.07206351310014725,8.1e-06,0.4811320900917053,3.7482149600982666
47,0.9756229519844055,0.062442339956760406,8.1e-06,0.4795597493648529,3.7328779697418213
48,0.9712892770767212,0.07051000744104385,8.1e-06,0.4716981053352356,3.770183801651001
49,0.9783315062522888,0.06693288683891296,8.1e-06,0.47012579441070557,3.7418408393859863
50,0.9821234941482544,0.05427361652255058,8.1e-06,0.47641509771347046,3.749394655227661
51,0.9783315062522888,0.06685266643762589,2.43e-06,0.4795597493648529,3.741083860397339
52,0.9756229519844055,0.06590747833251953,2.43e-06,0.48270440101623535,3.732677936553955
53,0.9788732528686523,0.07272692769765854,2.43e-06,0.48270440101623535,3.733779191970825
54,0.9691224098205566,0.07947803288698196,2.43e-06,0.48427674174308777,3.7469425201416016
55,0.9788732528686523,0.06620956212282181,2.43e-06,0.48270440101623535,3.7558090686798096
56,0.9804983735084534,0.07015249133110046,2.43e-06,0.4779874086380005,3.7598752975463867
57,0.9848320484161377,0.055856749415397644,2.43e-06,0.4795597493648529,3.7519938945770264
58,0.9767063856124878,0.06827861070632935,2.43e-06,0.48427674174308777,3.7416815757751465
59,0.9750812649726868,0.07406440377235413,2.43e-06,0.4811320900917053,3.7356202602386475
60,0.9745395183563232,0.07197484374046326,2.43e-06,0.4779874086380005,3.73001766204834
61,0.9794149398803711,0.06292448192834854,1e-06,0.4779874086380005,3.733297824859619
62,0.9810400605201721,0.065782830119133,1e-06,0.48270440101623535,3.7380030155181885
63,0.9853737950325012,0.049405310302972794,1e-06,0.4795597493648529,3.7522528171539307
64,0.9804983735084534,0.06410307437181473,1e-06,0.4811320900917053,3.7536261081695557
65,0.9767063856124878,0.0747428610920906,1e-06,0.48270440101623535,3.749786138534546
66,0.9788732528686523,0.060439582914114,1e-06,0.48427674174308777,3.7446224689483643
67,0.9815818071365356,0.05732274428009987,1e-06,0.4858490526676178,3.7450449466705322
68,0.9788732528686523,0.060539182275533676,1e-06,0.48427674174308777,3.731023073196411
69,0.9729143977165222,0.06755358725786209,1e-06,0.48270440101623535,3.737321138381958
70,0.9799566864967346,0.054609958082437515,1e-06,0.48427674174308777,3.738368034362793
71,0.9712892770767212,0.08762911707162857,1e-06,0.4811320900917053,3.7441303730010986
72,0.9756229519844055,0.0674489289522171,1e-06,0.4795597493648529,3.7400405406951904
73,0.9783315062522888,0.06346394121646881,1e-06,0.4795597493648529,3.7398297786712646
74,0.9767063856124878,0.062424205243587494,1e-06,0.48270440101623535,3.731783390045166
75,0.9799566864967346,0.0644344836473465,1e-06,0.4795597493648529,3.7454090118408203
76,0.9734561443328857,0.07422950863838196,1e-06,0.48427674174308777,3.7433183193206787
77,0.9837486743927002,0.059066370129585266,1e-06,0.4858490526676178,3.7530102729797363
78,0.9707475900650024,0.07735642790794373,1e-06,0.48270440101623535,3.739060878753662
79,0.9696641564369202,0.09342342615127563,1e-06,0.4795597493648529,3.7448949813842773
80,0.984290361404419,0.05807095021009445,1e-06,0.48427674174308777,3.738953113555908
81,0.9832069277763367,0.0548827238380909,1e-06,0.48270440101623535,3.7523465156555176
82,0.9756229519844055,0.07003725320100784,1e-06,0.48270440101623535,3.748645305633545
83,0.9815818071365356,0.05477737635374069,1e-06,0.48427674174308777,3.737790584564209
84,0.9794149398803711,0.07054000347852707,1e-06,0.48427674174308777,3.7349255084991455
85,0.9772481322288513,0.06275267899036407,1e-06,0.4858490526676178,3.7344799041748047
86,0.9745395183563232,0.06856419146060944,1e-06,0.48270440101623535,3.7343461513519287
87,0.9756229519844055,0.06670014560222626,1e-06,0.4858490526676178,3.7344586849212646
88,0.9804983735084534,0.05499855801463127,1e-06,0.4858490526676178,3.745063066482544
89,0.9804983735084534,0.05750922113656998,1e-06,0.48270440101623535,3.7381510734558105
90,0.9821234941482544,0.05512825772166252,1e-06,0.48427674174308777,3.7331762313842773
91,0.976164698600769,0.07467637211084366,1e-06,0.4811320900917053,3.7448923587799072
92,0.9756229519844055,0.06991434842348099,1e-06,0.4795597493648529,3.7473878860473633
93,0.9804983735084534,0.06301119178533554,1e-06,0.48270440101623535,3.734309673309326
94,0.9832069277763367,0.05344364419579506,1e-06,0.48270440101623535,3.7350213527679443
95,0.9756229519844055,0.06411406397819519,1e-06,0.4811320900917053,3.734041690826416
96,0.9756229519844055,0.06408503651618958,1e-06,0.4811320900917053,3.7363979816436768
97,0.9804983735084534,0.06652890890836716,1e-06,0.48427674174308777,3.739781379699707
98,0.9756229519844055,0.0739714577794075,1e-06,0.4811320900917053,3.740245819091797
99,0.9832069277763367,0.059918783605098724,1e-06,0.4858490526676178,3.743013858795166
100,0.9729143977165222,0.07399781793355942,1e-06,0.4858490526676178,3.7465951442718506
