epoch,accuracy,loss,lr,val_accuracy,val_loss
0,0.7616468071937561,0.5780808329582214,0.001,0.5141509175300598,1.1802810430526733
1,0.8553629517555237,0.36682093143463135,0.001,0.5141509175300598,1.917758822441101
2,0.8819068074226379,0.2783581614494324,0.001,0.5141509175300598,3.4611494541168213
3,0.8992416262626648,0.2519984245300293,0.001,0.5141509175300598,5.067697048187256
4,0.9182015061378479,0.20633873343467712,0.001,0.5141509175300598,7.007665157318115
5,0.924160361289978,0.21084748208522797,0.001,0.5141509175300598,6.6951904296875
6,0.9409534335136414,0.16579101979732513,0.001,0.5141509175300598,7.554272174835205
7,0.9349945783615112,0.17305617034435272,0.001,0.5141509175300598,6.5982866287231445
8,0.94962078332901,0.14648418128490448,0.001,0.5141509175300598,5.859857082366943
9,0.9599133133888245,0.11799977719783783,0.001,0.5141509175300598,4.636684894561768
10,0.9517876505851746,0.15602688491344452,0.001,0.45440250635147095,3.2145750522613525
11,0.9647887349128723,0.10044923424720764,0.0003,0.45597484707832336,3.2412617206573486
12,0.960455060005188,0.09807850420475006,0.0003,0.3349056541919708,4.125046730041504
13,0.9685807228088379,0.08689682930707932,0.0003,0.5880503058433533,3.399103879928589
14,0.9674972891807556,0.08742067962884903,0.0003,0.33805030584335327,4.280144691467285
15,0.9745395183563232,0.08096089214086533,0.0003,0.47012579441070557,3.8427734375
16,0.9756229519844055,0.06539665162563324,0.0003,0.4433962404727936,4.024068355560303
17,0.9707475900650024,0.08676022291183472,0.0003,0.5581761002540588,3.9701242446899414
18,0.9767063856124878,0.07331176847219467,0.0003,0.3946540951728821,4.330915927886963
19,0.9821234941482544,0.05139608308672905,0.0003,0.5393081903457642,3.8949484825134277
20,0.9767063856124878,0.061894871294498444,0.0003,0.3537735939025879,4.121817111968994
21,0.9810400605201721,0.06089872494339943,9e-05,0.446540892124176,4.071717262268066
22,0.9815818071365356,0.055046044290065765,9e-05,0.5628930926322937,3.646501302719116
23,0.9815818071365356,0.06072257459163666,9e-05,0.4654088020324707,3.909187078475952
24,0.976164698600769,0.06205432489514351,9e-05,0.42138364911079407,4.040011405944824
25,0.984290361404419,0.05023139342665672,9e-05,0.5220125913619995,3.6256613731384277
26,0.9848320484161377,0.049846045672893524,9e-05,0.4984276592731476,3.7328436374664307
27,0.9821234941482544,0.05339886620640755,9e-05,0.38679245114326477,4.229395389556885
28,0.9815818071365356,0.05478035286068916,9e-05,0.46069180965423584,4.186931133270264
29,0.9853737950325012,0.04722503945231438,9e-05,0.349056601524353,4.43527364730835
30,0.9821234941482544,0.05359668657183647,9e-05,0.39937105774879456,4.319730758666992
31,0.9869989156723022,0.04375094547867775,2.7e-05,0.49528300762176514,3.982630729675293
32,0.9853737950325012,0.043389249593019485,2.7e-05,0.4669811427593231,4.0868754386901855
33,0.9880823493003845,0.04168695956468582,2.7e-05,0.4669811427593231,4.104452610015869
34,0.9864572286605835,0.04234205558896065,2.7e-05,0.4984276592731476,4.105637550354004
35,0.9848320484161377,0.045610569417476654,2.7e-05,0.4858490526676178,4.08991003036499
36,0.9799566864967346,0.049224477261304855,2.7e-05,0.4858490526676178,3.968919277191162
37,0.9853737950325012,0.045820578932762146,2.7e-05,0.45597484707832336,4.074840068817139
38,0.98591548204422,0.04723319411277771,2.7e-05,0.4858490526676178,3.9728360176086426
39,0.9832069277763367,0.050473980605602264,2.7e-05,0.46855345368385315,4.089737892150879
40,0.987540602684021,0.04318024590611458,2.7e-05,0.4654088020324707,4.1355156898498535
41,0.9891657829284668,0.03991707041859627,8.1e-06,0.4669811427593231,4.1363325119018555
42,0.98591548204422,0.04061310365796089,8.1e-06,0.4779874086380005,4.116903781890869
43,0.987540602684021,0.039102952927351,8.1e-06,0.473270446062088,4.125702381134033
44,0.9821234941482544,0.048289425671100616,8.1e-06,0.47641509771347046,4.109909534454346
45,0.9810400605201721,0.04924566671252251,8.1e-06,0.473270446062088,4.10504674911499
46,0.9864572286605835,0.03981764242053032,8.1e-06,0.46855345368385315,4.12108039855957
47,0.9891657829284668,0.040471386164426804,8.1e-06,0.4921383559703827,4.0930585861206055
48,0.98591548204422,0.04335832968354225,8.1e-06,0.48427674174308777,4.084009170532227
49,0.9821234941482544,0.04991516098380089,8.1e-06,0.50157231092453,4.073172092437744
50,0.984290361404419,0.044544801115989685,8.1e-06,0.5047169923782349,4.02233362197876
51,0.9886240363121033,0.038451455533504486,2.43e-06,0.4937106966972351,4.010892391204834
52,0.9886240363121033,0.03606928512454033,2.43e-06,0.48270440101623535,4.043928146362305
53,0.9864572286605835,0.04310412332415581,2.43e-06,0.48270440101623535,4.039100170135498
54,0.9897074699401855,0.03906934708356857,2.43e-06,0.48270440101623535,4.04078483581543
55,0.9815818071365356,0.04750344157218933,2.43e-06,0.48270440101623535,4.046048641204834
56,0.9815818071365356,0.05459272116422653,2.43e-06,0.4779874086380005,4.05217170715332
57,0.987540602684021,0.03936854004859924,2.43e-06,0.4779874086380005,4.044544219970703
58,0.9815818071365356,0.04931783303618431,2.43e-06,0.4716981053352356,4.072331428527832
59,0.9913325905799866,0.03881928697228432,2.43e-06,0.4779874086380005,4.066676616668701
60,0.9848320484161377,0.04829415678977966,2.43e-06,0.4795597493648529,4.064425945281982
61,0.9794149398803711,0.049644533544778824,1e-06,0.48270440101623535,4.061941623687744
62,0.9897074699401855,0.0353226512670517,1e-06,0.48270440101623535,4.0688862800598145
63,0.987540602684021,0.036543603986501694,1e-06,0.48270440101623535,4.0703582763671875
64,0.9880823493003845,0.0376557856798172,1e-06,0.48270440101623535,4.068627834320068
65,0.9869989156723022,0.04302825778722763,1e-06,0.48427674174308777,4.0602569580078125
66,0.9853737950325012,0.040419839322566986,1e-06,0.48270440101623535,4.067498207092285
67,0.9832069277763367,0.04547131434082985,1e-06,0.48270440101623535,4.072948932647705
68,0.98591548204422,0.039242178201675415,1e-06,0.48270440101623535,4.0741095542907715
69,0.98591548204422,0.04886481538414955,1e-06,0.48270440101623535,4.083812713623047
70,0.9907909035682678,0.038817863911390305,1e-06,0.47641509771347046,4.088092803955078
71,0.9832069277763367,0.04450010135769844,1e-06,0.4779874086380005,4.103892803192139
72,0.9897074699401855,0.03711559623479843,1e-06,0.47484275698661804,4.099554061889648
73,0.9902492165565491,0.03535146266222,1e-06,0.47641509771347046,4.106017112731934
74,0.9897074699401855,0.03582046553492546,1e-06,0.4779874086380005,4.093418121337891
75,0.987540602684021,0.03953111916780472,1e-06,0.4779874086380005,4.096441268920898
76,0.9832069277763367,0.04819416254758835,1e-06,0.4779874086380005,4.1011738777160645
77,0.9907909035682678,0.03195096179842949,1e-06,0.4779874086380005,4.104269504547119
78,0.9848320484161377,0.04584517702460289,1e-06,0.4779874086380005,4.120752334594727
79,0.9913325905799866,0.03188614919781685,1e-06,0.4779874086380005,4.118236541748047
80,0.98591548204422,0.04611660912632942,1e-06,0.4779874086380005,4.116049289703369
81,0.984290361404419,0.04740733280777931,1e-06,0.473270446062088,4.123250484466553
82,0.9864572286605835,0.04167814925312996,1e-06,0.4779874086380005,4.110958099365234
83,0.9826652407646179,0.045521192252635956,1e-06,0.4779874086380005,4.108514308929443
84,0.984290361404419,0.04116120934486389,1e-06,0.4779874086380005,4.118940353393555
85,0.984290361404419,0.04573562741279602,1e-06,0.4779874086380005,4.11678409576416
86,0.98591548204422,0.043826088309288025,1e-06,0.48270440101623535,4.1155595779418945
87,0.987540602684021,0.041399646550416946,1e-06,0.4779874086380005,4.113976001739502
88,0.9848320484161377,0.04356953874230385,1e-06,0.47641509771347046,4.121261119842529
89,0.9864572286605835,0.03748751059174538,1e-06,0.4779874086380005,4.113541126251221
90,0.9880823493003845,0.039173346012830734,1e-06,0.4795597493648529,4.129833698272705
91,0.9897074699401855,0.04024871066212654,1e-06,0.48427674174308777,4.114937782287598
92,0.9853737950325012,0.05078369006514549,1e-06,0.4874213933944702,4.105382919311523
93,0.9869989156723022,0.03583182021975517,1e-06,0.48270440101623535,4.106805324554443
94,0.9869989156723022,0.04070165380835533,1e-06,0.48270440101623535,4.112677574157715
95,0.9897074699401855,0.036158956587314606,1e-06,0.4779874086380005,4.128792762756348
96,0.9880823493003845,0.038289472460746765,1e-06,0.48270440101623535,4.111648082733154
97,0.98591548204422,0.04040362313389778,1e-06,0.4795597493648529,4.1160688400268555
98,0.9869989156723022,0.041151389479637146,1e-06,0.4779874086380005,4.117513179779053
99,0.9832069277763367,0.04575921595096588,1e-06,0.48270440101623535,4.1134867668151855
100,0.9913325905799866,0.033449117094278336,1e-06,0.48270440101623535,4.108144760131836
