epoch,accuracy,loss,lr,val_accuracy,val_loss
0,0.7876489758491516,0.49258384108543396,0.001,0.5141509175300598,2.9687578678131104
1,0.8710725903511047,0.31395795941352844,0.001,0.5141509175300598,6.91740608215332
2,0.9122427105903625,0.22464953362941742,0.001,0.5141509175300598,9.796127319335938
3,0.9322860240936279,0.17413781583309174,0.001,0.5141509175300598,11.945369720458984
4,0.9268689155578613,0.19971026480197906,0.001,0.5141509175300598,12.143278121948242
5,0.94962078332901,0.15172867476940155,0.001,0.5141509175300598,14.301797866821289
6,0.9517876505851746,0.12919288873672485,0.001,0.5141509175300598,15.150433540344238
7,0.9599133133888245,0.1194038987159729,0.001,0.5141509175300598,12.978374481201172
8,0.9550378918647766,0.11994731426239014,0.001,0.33647799491882324,9.220169067382812
9,0.9642470479011536,0.09402340650558472,0.001,0.35849055647850037,10.782291412353516
10,0.9750812649726868,0.06191091611981392,0.001,0.4858490526676178,16.42072296142578
11,0.9810400605201721,0.04960117116570473,0.0003,0.4716981053352356,8.250799179077148
12,0.9826652407646179,0.059435319155454636,0.0003,0.5503144860267639,5.486386299133301
13,0.9853737950325012,0.04793545603752136,0.0003,0.4937106966972351,6.403739929199219
14,0.987540602684021,0.035200051963329315,0.0003,0.3899371027946472,4.4304423332214355
15,0.9907909035682678,0.0288544949144125,0.0003,0.4449685513973236,3.7759053707122803
16,0.9902492165565491,0.03538567200303078,0.0003,0.4245283007621765,5.290832042694092
17,0.9907909035682678,0.030558539554476738,0.0003,0.4386792480945587,7.950798034667969
18,0.98591548204422,0.04024917632341385,0.0003,0.4386792480945587,6.52621603012085
19,0.9918743371963501,0.02317468449473381,0.0003,0.42610064148902893,4.697195529937744
20,0.9940411448478699,0.02007184363901615,0.0003,0.42138364911079407,4.512296676635742
21,0.9897074699401855,0.022819941863417625,9e-05,0.5251572132110596,5.382658004760742
22,0.9940411448478699,0.017994891852140427,9e-05,0.5408805012702942,5.5529913902282715
23,0.9962080121040344,0.018080683425068855,9e-05,0.5487421154975891,6.162332057952881
24,0.9951245784759521,0.018702508881688118,9e-05,0.4937106966972351,4.779792308807373
25,0.9951245784759521,0.015329345129430294,9e-05,0.5393081903457642,5.938737392425537
26,0.9956663250923157,0.017062803730368614,9e-05,0.5251572132110596,4.345531940460205
27,0.9951245784759521,0.016900235787034035,9e-05,0.49056604504585266,5.295274257659912
28,0.9956663250923157,0.01384569052606821,9e-05,0.5408805012702942,5.3965067863464355
29,0.9945828914642334,0.016512958332896233,9e-05,0.44968554377555847,5.747474193572998
30,0.9951245784759521,0.014359974302351475,9e-05,0.5345911979675293,6.446074962615967
31,0.9972914457321167,0.011321076191961765,2.7e-05,0.5361635088920593,6.197331428527832
32,0.9940411448478699,0.016027655452489853,2.7e-05,0.5283018946647644,5.793661117553711
33,0.9934994578361511,0.014791821129620075,2.7e-05,0.50157231092453,5.396382808685303
34,0.996749758720398,0.011170743964612484,2.7e-05,0.5283018946647644,5.550660133361816
35,0.9978331327438354,0.009266347624361515,2.7e-05,0.5314465165138245,5.775852203369141
36,0.998374879360199,0.01129467599093914,2.7e-05,0.5424528121948242,5.6207146644592285
37,0.9978331327438354,0.012133453972637653,2.7e-05,0.5345911979675293,5.624695777893066
38,0.996749758720398,0.010980701074004173,2.7e-05,0.5283018946647644,5.375638008117676
39,0.996749758720398,0.011837485246360302,2.7e-05,0.5251572132110596,5.751595497131348
40,0.998374879360199,0.007060376461595297,2.7e-05,0.5031446814537048,5.851900100708008
41,0.9956663250923157,0.011154258623719215,8.1e-06,0.5204402804374695,5.800290584564209
42,0.9978331327438354,0.011801722459495068,8.1e-06,0.5157232880592346,5.702635765075684
43,0.996749758720398,0.011516813188791275,8.1e-06,0.5157232880592346,5.583115100860596
44,0.9972914457321167,0.008776516653597355,8.1e-06,0.5251572132110596,5.63782262802124
45,0.9972914457321167,0.00766803789883852,8.1e-06,0.5204402804374695,5.559934139251709
46,0.996749758720398,0.010521932505071163,8.1e-06,0.5204402804374695,5.591451168060303
47,0.9956663250923157,0.014940895140171051,8.1e-06,0.5172955989837646,5.704409599304199
48,0.9972914457321167,0.009269551374018192,8.1e-06,0.5267295837402344,5.674387454986572
49,0.9972914457321167,0.008583232760429382,8.1e-06,0.5188679099082947,5.6842169761657715
50,0.9978331327438354,0.0087498240172863,8.1e-06,0.5157232880592346,5.682060718536377
51,0.9962080121040344,0.010813945904374123,2.43e-06,0.5172955989837646,5.673547744750977
52,0.9989165663719177,0.005296660587191582,2.43e-06,0.5172955989837646,5.684624195098877
53,0.996749758720398,0.009057624265551567,2.43e-06,0.5188679099082947,5.6500444412231445
54,0.9962080121040344,0.011281371116638184,2.43e-06,0.5220125913619995,5.656431198120117
55,0.998374879360199,0.006519081071019173,2.43e-06,0.5204402804374695,5.687160968780518
56,0.9978331327438354,0.009698915295302868,2.43e-06,0.5204402804374695,5.688704013824463
57,0.9978331327438354,0.009752492420375347,2.43e-06,0.5235849022865295,5.674388408660889
58,0.998374879360199,0.006701651960611343,2.43e-06,0.5204402804374695,5.684421539306641
59,0.9934994578361511,0.014708423987030983,2.43e-06,0.5188679099082947,5.665592670440674
60,0.9978331327438354,0.012494177557528019,2.43e-06,0.5188679099082947,5.662344932556152
61,0.998374879360199,0.009923192672431469,1e-06,0.5172955989837646,5.654040813446045
62,0.998374879360199,0.006395925767719746,1e-06,0.5172955989837646,5.652212619781494
63,0.996749758720398,0.008290437050163746,1e-06,0.5188679099082947,5.662751197814941
64,0.996749758720398,0.007997240871191025,1e-06,0.5188679099082947,5.644476890563965
65,0.9994583129882812,0.00678863562643528,1e-06,0.5188679099082947,5.658950328826904
66,0.996749758720398,0.011187288910150528,1e-06,0.5188679099082947,5.668581962585449
67,0.9978331327438354,0.008569091558456421,1e-06,0.5188679099082947,5.648614406585693
68,0.998374879360199,0.009704667143523693,1e-06,0.5204402804374695,5.636111259460449
69,0.998374879360199,0.008301722817122936,1e-06,0.5188679099082947,5.627566814422607
70,0.9972914457321167,0.009294427931308746,1e-06,0.5188679099082947,5.636812210083008
71,0.9989165663719177,0.005872664041817188,1e-06,0.5188679099082947,5.643581390380859
72,0.998374879360199,0.007406443823128939,1e-06,0.5188679099082947,5.667407989501953
73,0.9978331327438354,0.01108471304178238,1e-06,0.5188679099082947,5.680241584777832
74,0.9972914457321167,0.011612188071012497,1e-06,0.5204402804374695,5.682676792144775
75,0.9972914457321167,0.010967222973704338,1e-06,0.5204402804374695,5.656047344207764
76,0.9978331327438354,0.010682561434805393,1e-06,0.5204402804374695,5.638657093048096
77,0.9972914457321167,0.01098871510475874,1e-06,0.5204402804374695,5.652143955230713
78,0.9956663250923157,0.011186101473867893,1e-06,0.5204402804374695,5.649301528930664
79,0.9989165663719177,0.006670844275504351,1e-06,0.5188679099082947,5.647646427154541
80,0.998374879360199,0.009791749529540539,1e-06,0.5188679099082947,5.660489559173584
81,0.998374879360199,0.0076050483621656895,1e-06,0.5188679099082947,5.655378341674805
82,0.9972914457321167,0.010026552714407444,1e-06,0.5188679099082947,5.639140605926514
83,0.9994583129882812,0.005602673161774874,1e-06,0.5188679099082947,5.647174835205078
84,0.9945828914642334,0.015261335298418999,1e-06,0.5172955989837646,5.626733303070068
85,0.9962080121040344,0.011905484832823277,1e-06,0.5188679099082947,5.646154403686523
86,0.9978331327438354,0.008206377737224102,1e-06,0.5188679099082947,5.639108180999756
87,0.998374879360199,0.008235189132392406,1e-06,0.5188679099082947,5.6445112228393555
88,0.9978331327438354,0.007578229997307062,1e-06,0.5188679099082947,5.645918369293213
89,0.9994583129882812,0.007021787576377392,1e-06,0.5188679099082947,5.651695251464844
90,0.996749758720398,0.010096940211951733,1e-06,0.5188679099082947,5.651581764221191
91,0.998374879360199,0.005831873044371605,1e-06,0.5204402804374695,5.638554096221924
92,0.996749758720398,0.014404796995222569,1e-06,0.5188679099082947,5.636427879333496
93,0.996749758720398,0.011846523731946945,1e-06,0.5204402804374695,5.625320911407471
94,0.9956663250923157,0.012967991642653942,1e-06,0.5220125913619995,5.603533744812012
95,0.9978331327438354,0.009810300543904305,1e-06,0.5204402804374695,5.619460582733154
96,0.9989165663719177,0.006609567906707525,1e-06,0.5204402804374695,5.620106220245361
97,0.9989165663719177,0.009140820242464542,1e-06,0.5204402804374695,5.628374099731445
98,0.998374879360199,0.008178585208952427,1e-06,0.5188679099082947,5.617066383361816
99,0.9989165663719177,0.0069083962589502335,1e-06,0.5188679099082947,5.642205238342285
100,0.9972914457321167,0.01040099747478962,1e-06,0.5188679099082947,5.635355472564697
