epoch,accuracy,loss,lr,val_accuracy,val_loss
0,0.7908992171287537,0.5181077122688293,0.001,0.5141509175300598,2.6007347106933594
1,0.870530903339386,0.3319624066352844,0.001,0.5141509175300598,5.751371383666992
2,0.8824485540390015,0.28297579288482666,0.001,0.5141509175300598,7.646332263946533
3,0.8997833132743835,0.2624743580818176,0.001,0.5141509175300598,9.517848014831543
4,0.9252437949180603,0.20600806176662445,0.001,0.5141509175300598,10.610631942749023
5,0.9349945783615112,0.17034636437892914,0.001,0.5141509175300598,12.636037826538086
6,0.9371614456176758,0.1625782698392868,0.001,0.5141509175300598,12.978472709655762
7,0.9420368075370789,0.16605117917060852,0.001,0.5062893033027649,7.270020484924316
8,0.9523293375968933,0.13734187185764313,0.001,0.3820754587650299,4.870267391204834
9,0.9539545178413391,0.13900083303451538,0.001,0.5141509175300598,7.213994026184082
10,0.9572047591209412,0.12539206445217133,0.001,0.25,5.378049850463867
11,0.9626218676567078,0.10167889297008514,0.0003,0.30974844098091125,5.106914043426514
12,0.976164698600769,0.0654657781124115,0.0003,0.33805030584335327,3.94016170501709
13,0.9691224098205566,0.09261324256658554,0.0003,0.3254716992378235,4.848711013793945
14,0.9777898192405701,0.06639475375413895,0.0003,0.4245283007621765,3.5220417976379395
15,0.9729143977165222,0.06832072138786316,0.0003,0.4292452931404114,3.498800754547119
16,0.9767063856124878,0.06237022578716278,0.0003,0.3899371027946472,3.6710047721862793
17,0.9712892770767212,0.07476381957530975,0.0003,0.555031418800354,5.345829486846924
18,0.9691224098205566,0.0814037024974823,0.0003,0.37735849618911743,3.011699914932251
19,0.9712892770767212,0.07038941234350204,0.0003,0.43396225571632385,5.06424617767334
20,0.9772481322288513,0.06892901659011841,0.0003,0.3254716992378235,4.153880596160889
21,0.984290361404419,0.04762539640069008,9e-05,0.5157232880592346,4.114813804626465
22,0.9869989156723022,0.03905056416988373,9e-05,0.42610064148902893,4.276998996734619
23,0.9853737950325012,0.04381360858678818,9e-05,0.5141509175300598,4.376708507537842
24,0.9821234941482544,0.04940887168049812,9e-05,0.5361635088920593,3.9962823390960693
25,0.9832069277763367,0.05042155832052231,9e-05,0.446540892124176,4.660706043243408
26,0.9848320484161377,0.04390246048569679,9e-05,0.47484275698661804,4.592068672180176
27,0.9832069277763367,0.04840780049562454,9e-05,0.4937106966972351,4.2641282081604
28,0.9880823493003845,0.037770628929138184,9e-05,0.5047169923782349,4.031399250030518
29,0.9853737950325012,0.04260524734854698,9e-05,0.3694968521595001,4.364095687866211
30,0.9886240363121033,0.03676057606935501,9e-05,0.48270440101623535,4.554329872131348
31,0.9891657829284668,0.03472404554486275,2.7e-05,0.5125786066055298,4.724879264831543
32,0.9869989156723022,0.03863614797592163,2.7e-05,0.5251572132110596,4.446516990661621
33,0.9886240363121033,0.041783250868320465,2.7e-05,0.5220125913619995,4.279938697814941
34,0.9913325905799866,0.027627240866422653,2.7e-05,0.49056604504585266,4.221373558044434
35,0.9902492165565491,0.027081182226538658,2.7e-05,0.4433962404727936,4.567108631134033
36,0.987540602684021,0.03904858976602554,2.7e-05,0.5267295837402344,4.701833724975586
37,0.987540602684021,0.034874655306339264,2.7e-05,0.5078616142272949,4.512604236602783
38,0.987540602684021,0.03856035694479942,2.7e-05,0.5235849022865295,4.80241060256958
39,0.9880823493003845,0.03420836478471756,2.7e-05,0.5298742055892944,4.591220855712891
40,0.987540602684021,0.031954891979694366,2.7e-05,0.4638364911079407,4.339524269104004
41,0.9853737950325012,0.03905780240893364,8.1e-06,0.47484275698661804,4.429229736328125
42,0.9880823493003845,0.03829082101583481,8.1e-06,0.5204402804374695,4.473818778991699
43,0.987540602684021,0.03395380452275276,8.1e-06,0.48427674174308777,4.521814346313477
44,0.9945828914642334,0.02059868350625038,8.1e-06,0.4811320900917053,4.577986717224121
45,0.9864572286605835,0.035267796367406845,8.1e-06,0.4937106966972351,4.62352991104126
46,0.9869989156723022,0.036624275147914886,8.1e-06,0.5204402804374695,4.646592617034912
47,0.9929577708244324,0.021783066913485527,8.1e-06,0.4921383559703827,4.6804518699646
48,0.9821234941482544,0.04245992377400398,8.1e-06,0.5220125913619995,4.614635467529297
49,0.987540602684021,0.0402679517865181,8.1e-06,0.5204402804374695,4.645477294921875
50,0.98591548204422,0.04344440624117851,8.1e-06,0.5251572132110596,4.597484111785889
51,0.984290361404419,0.04627247899770737,2.43e-06,0.5235849022865295,4.565192699432373
52,0.9902492165565491,0.03209393098950386,2.43e-06,0.5220125913619995,4.549837589263916
53,0.9891657829284668,0.03479620814323425,2.43e-06,0.5204402804374695,4.554537773132324
54,0.9902492165565491,0.029580961912870407,2.43e-06,0.5188679099082947,4.586146354675293
55,0.987540602684021,0.03374146670103073,2.43e-06,0.5220125913619995,4.575544834136963
56,0.98591548204422,0.03377658873796463,2.43e-06,0.5188679099082947,4.559823036193848
57,0.9880823493003845,0.029859144240617752,2.43e-06,0.5220125913619995,4.534507751464844
58,0.987540602684021,0.03921721503138542,2.43e-06,0.5220125913619995,4.523596286773682
59,0.9886240363121033,0.03345672786235809,2.43e-06,0.5125786066055298,4.518407821655273
60,0.9837486743927002,0.03726610541343689,2.43e-06,0.5141509175300598,4.530867099761963
61,0.9869989156723022,0.032357554882764816,1e-06,0.5172955989837646,4.534317493438721
62,0.9880823493003845,0.03478004410862923,1e-06,0.5188679099082947,4.5522613525390625
63,0.9864572286605835,0.044092487543821335,1e-06,0.5204402804374695,4.558655261993408
64,0.9918743371963501,0.030787531286478043,1e-06,0.5220125913619995,4.545284271240234
65,0.9907909035682678,0.02725190296769142,1e-06,0.5220125913619995,4.539871692657471
66,0.9891657829284668,0.03796546906232834,1e-06,0.5188679099082947,4.540189266204834
67,0.9853737950325012,0.04160178825259209,1e-06,0.5188679099082947,4.523412704467773
68,0.9897074699401855,0.03177689388394356,1e-06,0.5188679099082947,4.534511089324951
69,0.9924160242080688,0.028961412608623505,1e-06,0.5172955989837646,4.554781913757324
70,0.9864572286605835,0.03657165542244911,1e-06,0.5220125913619995,4.5600152015686035
71,0.9880823493003845,0.03365079313516617,1e-06,0.5220125913619995,4.576399326324463
72,0.9853737950325012,0.03605588898062706,1e-06,0.5204402804374695,4.580166339874268
73,0.9869989156723022,0.03502214327454567,1e-06,0.5204402804374695,4.563663005828857
74,0.9891657829284668,0.031350892037153244,1e-06,0.5172955989837646,4.566251754760742
75,0.9929577708244324,0.026746485382318497,1e-06,0.5188679099082947,4.56430721282959
76,0.9929577708244324,0.02154754474759102,1e-06,0.5188679099082947,4.585188865661621
77,0.9902492165565491,0.02997599169611931,1e-06,0.5157232880592346,4.592556476593018
78,0.987540602684021,0.03403571993112564,1e-06,0.5220125913619995,4.598376274108887
79,0.9907909035682678,0.03180696442723274,1e-06,0.5220125913619995,4.582276344299316
80,0.9891657829284668,0.031042056158185005,1e-06,0.5220125913619995,4.580880641937256
81,0.9907909035682678,0.03401653468608856,1e-06,0.5204402804374695,4.5707902908325195
82,0.9891657829284668,0.036577917635440826,1e-06,0.5157232880592346,4.569845199584961
83,0.9913325905799866,0.0275608841329813,1e-06,0.5188679099082947,4.578279972076416
84,0.9886240363121033,0.03381883725523949,1e-06,0.5188679099082947,4.588814735412598
85,0.9902492165565491,0.02958032675087452,1e-06,0.5157232880592346,4.60117769241333
86,0.9897074699401855,0.027972064912319183,1e-06,0.5188679099082947,4.609231472015381
87,0.9913325905799866,0.02497333101928234,1e-06,0.5204402804374695,4.614109039306641
88,0.9907909035682678,0.026852639392018318,1e-06,0.5188679099082947,4.612478733062744
89,0.9907909035682678,0.028067901730537415,1e-06,0.5188679099082947,4.61454439163208
90,0.9902492165565491,0.03430304303765297,1e-06,0.5204402804374695,4.6364288330078125
91,0.9907909035682678,0.02747267112135887,1e-06,0.5204402804374695,4.626902103424072
92,0.9897074699401855,0.03658954054117203,1e-06,0.5188679099082947,4.618133544921875
93,0.9929577708244324,0.024940378963947296,1e-06,0.5204402804374695,4.6093902587890625
94,0.9902492165565491,0.02722533978521824,1e-06,0.5204402804374695,4.6091485023498535
95,0.9891657829284668,0.030944593250751495,1e-06,0.5204402804374695,4.601963043212891
96,0.9918743371963501,0.03167467191815376,1e-06,0.5220125913619995,4.619381427764893
97,0.9886240363121033,0.034157946705818176,1e-06,0.5220125913619995,4.607926368713379
98,0.9891657829284668,0.030802784487605095,1e-06,0.5204402804374695,4.6197710037231445
99,0.9897074699401855,0.030302515253424644,1e-06,0.5204402804374695,4.630072116851807
100,0.9913325905799866,0.02676648646593094,1e-06,0.5204402804374695,4.6202497482299805
