epoch,accuracy,loss,lr,val_accuracy,val_loss
0,0.7795233130455017,0.5324254631996155,0.001,0.5141509175300598,2.2457141876220703
1,0.8624051809310913,0.334101140499115,0.001,0.5141509175300598,4.983572006225586
2,0.8981581926345825,0.2764379680156708,0.001,0.5141509175300598,7.719052314758301
3,0.9138678312301636,0.23442380130290985,0.001,0.5141509175300598,10.525772094726562
4,0.9068255424499512,0.22876375913619995,0.001,0.5141509175300598,12.88158893585205
5,0.9387865662574768,0.16071365773677826,0.001,0.5141509175300598,15.535059928894043
6,0.93553626537323,0.1735740602016449,0.001,0.5141509175300598,12.63845157623291
7,0.9458287954330444,0.14599044620990753,0.001,0.5141509175300598,11.532227516174316
8,0.9349945783615112,0.17714007198810577,0.001,0.40566039085388184,7.732580184936523
9,0.9555796384811401,0.1128275990486145,0.001,0.5141509175300598,10.331377029418945
10,0.9490790963172913,0.1221412718296051,0.001,0.1666666716337204,6.288924217224121
11,0.9702058434486389,0.08760519325733185,0.0003,0.16352201998233795,5.018720626831055
12,0.9631636142730713,0.08676964789628983,0.0003,0.5503144860267639,4.09590482711792
13,0.9783315062522888,0.06617207080125809,0.0003,0.34276729822158813,4.55617094039917
14,0.9869989156723022,0.039554253220558167,0.0003,0.35849055647850037,4.368355751037598
15,0.9869989156723022,0.04268071427941322,0.0003,0.5094339847564697,5.172826766967773
16,0.9804983735084534,0.04602251946926117,0.0003,0.2720125913619995,8.506725311279297
17,0.9886240363121033,0.03956526890397072,0.0003,0.30817610025405884,5.419390678405762
18,0.9897074699401855,0.03714543581008911,0.0003,0.5220125913619995,4.423722267150879
19,0.9924160242080688,0.028944820165634155,0.0003,0.5251572132110596,5.444873809814453
20,0.9929577708244324,0.024848023429512978,0.0003,0.5408805012702942,5.289673805236816
21,0.9891657829284668,0.029105423018336296,9e-05,0.473270446062088,4.968775272369385
22,0.9929577708244324,0.02433304488658905,9e-05,0.46855345368385315,5.5452752113342285
23,0.9924160242080688,0.028156191110610962,9e-05,0.4591194987297058,5.561009407043457
24,0.9869989156723022,0.03472067788243294,9e-05,0.3820754587650299,5.240880012512207
25,0.9913325905799866,0.02403642050921917,9e-05,0.4528301954269409,4.629647731781006
26,0.9902492165565491,0.033499326556921005,9e-05,0.50157231092453,4.030541896820068
27,0.9880823493003845,0.03139634057879448,9e-05,0.4937106966972351,4.731417179107666
28,0.9972914457321167,0.012798313051462173,9e-05,0.5157232880592346,5.005784034729004
29,0.9945828914642334,0.02030603215098381,9e-05,0.49056604504585266,4.950871467590332
30,0.9929577708244324,0.021604929119348526,9e-05,0.44182389974594116,6.03234338760376
31,0.9934994578361511,0.02238479070365429,2.7e-05,0.4921383559703827,5.183334827423096
32,0.9924160242080688,0.02024243026971817,2.7e-05,0.5220125913619995,5.3426833152771
33,0.9962080121040344,0.018972070887684822,2.7e-05,0.50157231092453,5.244338512420654
34,0.9951245784759521,0.0185342226177454,2.7e-05,0.5047169923782349,5.053073883056641
35,0.9929577708244324,0.020580818876624107,2.7e-05,0.5078616142272949,5.240119934082031
36,0.9940411448478699,0.01903262361884117,2.7e-05,0.4921383559703827,5.342935562133789
37,0.9956663250923157,0.014905302785336971,2.7e-05,0.5031446814537048,5.557385444641113
38,0.9891657829284668,0.030190985649824142,2.7e-05,0.5141509175300598,5.002583980560303
39,0.996749758720398,0.01521531492471695,2.7e-05,0.4638364911079407,5.04579496383667
40,0.9956663250923157,0.02154088392853737,2.7e-05,0.4591194987297058,5.366099834442139
41,0.998374879360199,0.010087709873914719,8.1e-06,0.49056604504585266,5.415475845336914
42,0.9962080121040344,0.012617809697985649,8.1e-06,0.49528300762176514,5.357233047485352
43,0.9951245784759521,0.016295086592435837,8.1e-06,0.49685534834861755,5.283603191375732
44,0.9945828914642334,0.017911765724420547,8.1e-06,0.4984276592731476,5.3990302085876465
45,0.9956663250923157,0.01562722586095333,8.1e-06,0.5141509175300598,5.31593656539917
46,0.9918743371963501,0.029706314206123352,8.1e-06,0.49528300762176514,5.2861480712890625
47,0.9940411448478699,0.018963221460580826,8.1e-06,0.4669811427593231,5.2977495193481445
48,0.9962080121040344,0.014172886498272419,8.1e-06,0.4716981053352356,5.283182144165039
49,0.996749758720398,0.015276532620191574,8.1e-06,0.4984276592731476,5.266718864440918
50,0.9962080121040344,0.017866838723421097,8.1e-06,0.4921383559703827,5.3077778816223145
51,0.9951245784759521,0.016671432182192802,2.43e-06,0.49685534834861755,5.326937198638916
52,0.9924160242080688,0.0221454706043005,2.43e-06,0.4984276592731476,5.2592267990112305
53,0.9945828914642334,0.019653400406241417,2.43e-06,0.49685534834861755,5.280801296234131
54,0.9945828914642334,0.015730127692222595,2.43e-06,0.50157231092453,5.265986442565918
55,0.9918743371963501,0.020377803593873978,2.43e-06,0.49685534834861755,5.253861427307129
56,0.9934994578361511,0.02245161682367325,2.43e-06,0.4984276592731476,5.221770763397217
57,0.9951245784759521,0.017615025863051414,2.43e-06,0.49528300762176514,5.225366592407227
58,0.9978331327438354,0.013147491961717606,2.43e-06,0.49056604504585266,5.238336563110352
59,0.996749758720398,0.013611339032649994,2.43e-06,0.49685534834861755,5.24732780456543
60,0.9934994578361511,0.01724521815776825,2.43e-06,0.4921383559703827,5.282048225402832
61,0.9956663250923157,0.016019899398088455,1e-06,0.4937106966972351,5.2750349044799805
62,0.9956663250923157,0.013858580961823463,1e-06,0.4921383559703827,5.28493595123291
63,0.996749758720398,0.01583564281463623,1e-06,0.4937106966972351,5.302892684936523
64,0.9929577708244324,0.024093853309750557,1e-06,0.49528300762176514,5.294351577758789
65,0.9934994578361511,0.021720191463828087,1e-06,0.49685534834861755,5.285888671875
66,0.9945828914642334,0.018795538693666458,1e-06,0.4937106966972351,5.289644718170166
67,0.9924160242080688,0.02117626741528511,1e-06,0.49528300762176514,5.290380477905273
68,0.9929577708244324,0.020367329940199852,1e-06,0.4937106966972351,5.305096626281738
69,0.9978331327438354,0.012779837474226952,1e-06,0.4937106966972351,5.295907020568848
70,0.9945828914642334,0.017140036448836327,1e-06,0.49685534834861755,5.286060810089111
71,0.9929577708244324,0.018919961526989937,1e-06,0.49528300762176514,5.281077861785889
72,0.9940411448478699,0.01661510393023491,1e-06,0.49528300762176514,5.270637512207031
73,0.996749758720398,0.014911864884197712,1e-06,0.49685534834861755,5.270573139190674
74,0.9962080121040344,0.01391602773219347,1e-06,0.4984276592731476,5.258419990539551
75,0.9978331327438354,0.010628900490701199,1e-06,0.4984276592731476,5.261896133422852
76,0.9934994578361511,0.019448596984148026,1e-06,0.5,5.259856700897217
77,0.9962080121040344,0.012575837783515453,1e-06,0.5,5.25077486038208
78,0.9962080121040344,0.018432993441820145,1e-06,0.49685534834861755,5.257460594177246
79,0.996749758720398,0.012038535438477993,1e-06,0.4984276592731476,5.263981819152832
80,0.9978331327438354,0.01185602881014347,1e-06,0.4984276592731476,5.263016223907471
81,0.9924160242080688,0.02828945219516754,1e-06,0.4984276592731476,5.2437825202941895
82,0.9934994578361511,0.018190262839198112,1e-06,0.50157231092453,5.23545503616333
83,0.9956663250923157,0.01612669602036476,1e-06,0.50157231092453,5.23539400100708
84,0.9945828914642334,0.016002949327230453,1e-06,0.4984276592731476,5.234218597412109
85,0.9951245784759521,0.018411610275506973,1e-06,0.4984276592731476,5.22821044921875
86,0.9918743371963501,0.021638628095388412,1e-06,0.4984276592731476,5.2326765060424805
87,0.9956663250923157,0.014428355731070042,1e-06,0.49685534834861755,5.234513282775879
88,0.9940411448478699,0.014664690010249615,1e-06,0.4984276592731476,5.21832799911499
89,0.9956663250923157,0.011720366775989532,1e-06,0.49528300762176514,5.227468013763428
90,0.9934994578361511,0.01693260669708252,1e-06,0.49685534834861755,5.22413444519043
91,0.9962080121040344,0.01750902645289898,1e-06,0.4984276592731476,5.218721389770508
92,0.9951245784759521,0.01981927640736103,1e-06,0.4937106966972351,5.217820167541504
93,0.9972914457321167,0.01332922838628292,1e-06,0.4984276592731476,5.205049991607666
94,0.996749758720398,0.014609317295253277,1e-06,0.4984276592731476,5.210113525390625
95,0.9902492165565491,0.026614155620336533,1e-06,0.49685534834861755,5.2389750480651855
96,0.9962080121040344,0.015418083406984806,1e-06,0.49685534834861755,5.21464729309082
97,0.9972914457321167,0.013887807726860046,1e-06,0.49685534834861755,5.205860614776611
98,0.996749758720398,0.014931256882846355,1e-06,0.49685534834861755,5.216721534729004
99,0.9940411448478699,0.0169777050614357,1e-06,0.5,5.21582555770874
100,0.9978331327438354,0.014711831696331501,1e-06,0.49685534834861755,5.2223992347717285
