epoch,accuracy,loss,lr,val_accuracy,val_loss
0,0.8039003014564514,0.4946868419647217,0.001,0.5141509175300598,5.256443023681641
1,0.8624051809310913,0.3853677213191986,0.001,0.5141509175300598,7.511936187744141
2,0.9111592769622803,0.2286272943019867,0.001,0.5141509175300598,13.612266540527344
3,0.9252437949180603,0.20606909692287445,0.001,0.5141509175300598,16.186872482299805
4,0.9382448792457581,0.17598535120487213,0.001,0.5141509175300598,21.092742919921875
5,0.9366196990013123,0.17824776470661163,0.001,0.5141509175300598,20.4982967376709
6,0.9593716263771057,0.1243102103471756,0.001,0.5141509175300598,20.73210906982422
7,0.9393282532691956,0.16378098726272583,0.001,0.5141509175300598,14.779428482055664
8,0.9653304219245911,0.10845915973186493,0.001,0.5141509175300598,29.54521942138672
9,0.9599133133888245,0.11139991879463196,0.001,0.19654087722301483,11.284896850585938
10,0.960455060005188,0.1226249635219574,0.001,0.47484275698661804,2.969625949859619
11,0.9674972891807556,0.08291487395763397,0.001,0.3396226465702057,4.986275672912598
12,0.976164698600769,0.06633897870779037,0.001,0.30817610025405884,5.083581924438477
13,0.9702058434486389,0.08435461670160294,0.001,0.25314465165138245,5.0019330978393555
14,0.9582881927490234,0.10973399132490158,0.001,0.48899370431900024,11.949850082397461
15,0.9794149398803711,0.0581929087638855,0.001,0.6163522005081177,10.276354789733887
16,0.9739978313446045,0.08838202804327011,0.001,0.5644654035568237,11.650165557861328
17,0.9886240363121033,0.03551678732037544,0.001,0.48427674174308777,6.700032711029053
18,0.9664138555526733,0.09745810180902481,0.001,0.41352200508117676,19.003921508789062
19,0.9794149398803711,0.06776881217956543,0.001,0.23899370431900024,25.272008895874023
20,0.9777898192405701,0.07426001131534576,0.001,0.44811320304870605,12.44881820678711
21,0.9869989156723022,0.03521415591239929,0.0003,0.5251572132110596,9.066755294799805
22,0.9902492165565491,0.02877180650830269,0.0003,0.44811320304870605,4.806430816650391
23,0.9929577708244324,0.0205694492906332,0.0003,0.5377358198165894,8.865204811096191
24,0.9962080121040344,0.015085704624652863,0.0003,0.47484275698661804,4.86639928817749
25,0.9934994578361511,0.01718125306069851,0.0003,0.5172955989837646,8.616415977478027
26,0.9945828914642334,0.020085684955120087,0.0003,0.5723270177841187,3.0160179138183594
27,0.9940411448478699,0.014894772320985794,0.0003,0.5503144860267639,8.438817024230957
28,0.9962080121040344,0.010587845928966999,0.0003,0.5361635088920593,5.00380277633667
29,0.9962080121040344,0.012515557929873466,0.0003,0.5581761002540588,3.154010057449341
30,0.9940411448478699,0.020905258134007454,0.0003,0.5031446814537048,30.088953018188477
31,0.9945828914642334,0.011652414686977863,9e-05,0.551886796951294,13.686891555786133
32,1.0,0.004656958859413862,9e-05,0.5361635088920593,8.153168678283691
33,0.9972914457321167,0.010464667342603207,9e-05,0.5408805012702942,4.6776041984558105
34,0.996749758720398,0.0111548425629735,9e-05,0.5361635088920593,4.611297607421875
35,0.9972914457321167,0.010368873365223408,9e-05,0.50157231092453,4.0944976806640625
36,0.9978331327438354,0.007046425249427557,9e-05,0.5141509175300598,4.860239505767822
37,0.9978331327438354,0.008923722431063652,9e-05,0.5204402804374695,5.558526039123535
38,0.998374879360199,0.005549632012844086,9e-05,0.5361635088920593,8.03518295288086
39,0.9994583129882812,0.003959827125072479,9e-05,0.5361635088920593,7.6412129402160645
40,0.9978331327438354,0.010883747600018978,9e-05,0.5377358198165894,6.988064765930176
41,1.0,0.0027109936345368624,2.7e-05,0.5377358198165894,6.570157527923584
42,0.998374879360199,0.006685303524136543,2.7e-05,0.5408805012702942,6.244906902313232
43,0.9994583129882812,0.0038248857017606497,2.7e-05,0.5377358198165894,7.132519245147705
44,0.9978331327438354,0.004578874912112951,2.7e-05,0.5330188870429993,7.651264190673828
45,0.998374879360199,0.006003553047776222,2.7e-05,0.5361635088920593,8.156271934509277
46,0.9972914457321167,0.017435280606150627,2.7e-05,0.5361635088920593,7.452756404876709
47,1.0,0.0020640927832573652,2.7e-05,0.5361635088920593,7.130038738250732
48,0.998374879360199,0.0049597457982599735,2.7e-05,0.5377358198165894,6.641247749328613
49,1.0,0.00274763535708189,2.7e-05,0.5393081903457642,6.749366760253906
50,0.998374879360199,0.00456576980650425,2.7e-05,0.5377358198165894,6.818629741668701
51,0.9994583129882812,0.00381143088452518,8.1e-06,0.5361635088920593,6.887372016906738
52,0.9994583129882812,0.0035403603687882423,8.1e-06,0.5377358198165894,7.139275550842285
53,0.9989165663719177,0.006483281496912241,8.1e-06,0.5377358198165894,7.524839401245117
54,1.0,0.0023614680394530296,8.1e-06,0.5361635088920593,7.275387763977051
55,0.9972914457321167,0.0056980326771736145,8.1e-06,0.5377358198165894,7.026340484619141
56,1.0,0.0013503485824912786,8.1e-06,0.5377358198165894,7.014505863189697
57,0.998374879360199,0.005870062857866287,8.1e-06,0.5393081903457642,6.85305118560791
58,0.9994583129882812,0.004295833874493837,8.1e-06,0.5393081903457642,7.016406536102295
59,0.9978331327438354,0.008550992235541344,8.1e-06,0.5408805012702942,7.192542552947998
60,0.9972914457321167,0.005311770364642143,8.1e-06,0.5393081903457642,6.867277145385742
61,1.0,0.003474664641544223,2.43e-06,0.5393081903457642,6.8790974617004395
62,0.998374879360199,0.0053360615856945515,2.43e-06,0.5393081903457642,6.7797160148620605
63,0.998374879360199,0.006021741311997175,2.43e-06,0.5393081903457642,6.785698890686035
64,0.9978331327438354,0.004215853754431009,2.43e-06,0.5393081903457642,6.634559154510498
65,0.9994583129882812,0.0037413230165839195,2.43e-06,0.5393081903457642,6.705689907073975
66,0.998374879360199,0.004609433468431234,2.43e-06,0.5393081903457642,6.816589832305908
67,0.9978331327438354,0.006321793422102928,2.43e-06,0.5393081903457642,6.8278656005859375
68,1.0,0.0027990529779344797,2.43e-06,0.5393081903457642,6.8994832038879395
69,0.9978331327438354,0.004893048666417599,2.43e-06,0.5393081903457642,6.868375301361084
70,0.998374879360199,0.00451692147180438,2.43e-06,0.5393081903457642,6.943027496337891
71,0.998374879360199,0.005455621983855963,1e-06,0.5393081903457642,6.963933944702148
72,0.998374879360199,0.0072847087867558,1e-06,0.5393081903457642,6.973686695098877
73,0.9994583129882812,0.003939587157219648,1e-06,0.5393081903457642,6.914198398590088
74,1.0,0.002636979566887021,1e-06,0.5393081903457642,6.925515651702881
75,0.9989165663719177,0.005075001623481512,1e-06,0.5393081903457642,6.919119358062744
76,1.0,0.002714301459491253,1e-06,0.5393081903457642,6.8924784660339355
77,0.9994583129882812,0.00457999249920249,1e-06,0.5393081903457642,6.945080757141113
78,0.9994583129882812,0.0036695648450404406,1e-06,0.5393081903457642,6.918615341186523
79,0.998374879360199,0.006216832902282476,1e-06,0.5393081903457642,6.917629241943359
80,0.9972914457321167,0.006972695700824261,1e-06,0.5393081903457642,6.91062593460083
81,0.9989165663719177,0.005122300703078508,1e-06,0.5393081903457642,6.928062915802002
82,0.998374879360199,0.007895891554653645,1e-06,0.5393081903457642,6.899949073791504
83,1.0,0.0036408118903636932,1e-06,0.5393081903457642,6.947248935699463
84,1.0,0.002535201609134674,1e-06,0.5393081903457642,6.955435276031494
85,0.9994583129882812,0.0028700539842247963,1e-06,0.5393081903457642,6.959545612335205
86,0.9994583129882812,0.0036691492423415184,1e-06,0.5393081903457642,6.948399543762207
87,0.9994583129882812,0.0035953419283032417,1e-06,0.5393081903457642,6.96244478225708
88,1.0,0.0022394470870494843,1e-06,0.5393081903457642,6.968298435211182
89,0.998374879360199,0.005437362939119339,1e-06,0.5393081903457642,6.982125759124756
90,0.9994583129882812,0.002876868937164545,1e-06,0.5393081903457642,6.922034740447998
91,1.0,0.003223823383450508,1e-06,0.5393081903457642,6.914774417877197
92,0.9994583129882812,0.0026226642075926065,1e-06,0.5393081903457642,6.974910259246826
93,0.9989165663719177,0.005302073899656534,1e-06,0.5393081903457642,6.94052267074585
94,0.9994583129882812,0.002931528491899371,1e-06,0.5393081903457642,6.897436141967773
95,0.9994583129882812,0.00317709194496274,1e-06,0.5393081903457642,6.9238786697387695
96,0.9978331327438354,0.004575730301439762,1e-06,0.5393081903457642,6.95032262802124
97,1.0,0.002105587860569358,1e-06,0.5393081903457642,6.955544948577881
98,1.0,0.0014354148879647255,1e-06,0.5393081903457642,6.962069034576416
99,0.9994583129882812,0.0033123709727078676,1e-06,0.5393081903457642,6.972229480743408
100,0.9989165663719177,0.003853881498798728,1e-06,0.5393081903457642,7.034097671508789
101,0.9994583129882812,0.002726912032812834,1e-06,0.5393081903457642,6.994658946990967
102,0.998374879360199,0.006363027263432741,1e-06,0.5393081903457642,7.014141082763672
103,0.9989165663719177,0.0039837174117565155,1e-06,0.5393081903457642,6.984865665435791
104,0.9989165663719177,0.0029212271329015493,1e-06,0.5393081903457642,6.992966651916504
105,1.0,0.002239965833723545,1e-06,0.5393081903457642,7.000733375549316
106,0.9994583129882812,0.0027930946089327335,1e-06,0.5393081903457642,7.000411510467529
107,0.9994583129882812,0.004326001740992069,1e-06,0.5393081903457642,7.000925064086914
108,0.998374879360199,0.005760408006608486,1e-06,0.5377358198165894,7.01809024810791
109,0.9989165663719177,0.003954641986638308,1e-06,0.5377358198165894,7.0449934005737305
110,1.0,0.0028317784890532494,1e-06,0.5393081903457642,6.988366603851318
