epoch,accuracy,loss,lr,val_accuracy,val_loss
0,0.8011917471885681,0.4980871379375458,0.001,0.5141509175300598,5.345393657684326
1,0.872156023979187,0.32481375336647034,0.001,0.5141509175300598,7.8058037757873535
2,0.8770314455032349,0.32340648770332336,0.001,0.5141509175300598,12.297660827636719
3,0.9219934940338135,0.21073023974895477,0.001,0.5141509175300598,15.835758209228516
4,0.910075843334198,0.2165752500295639,0.001,0.5141509175300598,13.865618705749512
5,0.9349945783615112,0.18499700725078583,0.001,0.5141509175300598,14.092061042785645
6,0.9582881927490234,0.12866033613681793,0.001,0.5141509175300598,14.64194107055664
7,0.9512459635734558,0.15113873779773712,0.001,0.43553459644317627,11.415044784545898
8,0.9452871084213257,0.1658526360988617,0.001,0.5062893033027649,8.58292293548584
9,0.9539545178413391,0.12618818879127502,0.001,0.17767295241355896,4.2412028312683105
10,0.9647887349128723,0.08834633976221085,0.001,0.49056604504585266,17.756410598754883
11,0.9512459635734558,0.13776931166648865,0.001,0.5503144860267639,2.0998659133911133
12,0.9750812649726868,0.06450937688350677,0.001,0.4292452931404114,5.845931053161621
13,0.9815818071365356,0.060320232063531876,0.001,0.3113207519054413,3.909046173095703
14,0.9669556021690369,0.11382689327001572,0.001,0.26100629568099976,5.507400035858154
15,0.9837486743927002,0.04752989113330841,0.001,0.3537735939025879,5.0866780281066895
16,0.9729143977165222,0.07706768065690994,0.001,0.26729559898376465,6.174383163452148
17,0.9772481322288513,0.07011756300926208,0.001,0.49685534834861755,17.589181900024414
18,0.9734561443328857,0.08666294813156128,0.001,0.28144654631614685,5.561286926269531
19,0.984290361404419,0.06916309893131256,0.001,0.19968552887439728,14.75145149230957
20,0.9794149398803711,0.06092026084661484,0.001,0.4591194987297058,4.299802780151367
21,0.9832069277763367,0.05221525952219963,0.001,0.33018869161605835,11.604763984680176
22,0.9853737950325012,0.03640536591410637,0.0003,0.4182389974594116,5.057360649108887
23,0.9902492165565491,0.02602078579366207,0.0003,0.41194969415664673,5.617464542388916
24,0.9902492165565491,0.027992146089673042,0.0003,0.402515709400177,5.298929691314697
25,0.9940411448478699,0.019472308456897736,0.0003,0.5283018946647644,5.057295322418213
26,0.9929577708244324,0.0193320419639349,0.0003,0.32389935851097107,7.500863552093506
27,0.9934994578361511,0.018988367170095444,0.0003,0.5393081903457642,6.646396160125732
28,0.9951245784759521,0.01854861155152321,0.0003,0.5393081903457642,8.04671573638916
29,0.9907909035682678,0.024642514064908028,0.0003,0.5393081903457642,5.717508792877197
30,0.9929577708244324,0.02088049240410328,0.0003,0.4795597493648529,6.7971391677856445
31,0.9891657829284668,0.034120623022317886,0.0003,0.4386792480945587,6.060248851776123
32,0.998374879360199,0.010136397555470467,9e-05,0.46855345368385315,6.437942028045654
33,0.998374879360199,0.00964785274118185,9e-05,0.5141509175300598,6.435794353485107
34,0.9956663250923157,0.017365679144859314,9e-05,0.5393081903457642,7.003548622131348
35,0.9929577708244324,0.020688656717538834,9e-05,0.5094339847564697,6.368680953979492
36,0.9978331327438354,0.011545698158442974,9e-05,0.5062893033027649,6.193755626678467
37,0.9940411448478699,0.0153646906837821,9e-05,0.5094339847564697,5.613935947418213
38,0.9972914457321167,0.012289999052882195,9e-05,0.5110062956809998,6.140121936798096
39,0.998374879360199,0.007783137261867523,9e-05,0.5408805012702942,8.14034366607666
40,0.998374879360199,0.006871300749480724,9e-05,0.5314465165138245,6.920927047729492
41,0.9956663250923157,0.01091771386563778,9e-05,0.5251572132110596,7.467772006988525
42,0.9956663250923157,0.011623401194810867,2.7e-05,0.4984276592731476,6.932868003845215
43,0.9978331327438354,0.011390555649995804,2.7e-05,0.5188679099082947,6.951406002044678
44,0.9962080121040344,0.014369243755936623,2.7e-05,0.5345911979675293,7.391100883483887
45,0.9951245784759521,0.011029127985239029,2.7e-05,0.5361635088920593,7.501117706298828
46,0.9972914457321167,0.01044884230941534,2.7e-05,0.5361635088920593,7.4602580070495605
47,0.9989165663719177,0.005620749667286873,2.7e-05,0.5298742055892944,7.04020881652832
48,0.9962080121040344,0.014359528198838234,2.7e-05,0.5330188870429993,7.361164569854736
49,0.9951245784759521,0.011747116222977638,2.7e-05,0.5361635088920593,6.856959819793701
50,0.9972914457321167,0.012822526507079601,2.7e-05,0.5345911979675293,6.639498710632324
51,0.9956663250923157,0.015154830180108547,2.7e-05,0.5283018946647644,6.775200843811035
52,0.9978331327438354,0.008822320029139519,8.1e-06,0.5314465165138245,6.7754998207092285
53,0.9989165663719177,0.007383130025118589,8.1e-06,0.5330188870429993,6.815944671630859
54,0.996749758720398,0.01043172087520361,8.1e-06,0.5330188870429993,6.755208969116211
55,0.996749758720398,0.008669761940836906,8.1e-06,0.5330188870429993,7.01899528503418
56,0.9972914457321167,0.009324203245341778,8.1e-06,0.5314465165138245,6.83456563949585
57,0.9945828914642334,0.019103815779089928,8.1e-06,0.5345911979675293,6.914821624755859
58,0.9989165663719177,0.005654965061694384,8.1e-06,0.5345911979675293,6.966867446899414
59,0.998374879360199,0.006322554778307676,8.1e-06,0.5345911979675293,6.94409704208374
60,0.998374879360199,0.005931092891842127,8.1e-06,0.5345911979675293,6.922703266143799
61,0.9945828914642334,0.012171134352684021,8.1e-06,0.5345911979675293,6.8755879402160645
62,0.9978331327438354,0.008534732274711132,2.43e-06,0.5345911979675293,6.847033500671387
63,0.9956663250923157,0.011599884368479252,2.43e-06,0.5330188870429993,6.862173557281494
64,0.996749758720398,0.011663367040455341,2.43e-06,0.5330188870429993,6.886221408843994
65,0.9972914457321167,0.007462930865585804,2.43e-06,0.5330188870429993,6.882068634033203
66,0.9978331327438354,0.012353641912341118,2.43e-06,0.5330188870429993,6.992823123931885
67,0.998374879360199,0.005927468650043011,2.43e-06,0.5330188870429993,7.0393452644348145
68,0.9978331327438354,0.00914780143648386,2.43e-06,0.5330188870429993,7.033550262451172
69,0.9945828914642334,0.011628937907516956,2.43e-06,0.5330188870429993,6.94019079208374
70,0.998374879360199,0.007689453661441803,2.43e-06,0.5314465165138245,6.900945663452148
71,0.9945828914642334,0.00883518811315298,2.43e-06,0.5314465165138245,6.905773162841797
72,0.996749758720398,0.009926431812345982,1e-06,0.5330188870429993,6.9677534103393555
73,0.9994583129882812,0.0057512009516358376,1e-06,0.5330188870429993,6.978102684020996
74,0.9972914457321167,0.007004977203905582,1e-06,0.5330188870429993,6.99093770980835
75,0.9972914457321167,0.006975982338190079,1e-06,0.5330188870429993,7.008746147155762
76,0.9972914457321167,0.012535860762000084,1e-06,0.5330188870429993,7.014048099517822
77,0.9972914457321167,0.007346620783209801,1e-06,0.5345911979675293,7.006577014923096
78,0.998374879360199,0.00584364915266633,1e-06,0.5345911979675293,6.991475582122803
79,0.9972914457321167,0.01287126261740923,1e-06,0.5345911979675293,7.020181655883789
80,0.9956663250923157,0.01710943877696991,1e-06,0.5345911979675293,6.993292808532715
81,0.9978331327438354,0.0074618300423026085,1e-06,0.5345911979675293,6.998998641967773
82,0.9972914457321167,0.008200360462069511,1e-06,0.5345911979675293,7.0013580322265625
83,0.9989165663719177,0.004202720243483782,1e-06,0.5345911979675293,6.988160610198975
84,0.996749758720398,0.01048587542027235,1e-06,0.5345911979675293,7.043297290802002
85,0.9962080121040344,0.0146174356341362,1e-06,0.5345911979675293,6.961394309997559
86,0.9989165663719177,0.006719740107655525,1e-06,0.5345911979675293,6.975759506225586
87,0.998374879360199,0.005505441688001156,1e-06,0.5345911979675293,7.009728908538818
88,0.996749758720398,0.007927489466965199,1e-06,0.5345911979675293,6.989309787750244
89,0.9994583129882812,0.005015994422137737,1e-06,0.5345911979675293,7.020871639251709
90,0.9972914457321167,0.009378187358379364,1e-06,0.5345911979675293,7.021492958068848
91,0.9962080121040344,0.009503887966275215,1e-06,0.5345911979675293,7.038471221923828
92,0.998374879360199,0.006735405419021845,1e-06,0.5345911979675293,7.026355743408203
93,0.9924160242080688,0.015724342316389084,1e-06,0.5345911979675293,7.0428667068481445
94,0.9945828914642334,0.014200221747159958,1e-06,0.5345911979675293,7.07632303237915
95,0.996749758720398,0.010655386373400688,1e-06,0.5345911979675293,7.039509296417236
96,0.9972914457321167,0.010464980266988277,1e-06,0.5345911979675293,7.0036139488220215
97,0.998374879360199,0.009327719919383526,1e-06,0.5345911979675293,6.991452693939209
98,0.996749758720398,0.014333510771393776,1e-06,0.5345911979675293,6.978447437286377
99,0.9945828914642334,0.014601820148527622,1e-06,0.5345911979675293,6.985188007354736
100,0.9978331327438354,0.006823492236435413,1e-06,0.5345911979675293,7.005341053009033
101,0.9951245784759521,0.014641094952821732,1e-06,0.5345911979675293,7.0043745040893555
102,0.9994583129882812,0.004632448777556419,1e-06,0.5345911979675293,7.010464191436768
103,0.9994583129882812,0.0047358856536448,1e-06,0.5345911979675293,7.0013275146484375
104,0.9994583129882812,0.005679531954228878,1e-06,0.5345911979675293,7.028402328491211
105,0.9989165663719177,0.004723651800304651,1e-06,0.5345911979675293,7.02738618850708
106,0.9978331327438354,0.0067909834906458855,1e-06,0.5345911979675293,7.020461559295654
107,0.9989165663719177,0.006486775353550911,1e-06,0.5345911979675293,7.021229267120361
108,0.998374879360199,0.006964641157537699,1e-06,0.5345911979675293,7.028487682342529
109,0.9972914457321167,0.008587850257754326,1e-06,0.5345911979675293,7.035231590270996
110,0.998374879360199,0.004946454428136349,1e-06,0.5345911979675293,7.05947732925415
111,0.9978331327438354,0.012676890008151531,1e-06,0.5345911979675293,7.1041765213012695
