epoch,accuracy,loss,lr,val_accuracy,val_loss
0,0.7773564457893372,0.5800570845603943,0.001,0.5141509175300598,3.9170827865600586
1,0.8732394576072693,0.3251105844974518,0.001,0.5141509175300598,6.551395416259766
2,0.8797399997711182,0.3151685297489166,0.001,0.5141509175300598,10.649723052978516
3,0.910075843334198,0.23582850396633148,0.001,0.5141509175300598,11.713029861450195
4,0.9301191568374634,0.19552870094776154,0.001,0.5141509175300598,17.584531784057617
5,0.9322860240936279,0.19083856046199799,0.001,0.5141509175300598,19.38317108154297
6,0.9420368075370789,0.1479228138923645,0.001,0.5141509175300598,13.540459632873535
7,0.9528710842132568,0.13262341916561127,0.001,0.42138364911079407,17.143733978271484
8,0.9322860240936279,0.18875180184841156,0.001,0.27515724301338196,7.749179840087891
9,0.9555796384811401,0.15330342948436737,0.001,0.11949685215950012,5.395044326782227
10,0.9609967470169067,0.11147698760032654,0.001,0.3113207519054413,3.6405556201934814
11,0.9734561443328857,0.07634633779525757,0.001,0.2971698045730591,3.761918306350708
12,0.9739978313446045,0.07854551076889038,0.001,0.2924528419971466,6.51220178604126
13,0.9653304219245911,0.10927407443523407,0.001,0.28773584961891174,5.438173294067383
14,0.9902492165565491,0.03361376374959946,0.001,0.30974844098091125,5.766777992248535
15,0.9810400605201721,0.06455925107002258,0.001,0.37893080711364746,6.921031475067139
16,0.9723727107048035,0.07126158475875854,0.001,0.49685534834861755,3.3176867961883545
17,0.9832069277763367,0.04868447780609131,0.001,0.5283018946647644,4.768224239349365
18,0.9837486743927002,0.051539573818445206,0.001,0.27987420558929443,7.249399662017822
19,0.9832069277763367,0.051669757813215256,0.001,0.5377358198165894,7.229951858520508
20,0.98591548204422,0.03786998242139816,0.001,0.23899370431900024,7.11588716506958
21,0.9907909035682678,0.03719457983970642,0.001,0.2924528419971466,8.767389297485352
22,0.9907909035682678,0.030034413561224937,0.001,0.5298742055892944,3.4735560417175293
23,0.9907909035682678,0.03525615856051445,0.001,0.46226415038108826,34.63380813598633
24,0.9902492165565491,0.033398136496543884,0.001,0.26100629568099976,7.5706915855407715
25,0.9891657829284668,0.029852399602532387,0.001,0.39150944352149963,5.737921237945557
26,0.9869989156723022,0.04404846206307411,0.001,0.5644654035568237,18.95044708251953
27,0.9945828914642334,0.012776919640600681,0.0003,0.48427674174308777,6.494053840637207
28,0.9962080121040344,0.015344493091106415,0.0003,0.46069180965423584,6.062449932098389
29,0.9972914457321167,0.009525993838906288,0.0003,0.4323899447917938,4.824828147888184
30,0.996749758720398,0.009239709004759789,0.0003,0.5471698045730591,5.960434436798096
31,0.9989165663719177,0.004227219615131617,0.0003,0.5345911979675293,5.66202974319458
32,0.998374879360199,0.008529734797775745,0.0003,0.4811320900917053,5.779463768005371
33,0.998374879360199,0.005181068554520607,0.0003,0.545597493648529,5.458064079284668
34,0.9989165663719177,0.0040501561015844345,0.0003,0.3694968521595001,5.500844478607178
35,0.9989165663719177,0.0034101118799299,0.0003,0.5503144860267639,5.416984558105469
36,0.9989165663719177,0.002447376726195216,0.0003,0.4795597493648529,6.36700963973999
37,0.9989165663719177,0.0032974800560623407,9e-05,0.5047169923782349,5.857828617095947
38,0.9994583129882812,0.0024810992181301117,9e-05,0.5377358198165894,6.322365760803223
39,0.9994583129882812,0.0025896052829921246,9e-05,0.4984276592731476,6.24327278137207
40,0.9989165663719177,0.00450461870059371,9e-05,0.5,5.984039783477783
41,0.998374879360199,0.005290073808282614,9e-05,0.5424528121948242,6.750576019287109
42,0.998374879360199,0.004957369063049555,9e-05,0.5314465165138245,7.992982864379883
43,0.9994583129882812,0.0017436499474570155,9e-05,0.5377358198165894,8.02359676361084
44,1.0,0.0011864117113873363,9e-05,0.5377358198165894,7.015829086303711
45,0.9989165663719177,0.003571690060198307,9e-05,0.5377358198165894,7.114212512969971
46,0.9994583129882812,0.0017222280148416758,9e-05,0.5393081903457642,6.644055366516113
47,1.0,0.0007796665886417031,2.7e-05,0.5377358198165894,6.584444046020508
48,1.0,0.0010290817590430379,2.7e-05,0.5267295837402344,6.125105857849121
49,1.0,0.0005650016246363521,2.7e-05,0.5267295837402344,6.270573139190674
50,0.9989165663719177,0.0015216993633657694,2.7e-05,0.5377358198165894,6.783254623413086
51,1.0,0.0009997838642448187,2.7e-05,0.5377358198165894,6.4854607582092285
52,0.9994583129882812,0.001520079909823835,2.7e-05,0.5393081903457642,6.344207286834717
53,0.9994583129882812,0.0011476330691948533,2.7e-05,0.5330188870429993,6.3094892501831055
54,1.0,0.0008821874507702887,2.7e-05,0.5314465165138245,6.207592964172363
55,0.9994583129882812,0.0029256141278892756,2.7e-05,0.5283018946647644,6.4324798583984375
56,0.996749758720398,0.006312510464340448,2.7e-05,0.5393081903457642,6.603806495666504
57,1.0,0.0013707363978028297,8.1e-06,0.5393081903457642,6.599656105041504
58,0.9989165663719177,0.004167916718870401,8.1e-06,0.5298742055892944,6.3354010581970215
59,1.0,0.0008771975408308208,8.1e-06,0.5267295837402344,6.363725185394287
60,0.9989165663719177,0.002642330713570118,8.1e-06,0.5078616142272949,6.093750953674316
61,0.9994583129882812,0.002050569513812661,8.1e-06,0.5172955989837646,6.195688724517822
62,0.9994583129882812,0.002209240337833762,8.1e-06,0.5204402804374695,6.460505485534668
63,0.9989165663719177,0.0035736272111535072,8.1e-06,0.5267295837402344,6.570832252502441
64,1.0,0.001023176941089332,8.1e-06,0.5267295837402344,6.544332027435303
65,0.9994583129882812,0.00151504494715482,8.1e-06,0.5267295837402344,6.629939079284668
66,0.9989165663719177,0.005778918508440256,8.1e-06,0.5267295837402344,6.762755393981934
67,1.0,0.0007527417037636042,2.43e-06,0.5267295837402344,6.758538246154785
68,0.9994583129882812,0.0044829933904111385,2.43e-06,0.5267295837402344,6.681706428527832
69,0.998374879360199,0.0050432076677680016,2.43e-06,0.5267295837402344,6.605494976043701
70,0.9994583129882812,0.001318243215791881,2.43e-06,0.5267295837402344,6.623003959655762
71,0.9989165663719177,0.0028993154410272837,2.43e-06,0.5267295837402344,6.604016304016113
72,0.9989165663719177,0.003961733542382717,2.43e-06,0.5267295837402344,6.560310363769531
73,0.9978331327438354,0.005993220489472151,2.43e-06,0.5267295837402344,6.545010089874268
74,0.998374879360199,0.0040192450396716595,2.43e-06,0.5267295837402344,6.541588306427002
75,0.9989165663719177,0.0024544906336814165,2.43e-06,0.5267295837402344,6.535985469818115
76,1.0,0.0008878109510987997,2.43e-06,0.5267295837402344,6.54614782333374
77,1.0,0.0007835229625925422,1e-06,0.5267295837402344,6.570160388946533
78,0.9994583129882812,0.002457419643178582,1e-06,0.5267295837402344,6.5641374588012695
79,0.998374879360199,0.0031396029517054558,1e-06,0.5267295837402344,6.55444860458374
80,1.0,0.0011440373491495848,1e-06,0.5267295837402344,6.540338516235352
81,1.0,0.0007990113226696849,1e-06,0.5267295837402344,6.5299577713012695
82,0.998374879360199,0.00460412073880434,1e-06,0.5267295837402344,6.515407562255859
83,0.9989165663719177,0.0034343942534178495,1e-06,0.5267295837402344,6.520946979522705
84,1.0,0.0008820421062409878,1e-06,0.5267295837402344,6.4991583824157715
85,1.0,0.0006356077501550317,1e-06,0.5267295837402344,6.509568214416504
86,1.0,0.0009733723709359765,1e-06,0.5267295837402344,6.5005903244018555
87,0.9994583129882812,0.0018762849504128098,1e-06,0.5267295837402344,6.505002021789551
88,0.9994583129882812,0.0021463651210069656,1e-06,0.5267295837402344,6.489973545074463
89,0.9994583129882812,0.0014949413016438484,1e-06,0.5267295837402344,6.488635063171387
90,0.9989165663719177,0.0037957243621349335,1e-06,0.5267295837402344,6.479012966156006
91,0.998374879360199,0.0036721413489431143,1e-06,0.5267295837402344,6.488576889038086
92,0.9994583129882812,0.002071195747703314,1e-06,0.5267295837402344,6.498143672943115
93,0.9972914457321167,0.011157679371535778,1e-06,0.5267295837402344,6.518906116485596
94,0.9989165663719177,0.004044298082590103,1e-06,0.5267295837402344,6.503137111663818
95,0.9994583129882812,0.0012670911382883787,1e-06,0.5267295837402344,6.464247226715088
96,0.9978331327438354,0.003995808307081461,1e-06,0.5267295837402344,6.503873825073242
97,0.9994583129882812,0.002351457718759775,1e-06,0.5267295837402344,6.49150276184082
98,1.0,0.0018887961050495505,1e-06,0.5267295837402344,6.504584789276123
99,1.0,0.0012284457916393876,1e-06,0.5267295837402344,6.51589298248291
100,0.996749758720398,0.009579571895301342,1e-06,0.5267295837402344,6.455731391906738
101,0.9994583129882812,0.0009903860045596957,1e-06,0.5267295837402344,6.450132369995117
102,0.9978331327438354,0.00376898399554193,1e-06,0.5267295837402344,6.451771259307861
103,0.998374879360199,0.0037465731147676706,1e-06,0.5267295837402344,6.411221504211426
104,1.0,0.0013420142931863666,1e-06,0.5267295837402344,6.411988258361816
105,1.0,0.0006792839267291129,1e-06,0.5267295837402344,6.419706344604492
106,0.9994583129882812,0.0012228797422721982,1e-06,0.5267295837402344,6.44352912902832
107,1.0,0.0008264913922175765,1e-06,0.5267295837402344,6.44205904006958
108,0.9994583129882812,0.001977702835574746,1e-06,0.5267295837402344,6.460251331329346
109,0.9994583129882812,0.0014591027284041047,1e-06,0.5267295837402344,6.441273212432861
110,0.998374879360199,0.007254285272210836,1e-06,0.5267295837402344,6.395681381225586
111,1.0,0.0015440265415236354,1e-06,0.5267295837402344,6.415246963500977
112,0.9989165663719177,0.002446162747219205,1e-06,0.5267295837402344,6.407326698303223
113,1.0,0.0015196599997580051,1e-06,0.5267295837402344,6.412947654724121
114,0.9989165663719177,0.0026292342226952314,1e-06,0.5267295837402344,6.42728853225708
115,0.9989165663719177,0.0032294609118252993,1e-06,0.5267295837402344,6.413578033447266
116,0.9978331327438354,0.005070056766271591,1e-06,0.5267295837402344,6.456919193267822
