epoch,accuracy,loss,lr,val_accuracy,val_loss
0,0.7930660843849182,0.5633204579353333,0.001,0.5141509175300598,8.059024810791016
1,0.845612108707428,0.4409869611263275,0.001,0.5141509175300598,9.587982177734375
2,0.8905742168426514,0.29797202348709106,0.001,0.5141509175300598,9.371240615844727
3,0.910075843334198,0.25087034702301025,0.001,0.5141509175300598,18.750728607177734
4,0.9306609034538269,0.2027459293603897,0.001,0.5141509175300598,12.444223403930664
5,0.924160361289978,0.19880175590515137,0.001,0.5141509175300598,14.427295684814453
6,0.9588298797607422,0.12305080890655518,0.001,0.5141509175300598,20.8480281829834
7,0.9647887349128723,0.11026166379451752,0.001,0.48270440101623535,9.298565864562988
8,0.9615384340286255,0.11240683495998383,0.001,0.374213844537735,10.532731056213379
9,0.9685807228088379,0.09685168415307999,0.001,0.50157231092453,23.462614059448242
10,0.9626218676567078,0.1179557740688324,0.001,0.3820754587650299,4.0578932762146
11,0.9615384340286255,0.10021737962961197,0.001,0.13522012531757355,12.138916015625
12,0.9691224098205566,0.09947039186954498,0.001,0.30974844098091125,5.159056663513184
13,0.9886240363121033,0.03448498249053955,0.001,0.4984276592731476,1.899965524673462
14,0.9767063856124878,0.07267668098211288,0.001,0.5597484111785889,21.7597713470459
15,0.9777898192405701,0.07123364508152008,0.001,0.41981130838394165,14.311002731323242
16,0.9794149398803711,0.057664524763822556,0.001,0.3113207519054413,14.992803573608398
17,0.9729143977165222,0.07671887427568436,0.001,0.2908805012702942,10.102709770202637
18,0.9880823493003845,0.04143988713622093,0.001,0.34276729822158813,4.533830165863037
19,0.9886240363121033,0.032689545303583145,0.001,0.39937105774879456,12.735573768615723
20,0.9745395183563232,0.07990259677171707,0.001,0.3411949574947357,4.373049259185791
21,0.9767063856124878,0.06740513443946838,0.001,0.5235849022865295,6.59467887878418
22,0.9821234941482544,0.05329328402876854,0.001,0.5754716992378235,18.740026473999023
23,0.9832069277763367,0.05006440356373787,0.001,0.5361635088920593,29.803464889526367
24,0.9869989156723022,0.03556005284190178,0.0003,0.5377358198165894,11.340739250183105
25,0.996749758720398,0.011861943639814854,0.0003,0.5424528121948242,9.898629188537598
26,0.9956663250923157,0.015190443024039268,0.0003,0.544025182723999,6.229137420654297
27,0.996749758720398,0.012408739887177944,0.0003,0.5345911979675293,6.462172985076904
28,0.9972914457321167,0.008398912847042084,0.0003,0.5251572132110596,8.810541152954102
29,0.9989165663719177,0.007439263630658388,0.0003,0.5408805012702942,7.744119167327881
30,0.9972914457321167,0.0055949268862605095,0.0003,0.5220125913619995,7.072673320770264
31,0.998374879360199,0.009364664554595947,0.0003,0.5078616142272949,7.507936000823975
32,0.996749758720398,0.015371784567832947,0.0003,0.5,6.090748310089111
33,0.9956663250923157,0.009849198162555695,0.0003,0.4937106966972351,6.086992263793945
34,0.9994583129882812,0.002951475791633129,9e-05,0.5047169923782349,6.1760125160217285
35,0.9951245784759521,0.009634975343942642,9e-05,0.5251572132110596,6.195145130157471
36,0.9994583129882812,0.0022639078088104725,9e-05,0.5330188870429993,7.03030252456665
37,0.996749758720398,0.007961931638419628,9e-05,0.5393081903457642,7.613185882568359
38,0.9972914457321167,0.0069291177205741405,9e-05,0.5424528121948242,7.700238227844238
39,1.0,0.0029926267452538013,9e-05,0.5377358198165894,7.693792343139648
40,1.0,0.001595041831023991,9e-05,0.5361635088920593,7.572535037994385
41,1.0,0.0019518322078511119,9e-05,0.5188679099082947,8.404043197631836
42,0.998374879360199,0.0034781096037477255,9e-05,0.5141509175300598,9.381715774536133
43,0.9994583129882812,0.0037227643188089132,9e-05,0.5408805012702942,9.320133209228516
44,0.996749758720398,0.005727599840611219,2.7e-05,0.5408805012702942,9.084269523620605
45,0.9994583129882812,0.004015577957034111,2.7e-05,0.5377358198165894,8.647684097290039
46,0.9978331327438354,0.006807446479797363,2.7e-05,0.5330188870429993,8.761382102966309
47,0.9978331327438354,0.00827578455209732,2.7e-05,0.5408805012702942,8.625958442687988
48,0.9972914457321167,0.010417666286230087,2.7e-05,0.5424528121948242,7.751308441162109
49,0.9989165663719177,0.004573792684823275,2.7e-05,0.5393081903457642,8.13216495513916
50,0.998374879360199,0.005349240731447935,2.7e-05,0.5424528121948242,8.985156059265137
51,0.9994583129882812,0.003075050190091133,2.7e-05,0.5393081903457642,8.963825225830078
52,1.0,0.0013922273647040129,2.7e-05,0.5377358198165894,9.120794296264648
53,1.0,0.0008977079414762557,2.7e-05,0.5377358198165894,9.177270889282227
54,0.9994583129882812,0.004492256324738264,8.1e-06,0.5361635088920593,9.130487442016602
55,0.9994583129882812,0.004110375884920359,8.1e-06,0.5361635088920593,9.224469184875488
56,0.996749758720398,0.0101492740213871,8.1e-06,0.5361635088920593,9.223116874694824
57,0.9994583129882812,0.0021312173921614885,8.1e-06,0.5361635088920593,9.329529762268066
58,0.998374879360199,0.003984923008829355,8.1e-06,0.5345911979675293,9.103001594543457
59,0.9994583129882812,0.0027762847021222115,8.1e-06,0.5377358198165894,9.013815879821777
60,1.0,0.0017768191173672676,8.1e-06,0.5377358198165894,9.051789283752441
61,0.9989165663719177,0.0030018361285328865,8.1e-06,0.5361635088920593,8.881208419799805
62,0.9989165663719177,0.0062825437635183334,8.1e-06,0.5377358198165894,8.940450668334961
63,0.9994583129882812,0.0031156064942479134,8.1e-06,0.5393081903457642,9.038379669189453
64,0.9978331327438354,0.009333711117506027,2.43e-06,0.5408805012702942,8.881486892700195
65,1.0,0.0019138710340484977,2.43e-06,0.5393081903457642,8.838542938232422
66,0.9989165663719177,0.0034475901629775763,2.43e-06,0.5377358198165894,8.851591110229492
67,0.9994583129882812,0.004283502697944641,2.43e-06,0.5377358198165894,8.84628677368164
68,0.9989165663719177,0.0034906838554888964,2.43e-06,0.5377358198165894,8.84361457824707
69,1.0,0.0014607637422159314,2.43e-06,0.5377358198165894,8.841789245605469
70,0.9989165663719177,0.003757370635867119,2.43e-06,0.5377358198165894,8.821538925170898
71,0.998374879360199,0.006452998146414757,2.43e-06,0.5377358198165894,8.829136848449707
72,0.9989165663719177,0.004341415595263243,2.43e-06,0.5377358198165894,8.847832679748535
73,0.9978331327438354,0.003788408124819398,2.43e-06,0.5377358198165894,8.76883316040039
74,0.9978331327438354,0.005199462175369263,1e-06,0.5377358198165894,8.749360084533691
75,0.998374879360199,0.005202495027333498,1e-06,0.5377358198165894,8.715235710144043
76,0.998374879360199,0.006111558526754379,1e-06,0.5377358198165894,8.753631591796875
77,0.998374879360199,0.00849380437284708,1e-06,0.5377358198165894,8.768876075744629
78,0.9989165663719177,0.001919835340231657,1e-06,0.5377358198165894,8.732011795043945
79,0.996749758720398,0.00853491947054863,1e-06,0.5377358198165894,8.697610855102539
80,0.9994583129882812,0.0011847878340631723,1e-06,0.5377358198165894,8.686344146728516
81,0.9994583129882812,0.0050275567919015884,1e-06,0.5377358198165894,8.738334655761719
82,0.9989165663719177,0.002728754421696067,1e-06,0.5377358198165894,8.757511138916016
83,0.9989165663719177,0.0032214904204010963,1e-06,0.5377358198165894,8.779891967773438
84,1.0,0.0017076277872547507,1e-06,0.5377358198165894,8.763051986694336
85,1.0,0.0014274056302383542,1e-06,0.5377358198165894,8.702386856079102
86,0.9989165663719177,0.0032521795947104692,1e-06,0.5377358198165894,8.713020324707031
87,1.0,0.0018754679476842284,1e-06,0.5377358198165894,8.764012336730957
88,0.9989165663719177,0.0028026436921209097,1e-06,0.5377358198165894,8.722403526306152
89,1.0,0.0012388114118948579,1e-06,0.5377358198165894,8.746085166931152
90,0.9994583129882812,0.002042278414592147,1e-06,0.5377358198165894,8.756169319152832
91,0.9989165663719177,0.003277618670836091,1e-06,0.5377358198165894,8.791224479675293
92,0.9994583129882812,0.0024467662442475557,1e-06,0.5377358198165894,8.75461483001709
93,0.9978331327438354,0.007247742731124163,1e-06,0.5377358198165894,8.744067192077637
94,0.9994583129882812,0.004640017636120319,1e-06,0.5377358198165894,8.75881290435791
95,1.0,0.0022666407749056816,1e-06,0.5377358198165894,8.709504127502441
96,0.9994583129882812,0.0025980989448726177,1e-06,0.5377358198165894,8.713852882385254
97,1.0,0.0010713516967371106,1e-06,0.5377358198165894,8.721433639526367
98,1.0,0.0008582710288465023,1e-06,0.5377358198165894,8.710127830505371
99,0.998374879360199,0.005178635939955711,1e-06,0.5377358198165894,8.757341384887695
100,0.9994583129882812,0.003453207900747657,1e-06,0.5377358198165894,8.782523155212402
101,0.998374879360199,0.0032120763789862394,1e-06,0.5377358198165894,8.749155044555664
102,0.9989165663719177,0.0032969126477837563,1e-06,0.5377358198165894,8.728059768676758
103,0.9994583129882812,0.00209763552993536,1e-06,0.5377358198165894,8.783598899841309
104,0.9989165663719177,0.0036694479640573263,1e-06,0.5377358198165894,8.778011322021484
105,0.998374879360199,0.0029596248641610146,1e-06,0.5377358198165894,8.767622947692871
106,1.0,0.00228196126408875,1e-06,0.5377358198165894,8.747406005859375
107,1.0,0.0011909666936844587,1e-06,0.5377358198165894,8.722040176391602
108,0.9989165663719177,0.003936375956982374,1e-06,0.5377358198165894,8.785537719726562
109,0.9989165663719177,0.005132379475980997,1e-06,0.5377358198165894,8.78644847869873
110,1.0,0.0014275809517130256,1e-06,0.5377358198165894,8.75670337677002
111,0.9989165663719177,0.004517782013863325,1e-06,0.5377358198165894,8.75484561920166
112,0.9978331327438354,0.0063901799730956554,1e-06,0.5377358198165894,8.772964477539062
113,0.9994583129882812,0.0034594053868204355,1e-06,0.5377358198165894,8.729904174804688
