epoch,accuracy,loss,lr,val_accuracy,val_loss
0,0.7865655422210693,0.5436680912971497,0.001,0.5141509175300598,8.509572982788086
1,0.8385698795318604,0.40806299448013306,0.001,0.5141509175300598,13.642544746398926
2,0.872156023979187,0.34758487343788147,0.001,0.5141509175300598,15.688504219055176
3,0.9052004218101501,0.229946106672287,0.001,0.5141509175300598,14.180764198303223
4,0.924160361289978,0.23366890847682953,0.001,0.5141509175300598,15.92416000366211
5,0.9192849397659302,0.23407772183418274,0.001,0.5141509175300598,11.950228691101074
6,0.9333694577217102,0.1943875551223755,0.001,0.5141509175300598,12.444998741149902
7,0.9328277111053467,0.1894228160381317,0.001,0.45440250635147095,10.925704002380371
8,0.9534127712249756,0.12263180315494537,0.001,0.5141509175300598,19.623842239379883
9,0.9474539756774902,0.15253384411334991,0.001,0.2578616440296173,5.771244049072266
10,0.9631636142730713,0.12219524383544922,0.001,0.4323899447917938,6.407747268676758
11,0.9555796384811401,0.15062706172466278,0.001,0.5110062956809998,6.266703128814697
12,0.9539545178413391,0.14117124676704407,0.001,0.19968552887439728,7.1943583488464355
13,0.9609967470169067,0.11652518808841705,0.001,0.3679245412349701,3.8523592948913574
14,0.9631636142730713,0.10575385391712189,0.001,0.3663522005081177,3.577087879180908
15,0.9772481322288513,0.08577866852283478,0.001,0.09119496494531631,9.083574295043945
16,0.9539545178413391,0.14528991281986237,0.001,0.5833333134651184,2.5908303260803223
17,0.9664138555526733,0.0956335961818695,0.001,0.3349056541919708,4.560268402099609
18,0.9712892770767212,0.09131333231925964,0.001,0.5,4.466325759887695
19,0.9734561443328857,0.07439551502466202,0.001,0.22641509771347046,6.134115695953369
20,0.9804983735084534,0.052196141332387924,0.001,0.5471698045730591,2.9757065773010254
21,0.976164698600769,0.07651647180318832,0.001,0.39308175444602966,9.129568099975586
22,0.9880823493003845,0.04085607826709747,0.001,0.47641509771347046,6.123168468475342
23,0.9664138555526733,0.10549414902925491,0.001,0.4874213933944702,5.245673656463623
24,0.9783315062522888,0.06677207350730896,0.001,0.5220125913619995,4.101100921630859
25,0.976164698600769,0.07105428725481033,0.001,0.2704402506351471,5.251428604125977
26,0.9832069277763367,0.060871023684740067,0.001,0.20440252125263214,9.662102699279785
27,0.9902492165565491,0.035540107637643814,0.0003,0.303459107875824,5.486747741699219
28,0.9891657829284668,0.04229041561484337,0.0003,0.4088050425052643,4.593123435974121
29,0.9907909035682678,0.025218036025762558,0.0003,0.5188679099082947,6.064053058624268
30,0.9951245784759521,0.01964210346341133,0.0003,0.5345911979675293,7.970934867858887
31,0.9978331327438354,0.01265143696218729,0.0003,0.553459107875824,14.756514549255371
32,0.9945828914642334,0.014511455781757832,0.0003,0.5361635088920593,8.26104736328125
33,0.9945828914642334,0.017708536237478256,0.0003,0.5377358198165894,6.94953727722168
34,0.996749758720398,0.01122888270765543,0.0003,0.5377358198165894,6.657688617706299
35,0.9956663250923157,0.012342967092990875,0.0003,0.5581761002540588,6.051748752593994
36,0.9962080121040344,0.015139288268983364,0.0003,0.5031446814537048,5.402576923370361
37,0.9945828914642334,0.016736382618546486,9e-05,0.4984276592731476,5.2380900382995605
38,0.9945828914642334,0.018375413492321968,9e-05,0.5298742055892944,6.247276306152344
39,0.9972914457321167,0.012109034694731236,9e-05,0.5283018946647644,6.348029136657715
40,0.9978331327438354,0.007500842213630676,9e-05,0.5361635088920593,8.641026496887207
41,0.996749758720398,0.008752078749239445,9e-05,0.5424528121948242,8.447463035583496
42,0.9972914457321167,0.008720966055989265,9e-05,0.5393081903457642,8.736015319824219
43,0.9951245784759521,0.011478761211037636,9e-05,0.5204402804374695,8.41921329498291
44,0.996749758720398,0.007740487810224295,9e-05,0.5377358198165894,9.327095031738281
45,0.996749758720398,0.012601270340383053,9e-05,0.5141509175300598,7.625624179840088
46,0.9972914457321167,0.014206931926310062,9e-05,0.5047169923782349,8.600042343139648
47,0.9929577708244324,0.023875294253230095,2.7e-05,0.5377358198165894,8.6367826461792
48,0.998374879360199,0.006452492903918028,2.7e-05,0.5393081903457642,8.371647834777832
49,0.9978331327438354,0.008913767524063587,2.7e-05,0.5377358198165894,8.38496208190918
50,0.9962080121040344,0.010127696208655834,2.7e-05,0.5377358198165894,8.286113739013672
51,0.9994583129882812,0.00354768056422472,2.7e-05,0.5314465165138245,8.116033554077148
52,0.9989165663719177,0.005398578476160765,2.7e-05,0.5330188870429993,7.979737281799316
53,0.9989165663719177,0.005613554269075394,2.7e-05,0.5393081903457642,7.9064226150512695
54,0.9978331327438354,0.005944062024354935,2.7e-05,0.5298742055892944,7.019524574279785
55,0.9972914457321167,0.011576388031244278,2.7e-05,0.5424528121948242,8.8186674118042
56,0.998374879360199,0.005946268793195486,2.7e-05,0.5393081903457642,7.656462669372559
57,0.9972914457321167,0.009009057655930519,8.1e-06,0.5393081903457642,7.502798557281494
58,0.9989165663719177,0.00516548752784729,8.1e-06,0.5393081903457642,7.525545120239258
59,0.9962080121040344,0.008164227940142155,8.1e-06,0.5361635088920593,7.608249664306641
60,0.998374879360199,0.007805002387613058,8.1e-06,0.5393081903457642,7.6623921394348145
61,0.996749758720398,0.009289928711950779,8.1e-06,0.5393081903457642,7.800806522369385
62,0.9962080121040344,0.011205361224710941,8.1e-06,0.5393081903457642,8.21287727355957
63,0.998374879360199,0.00631096214056015,8.1e-06,0.5393081903457642,7.9559807777404785
64,0.9989165663719177,0.004495964851230383,8.1e-06,0.5393081903457642,8.005326271057129
65,0.9956663250923157,0.012058254331350327,8.1e-06,0.5345911979675293,7.885593891143799
66,0.998374879360199,0.00644292775541544,8.1e-06,0.5361635088920593,8.086977005004883
67,0.998374879360199,0.005469185300171375,2.43e-06,0.5361635088920593,8.072609901428223
68,0.996749758720398,0.007708774413913488,2.43e-06,0.5361635088920593,8.040881156921387
69,0.9978331327438354,0.00839083269238472,2.43e-06,0.5377358198165894,8.126304626464844
70,0.9994583129882812,0.002890330972149968,2.43e-06,0.5393081903457642,8.110397338867188
71,0.9978331327438354,0.00840629730373621,2.43e-06,0.5393081903457642,7.933953762054443
72,0.9994583129882812,0.003778833895921707,2.43e-06,0.5393081903457642,7.914709568023682
73,0.9972914457321167,0.008671478368341923,2.43e-06,0.5361635088920593,7.926419258117676
74,0.9978331327438354,0.008148767054080963,2.43e-06,0.5361635088920593,7.911837577819824
75,0.9978331327438354,0.008243049494922161,2.43e-06,0.5361635088920593,7.987918853759766
76,0.9978331327438354,0.009389851242303848,2.43e-06,0.5361635088920593,7.9405131340026855
77,0.9972914457321167,0.013954064808785915,1e-06,0.5361635088920593,7.94620943069458
78,0.9962080121040344,0.010548941791057587,1e-06,0.5361635088920593,7.95432186126709
79,0.9962080121040344,0.007960110902786255,1e-06,0.5377358198165894,8.01326847076416
80,0.9978331327438354,0.006535550579428673,1e-06,0.5377358198165894,8.023688316345215
81,0.9989165663719177,0.00533745251595974,1e-06,0.5377358198165894,8.028581619262695
82,0.998374879360199,0.006892310921102762,1e-06,0.5393081903457642,8.093098640441895
83,0.998374879360199,0.00902689341455698,1e-06,0.5377358198165894,8.033716201782227
84,0.9994583129882812,0.003126279916614294,1e-06,0.5377358198165894,8.001705169677734
85,0.998374879360199,0.005606250371783972,1e-06,0.5377358198165894,8.030842781066895
86,0.998374879360199,0.005632840562611818,1e-06,0.5393081903457642,8.084281921386719
87,0.996749758720398,0.01149731781333685,1e-06,0.5393081903457642,8.057355880737305
88,0.9978331327438354,0.007257593329995871,1e-06,0.5393081903457642,7.985255718231201
89,0.9972914457321167,0.009132344275712967,1e-06,0.5393081903457642,8.027898788452148
90,0.9962080121040344,0.011355269700288773,1e-06,0.5393081903457642,8.042814254760742
91,0.9978331327438354,0.008818107657134533,1e-06,0.5377358198165894,8.038185119628906
92,0.998374879360199,0.004763653967529535,1e-06,0.5393081903457642,7.995216369628906
93,0.9989165663719177,0.004434649832546711,1e-06,0.5377358198165894,8.045821189880371
94,0.9962080121040344,0.00956928450614214,1e-06,0.5361635088920593,8.023503303527832
95,0.998374879360199,0.005370733793824911,1e-06,0.5377358198165894,8.033354759216309
96,0.9989165663719177,0.006646060384809971,1e-06,0.5377358198165894,8.080838203430176
97,0.996749758720398,0.008450226858258247,1e-06,0.5377358198165894,8.085448265075684
98,0.9989165663719177,0.005618601571768522,1e-06,0.5393081903457642,8.07078742980957
99,1.0,0.0025285170413553715,1e-06,0.5393081903457642,8.125174522399902
100,0.9978331327438354,0.007061172742396593,1e-06,0.5393081903457642,8.098014831542969
101,0.9972914457321167,0.00568055035546422,1e-06,0.5393081903457642,8.11966609954834
102,0.9978331327438354,0.006019951310008764,1e-06,0.5393081903457642,8.093704223632812
103,0.9989165663719177,0.003295981790870428,1e-06,0.5393081903457642,8.055929183959961
104,0.9989165663719177,0.004527463112026453,1e-06,0.5393081903457642,8.110123634338379
105,0.9956663250923157,0.008917957544326782,1e-06,0.5393081903457642,8.22381591796875
106,0.9972914457321167,0.0062490422278642654,1e-06,0.5393081903457642,8.155806541442871
107,0.9962080121040344,0.009212487377226353,1e-06,0.5393081903457642,8.148604393005371
108,0.9978331327438354,0.007622115779668093,1e-06,0.5393081903457642,8.193442344665527
109,0.998374879360199,0.005883615463972092,1e-06,0.5393081903457642,8.256369590759277
110,0.9978331327438354,0.007502662483602762,1e-06,0.5393081903457642,8.213244438171387
111,0.9994583129882812,0.003480288665741682,1e-06,0.5393081903457642,8.14480209350586
112,0.9994583129882812,0.004774772096425295,1e-06,0.5393081903457642,8.124434471130371
113,0.998374879360199,0.004343708045780659,1e-06,0.5393081903457642,8.104622840881348
114,0.9972914457321167,0.00785639975219965,1e-06,0.5393081903457642,8.140410423278809
115,0.9978331327438354,0.005862126126885414,1e-06,0.5393081903457642,8.111101150512695
116,0.9972914457321167,0.011136488057672977,1e-06,0.5393081903457642,8.068940162658691
