epoch,accuracy,loss,lr,val_accuracy,val_loss
0,0.7551462650299072,0.6406033039093018,0.001,0.5141509175300598,7.596180438995361
1,0.873781144618988,0.3527929484844208,0.001,0.5141509175300598,10.769060134887695
2,0.9154929518699646,0.22693844139575958,0.001,0.5141509175300598,13.082469940185547
3,0.9252437949180603,0.24698114395141602,0.001,0.5141509175300598,15.66546630859375
4,0.946370542049408,0.16924507915973663,0.001,0.5141509175300598,14.692161560058594
5,0.9490790963172913,0.15045125782489777,0.001,0.5141509175300598,24.850431442260742
6,0.9393282532691956,0.16192950308322906,0.001,0.5141509175300598,11.407753944396973
7,0.9550378918647766,0.13259382545948029,0.001,0.5141509175300598,19.310972213745117
8,0.9425785541534424,0.1797720491886139,0.001,0.4292452931404114,17.778709411621094
9,0.962080180644989,0.11138954758644104,0.001,0.276729553937912,20.267961502075195
10,0.9685807228088379,0.08187350630760193,0.001,0.15094339847564697,9.255016326904297
11,0.9848320484161377,0.05009850859642029,0.0003,0.36477985978126526,5.872297763824463
12,0.984290361404419,0.047451842576265335,0.0003,0.23270440101623535,8.570175170898438
13,0.9864572286605835,0.03363281488418579,0.0003,0.5377358198165894,8.373355865478516
14,0.9951245784759521,0.020776700228452682,0.0003,0.4103773534297943,5.676998138427734
15,0.9918743371963501,0.024428116157650948,0.0003,0.5424528121948242,8.14743423461914
16,0.9880823493003845,0.04231400415301323,0.0003,0.5298742055892944,8.028141975402832
17,0.9826652407646179,0.05153936520218849,0.0003,0.4308176040649414,13.045860290527344
18,0.9848320484161377,0.050307609140872955,0.0003,0.4371069073677063,7.878145217895508
19,0.9799566864967346,0.05622945725917816,0.0003,0.27987420558929443,4.861915588378906
20,0.987540602684021,0.041998349130153656,0.0003,0.4858490526676178,9.734275817871094
21,0.9864572286605835,0.03872080519795418,0.0003,0.41352200508117676,8.173823356628418
22,0.9864572286605835,0.04021666571497917,0.0003,0.5314465165138245,7.747304439544678
23,0.9891657829284668,0.02888200618326664,0.0003,0.5424528121948242,9.384037017822266
24,0.9929577708244324,0.02274256944656372,0.0003,0.5345911979675293,9.172069549560547
25,0.987540602684021,0.03483499214053154,0.0003,0.5424528121948242,6.260390758514404
26,0.9989165663719177,0.007857772521674633,0.0003,0.5314465165138245,6.9661335945129395
27,0.9918743371963501,0.020479990169405937,0.0003,0.5062893033027649,7.496735572814941
28,0.9886240363121033,0.04606727510690689,0.0003,0.22641509771347046,9.701201438903809
29,0.9826652407646179,0.07580361515283585,0.0003,0.43396225571632385,7.321569919586182
30,0.9951245784759521,0.01766435243189335,9e-05,0.5047169923782349,5.533056259155273
31,0.9978331327438354,0.013327835127711296,9e-05,0.47012579441070557,5.7955803871154785
32,0.9972914457321167,0.011386691592633724,9e-05,0.5251572132110596,5.527263641357422
33,0.9956663250923157,0.01351472269743681,9e-05,0.4512578547000885,5.896407604217529
34,0.9951245784759521,0.01463988982141018,9e-05,0.5424528121948242,5.661275386810303
35,0.9956663250923157,0.011902433820068836,9e-05,0.4811320900917053,5.821154594421387
36,0.9978331327438354,0.006113674025982618,9e-05,0.48270440101623535,5.648318290710449
37,0.9962080121040344,0.00877314992249012,9e-05,0.47484275698661804,6.186466217041016
38,0.9940411448478699,0.017590109258890152,9e-05,0.4921383559703827,6.610677242279053
39,0.9962080121040344,0.009045070968568325,9e-05,0.48899370431900024,6.268181800842285
40,0.9994583129882812,0.0038148064631968737,2.7e-05,0.50157231092453,6.369565010070801
41,0.998374879360199,0.005202299449592829,2.7e-05,0.49056604504585266,6.629601001739502
42,0.998374879360199,0.006991345901042223,2.7e-05,0.5314465165138245,6.608098983764648
43,0.9978331327438354,0.008064443245530128,2.7e-05,0.5251572132110596,6.3511152267456055
44,0.9956663250923157,0.016067281365394592,2.7e-05,0.5220125913619995,6.067124843597412
45,0.998374879360199,0.005826056469231844,2.7e-05,0.5393081903457642,6.315949440002441
46,0.998374879360199,0.0040778410620987415,2.7e-05,0.5408805012702942,6.5648698806762695
47,1.0,0.002909350208938122,2.7e-05,0.5393081903457642,6.612103462219238
48,0.996749758720398,0.009345435537397861,2.7e-05,0.5393081903457642,6.730436325073242
49,1.0,0.001895953668281436,2.7e-05,0.5408805012702942,6.637175559997559
50,0.9989165663719177,0.004581393674015999,8.1e-06,0.5408805012702942,6.648019313812256
51,0.9972914457321167,0.014324499294161797,8.1e-06,0.5267295837402344,6.5854644775390625
52,0.9978331327438354,0.007389834150671959,8.1e-06,0.5393081903457642,6.590611457824707
53,0.9994583129882812,0.003259325632825494,8.1e-06,0.5393081903457642,6.564365386962891
54,0.996749758720398,0.008408932015299797,8.1e-06,0.5393081903457642,6.3233771324157715
55,0.9994583129882812,0.0034723225980997086,8.1e-06,0.5283018946647644,6.442498683929443
56,0.9989165663719177,0.004594694823026657,8.1e-06,0.5283018946647644,6.46398401260376
57,0.9978331327438354,0.007891880348324776,8.1e-06,0.5267295837402344,6.429942607879639
58,0.998374879360199,0.007790005765855312,8.1e-06,0.5393081903457642,6.475854873657227
59,0.9994583129882812,0.002928143600001931,8.1e-06,0.5393081903457642,6.4884419441223145
60,0.998374879360199,0.008216691203415394,2.43e-06,0.5393081903457642,6.555403232574463
61,0.998374879360199,0.0045948033221066,2.43e-06,0.5393081903457642,6.568084716796875
62,0.9989165663719177,0.006099028512835503,2.43e-06,0.5393081903457642,6.525306224822998
63,0.9972914457321167,0.007821491919457912,2.43e-06,0.5393081903457642,6.533267498016357
64,0.998374879360199,0.0051033515483140945,2.43e-06,0.5393081903457642,6.601273059844971
65,0.9989165663719177,0.003427122486755252,2.43e-06,0.5393081903457642,6.607113361358643
66,0.9978331327438354,0.007443006616085768,2.43e-06,0.5393081903457642,6.60184907913208
67,0.996749758720398,0.009302365593612194,2.43e-06,0.5393081903457642,6.663762092590332
68,0.998374879360199,0.005069046746939421,2.43e-06,0.5393081903457642,6.6175031661987305
69,0.998374879360199,0.006984254810959101,2.43e-06,0.5393081903457642,6.637365341186523
70,0.9978331327438354,0.007122817914932966,1e-06,0.5393081903457642,6.6651225090026855
71,0.996749758720398,0.00882130116224289,1e-06,0.5393081903457642,6.687980651855469
72,0.9972914457321167,0.008059712126851082,1e-06,0.5393081903457642,6.690911769866943
73,1.0,0.002146035898476839,1e-06,0.5393081903457642,6.657516956329346
74,1.0,0.002004283480346203,1e-06,0.5393081903457642,6.663214206695557
75,0.9994583129882812,0.002306907204911113,1e-06,0.5393081903457642,6.639789581298828
76,0.9989165663719177,0.004999997094273567,1e-06,0.5393081903457642,6.626993179321289
77,0.9994583129882812,0.0035458835773169994,1e-06,0.5393081903457642,6.653924465179443
78,0.9978331327438354,0.004179457668215036,1e-06,0.5393081903457642,6.662363529205322
79,0.9994583129882812,0.0023317718878388405,1e-06,0.5393081903457642,6.665204048156738
80,0.9972914457321167,0.0060835606418550014,1e-06,0.5393081903457642,6.629744529724121
81,0.9994583129882812,0.0030506954062730074,1e-06,0.5393081903457642,6.681249141693115
82,0.9972914457321167,0.010849219746887684,1e-06,0.5393081903457642,6.620248317718506
83,0.9989165663719177,0.00435701385140419,1e-06,0.5393081903457642,6.615753173828125
84,0.9994583129882812,0.004015534650534391,1e-06,0.5393081903457642,6.6727800369262695
85,0.998374879360199,0.006350597366690636,1e-06,0.5393081903457642,6.6747050285339355
86,0.9978331327438354,0.0073822131380438805,1e-06,0.5393081903457642,6.729918479919434
87,0.9972914457321167,0.005851235706359148,1e-06,0.5393081903457642,6.73012638092041
88,0.9989165663719177,0.0047264089807868,1e-06,0.5393081903457642,6.728782653808594
89,0.998374879360199,0.006273355334997177,1e-06,0.5393081903457642,6.725890636444092
90,0.998374879360199,0.005192550364881754,1e-06,0.5393081903457642,6.719900608062744
91,0.9994583129882812,0.003506297245621681,1e-06,0.5393081903457642,6.696499347686768
92,0.9989165663719177,0.005559233017265797,1e-06,0.5393081903457642,6.733641624450684
93,0.9978331327438354,0.006419715471565723,1e-06,0.5393081903457642,6.681513786315918
94,0.9994583129882812,0.003819891484454274,1e-06,0.5393081903457642,6.677192211151123
95,0.9978331327438354,0.006898179184645414,1e-06,0.5393081903457642,6.665733814239502
96,1.0,0.003463613335043192,1e-06,0.5393081903457642,6.70742130279541
97,0.998374879360199,0.007432474289089441,1e-06,0.5393081903457642,6.711169242858887
98,0.9989165663719177,0.004609907045960426,1e-06,0.5393081903457642,6.723039150238037
99,0.998374879360199,0.006817943882197142,1e-06,0.5393081903457642,6.721673011779785
100,0.9994583129882812,0.0029271559324115515,1e-06,0.5393081903457642,6.746770858764648
101,0.9989165663719177,0.004884477239102125,1e-06,0.5393081903457642,6.7274298667907715
102,0.9994583129882812,0.0034199522342532873,1e-06,0.5393081903457642,6.709526538848877
103,0.9994583129882812,0.002724637743085623,1e-06,0.5393081903457642,6.7144036293029785
104,0.9994583129882812,0.003438518149778247,1e-06,0.5393081903457642,6.719540119171143
105,0.9994583129882812,0.004707303363829851,1e-06,0.5393081903457642,6.720125198364258
106,0.996749758720398,0.010574831627309322,1e-06,0.5393081903457642,6.735147476196289
107,0.998374879360199,0.005196796264499426,1e-06,0.5393081903457642,6.726442813873291
108,0.9994583129882812,0.0032021368388086557,1e-06,0.5393081903457642,6.761729717254639
109,0.998374879360199,0.004951947834342718,1e-06,0.5393081903457642,6.74905252456665
110,0.9994583129882812,0.0031914713326841593,1e-06,0.5393081903457642,6.732877254486084
111,0.9989165663719177,0.004342342261224985,1e-06,0.5393081903457642,6.714999675750732
112,0.9978331327438354,0.006047890521585941,1e-06,0.5393081903457642,6.709959983825684
113,1.0,0.0028896585572510958,1e-06,0.5393081903457642,6.6805620193481445
114,1.0,0.0024748537689447403,1e-06,0.5393081903457642,6.707640647888184
115,0.9978331327438354,0.006980700884014368,1e-06,0.5393081903457642,6.758938789367676
116,0.9951245784759521,0.012576267123222351,1e-06,0.5393081903457642,6.768630504608154
117,0.9989165663719177,0.0044150878675282,1e-06,0.5393081903457642,6.70519495010376
118,0.998374879360199,0.007583031430840492,1e-06,0.5393081903457642,6.736368656158447
119,0.9989165663719177,0.004933209624141455,1e-06,0.5393081903457642,6.7253804206848145
