epoch,accuracy,loss,lr,val_accuracy,val_loss
0,0.7573131322860718,0.7261613607406616,0.001,0.5141509175300598,16.74587631225586
1,0.8559046387672424,0.3783735930919647,0.001,0.5141509175300598,18.698474884033203
2,0.9008667469024658,0.2703496515750885,0.001,0.5141509175300598,24.321624755859375
3,0.8916576504707336,0.31251561641693115,0.001,0.5141509175300598,33.36317825317383
4,0.9317443370819092,0.1854163557291031,0.001,0.5141509175300598,23.590112686157227
5,0.9236186146736145,0.21199974417686462,0.001,0.5141509175300598,32.682987213134766
6,0.9431202411651611,0.15193399786949158,0.001,0.5141509175300598,31.23347282409668
7,0.9393282532691956,0.18771332502365112,0.001,0.46069180965423584,29.825088500976562
8,0.9279523491859436,0.21460582315921783,0.001,0.5141509175300598,45.051788330078125
9,0.9414951205253601,0.17603756487369537,0.001,0.25314465165138245,8.010947227478027
10,0.9458287954330444,0.17088006436824799,0.001,0.3066037595272064,6.3843584060668945
11,0.9528710842132568,0.12713785469532013,0.001,0.375786155462265,3.7279582023620605
12,0.9615384340286255,0.13155268132686615,0.001,0.5141509175300598,4.848762035369873
13,0.9631636142730713,0.11214252561330795,0.001,0.46069180965423584,4.258707046508789
14,0.962080180644989,0.11335039138793945,0.001,0.34433960914611816,12.80622386932373
15,0.9414951205253601,0.1796644777059555,0.001,0.23113207519054413,4.321622848510742
16,0.9756229519844055,0.08546222001314163,0.001,0.32232704758644104,17.036144256591797
17,0.9826652407646179,0.0701419860124588,0.001,0.41352200508117676,7.390341758728027
18,0.9750812649726868,0.08027186244726181,0.001,0.49685534834861755,8.500249862670898
19,0.98591548204422,0.04634867236018181,0.001,0.4323899447917938,4.509181976318359
20,0.9718309640884399,0.09167179465293884,0.001,0.5833333134651184,9.175786972045898
21,0.9750812649726868,0.07514090090990067,0.001,0.3946540951728821,5.695433139801025
22,0.987540602684021,0.04018876701593399,0.0003,0.5188679099082947,3.7229199409484863
23,0.98591548204422,0.047001197934150696,0.0003,0.4371069073677063,4.932947158813477
24,0.9934994578361511,0.025151100009679794,0.0003,0.4449685513973236,5.760223865509033
25,0.9929577708244324,0.024058900773525238,0.0003,0.5031446814537048,9.039997100830078
26,0.9902492165565491,0.029419953003525734,0.0003,0.5125786066055298,6.324636936187744
27,0.9945828914642334,0.014298224821686745,0.0003,0.37893080711364746,5.054231643676758
28,0.9891657829284668,0.03390038385987282,0.0003,0.4984276592731476,8.163262367248535
29,0.9924160242080688,0.03410809114575386,0.0003,0.5235849022865295,6.881195068359375
30,0.9978331327438354,0.009611970745027065,0.0003,0.5298742055892944,10.753211975097656
31,0.9989165663719177,0.006570154335349798,0.0003,0.4937106966972351,6.906970024108887
32,0.9891657829284668,0.0324501134455204,0.0003,0.5298742055892944,10.103399276733398
33,0.9945828914642334,0.01834271103143692,9e-05,0.5220125913619995,7.902817249298096
34,0.998374879360199,0.008127693086862564,9e-05,0.5267295837402344,7.101099014282227
35,0.996749758720398,0.01157134585082531,9e-05,0.5267295837402344,7.876584053039551
36,0.9962080121040344,0.011401970870792866,9e-05,0.5267295837402344,5.498498916625977
37,0.998374879360199,0.004461667966097593,9e-05,0.5251572132110596,7.852211952209473
38,0.9972914457321167,0.012304116040468216,9e-05,0.5361635088920593,8.106047630310059
39,0.9972914457321167,0.00977060105651617,9e-05,0.5330188870429993,7.7869367599487305
40,0.9972914457321167,0.008709550835192204,9e-05,0.5361635088920593,7.34961462020874
41,0.9962080121040344,0.01508211251348257,9e-05,0.5314465165138245,9.472461700439453
42,0.9972914457321167,0.010559318587183952,9e-05,0.5377358198165894,6.988173961639404
43,0.9978331327438354,0.005815817043185234,2.7e-05,0.5314465165138245,7.454683303833008
44,0.996749758720398,0.007571639493107796,2.7e-05,0.5314465165138245,8.035367012023926
45,0.9978331327438354,0.0074042282067239285,2.7e-05,0.5361635088920593,8.463903427124023
46,0.998374879360199,0.00655332999303937,2.7e-05,0.5314465165138245,9.106273651123047
47,0.9994583129882812,0.0036513437516987324,2.7e-05,0.5330188870429993,8.767958641052246
48,0.9994583129882812,0.0035211683716624975,2.7e-05,0.5345911979675293,8.3804931640625
49,0.9989165663719177,0.004162356723099947,2.7e-05,0.5330188870429993,8.303576469421387
50,0.998374879360199,0.005479445680975914,2.7e-05,0.5330188870429993,8.125782012939453
51,0.9994583129882812,0.003716457635164261,2.7e-05,0.5330188870429993,7.9042816162109375
52,0.9989165663719177,0.00376320444047451,2.7e-05,0.5330188870429993,7.962499618530273
53,1.0,0.0026150650810450315,8.1e-06,0.5330188870429993,8.226168632507324
54,0.9989165663719177,0.005362482741475105,8.1e-06,0.5345911979675293,8.20338249206543
55,1.0,0.001550068729557097,8.1e-06,0.5345911979675293,8.242622375488281
56,0.9962080121040344,0.010437886230647564,8.1e-06,0.5345911979675293,8.749038696289062
57,0.9978331327438354,0.00679862592369318,8.1e-06,0.5345911979675293,8.681824684143066
58,0.9972914457321167,0.007546297274529934,8.1e-06,0.5345911979675293,8.653940200805664
59,0.9962080121040344,0.009076333604753017,8.1e-06,0.5345911979675293,8.550004005432129
60,0.9994583129882812,0.003420088905841112,8.1e-06,0.5361635088920593,8.747723579406738
61,0.9978331327438354,0.006106565706431866,8.1e-06,0.5361635088920593,8.469270706176758
62,0.9989165663719177,0.0024907763581722975,8.1e-06,0.5361635088920593,8.49373722076416
63,0.9972914457321167,0.01394337322562933,2.43e-06,0.5377358198165894,8.33040714263916
64,0.998374879360199,0.005927117075771093,2.43e-06,0.5361635088920593,8.395984649658203
65,0.9978331327438354,0.014523564837872982,2.43e-06,0.5361635088920593,8.23857307434082
66,0.998374879360199,0.005635798908770084,2.43e-06,0.5361635088920593,8.311849594116211
67,0.998374879360199,0.006316268350929022,2.43e-06,0.5361635088920593,8.360239028930664
68,0.9994583129882812,0.002784388605505228,2.43e-06,0.5361635088920593,8.35952091217041
69,0.9994583129882812,0.0026565378066152334,2.43e-06,0.5361635088920593,8.37005615234375
70,0.996749758720398,0.007771094795316458,2.43e-06,0.5361635088920593,8.379900932312012
71,0.9994583129882812,0.0028836631681770086,2.43e-06,0.5361635088920593,8.469223022460938
72,0.9994583129882812,0.004488364327698946,2.43e-06,0.5361635088920593,8.374702453613281
73,0.9978331327438354,0.004626117181032896,1e-06,0.5361635088920593,8.351763725280762
74,0.998374879360199,0.004308536183089018,1e-06,0.5361635088920593,8.384496688842773
75,0.9978331327438354,0.0057219709269702435,1e-06,0.5361635088920593,8.354959487915039
76,0.9994583129882812,0.0026489458978176117,1e-06,0.5361635088920593,8.31395149230957
77,0.9994583129882812,0.0029958051163703203,1e-06,0.5361635088920593,8.29971981048584
78,0.9989165663719177,0.004008300602436066,1e-06,0.5361635088920593,8.36476993560791
79,0.9972914457321167,0.008018339984118938,1e-06,0.5361635088920593,8.336301803588867
80,1.0,0.0020257660653442144,1e-06,0.5361635088920593,8.363579750061035
81,0.9972914457321167,0.008254380896687508,1e-06,0.5361635088920593,8.272186279296875
82,0.9994583129882812,0.0031142535153776407,1e-06,0.5361635088920593,8.326872825622559
83,0.998374879360199,0.008152577094733715,1e-06,0.5361635088920593,8.362018585205078
84,0.9989165663719177,0.0037179668433964252,1e-06,0.5361635088920593,8.297834396362305
85,0.9994583129882812,0.0021620190236717463,1e-06,0.5361635088920593,8.334341049194336
86,0.998374879360199,0.0067569538950920105,1e-06,0.5361635088920593,8.424129486083984
87,0.9956663250923157,0.010557878762483597,1e-06,0.5361635088920593,8.422455787658691
88,0.9994583129882812,0.0033729432616382837,1e-06,0.5361635088920593,8.322320938110352
89,0.9989165663719177,0.005041634198278189,1e-06,0.5361635088920593,8.377067565917969
90,0.9972914457321167,0.009607351385056973,1e-06,0.5361635088920593,8.370804786682129
91,0.9994583129882812,0.0028104328084737062,1e-06,0.5361635088920593,8.360549926757812
92,1.0,0.00187350669875741,1e-06,0.5361635088920593,8.384720802307129
93,0.998374879360199,0.003994718659669161,1e-06,0.5361635088920593,8.320784568786621
94,1.0,0.0018769940361380577,1e-06,0.5361635088920593,8.346248626708984
95,0.9989165663719177,0.00396259780973196,1e-06,0.5361635088920593,8.409562110900879
96,0.9989165663719177,0.00488186813890934,1e-06,0.5361635088920593,8.38372802734375
97,1.0,0.0017012098105624318,1e-06,0.5361635088920593,8.356372833251953
98,1.0,0.001171200186945498,1e-06,0.5361635088920593,8.337348937988281
99,1.0,0.002282748930156231,1e-06,0.5361635088920593,8.357869148254395
100,0.9994583129882812,0.0033920372370630503,1e-06,0.5361635088920593,8.405299186706543
101,0.9978331327438354,0.008595325984060764,1e-06,0.5361635088920593,8.366155624389648
102,0.998374879360199,0.005044072400778532,1e-06,0.5361635088920593,8.335273742675781
103,0.9978331327438354,0.006660745944827795,1e-06,0.5361635088920593,8.378507614135742
104,0.9951245784759521,0.019386762753129005,1e-06,0.5361635088920593,8.41187572479248
105,1.0,0.0030583401676267385,1e-06,0.5361635088920593,8.364619255065918
106,1.0,0.002377153607085347,1e-06,0.5361635088920593,8.32186222076416
107,0.998374879360199,0.009209918789565563,1e-06,0.5361635088920593,8.346516609191895
108,0.9989165663719177,0.005269335117191076,1e-06,0.5361635088920593,8.301920890808105
109,0.998374879360199,0.0036529717035591602,1e-06,0.5361635088920593,8.311141967773438
110,0.9994583129882812,0.002544093644246459,1e-06,0.5361635088920593,8.34604263305664
111,0.9994583129882812,0.0045089395716786385,1e-06,0.5361635088920593,8.407097816467285
112,0.9994583129882812,0.002294715726748109,1e-06,0.5361635088920593,8.428699493408203
113,0.9972914457321167,0.00588890491053462,1e-06,0.5361635088920593,8.427172660827637
114,0.9994583129882812,0.0038762071635574102,1e-06,0.5361635088920593,8.436573028564453
115,0.9994583129882812,0.0026340263430029154,1e-06,0.5361635088920593,8.481513023376465
116,0.9989165663719177,0.004424189683049917,1e-06,0.5361635088920593,8.434745788574219
117,0.9978331327438354,0.006232249550521374,1e-06,0.5361635088920593,8.472291946411133
118,0.9994583129882812,0.0026812818832695484,1e-06,0.5361635088920593,8.50422191619873
119,0.9972914457321167,0.008717374876141548,1e-06,0.5361635088920593,8.55907917022705
120,0.9994583129882812,0.0031470961403101683,1e-06,0.5361635088920593,8.529224395751953
121,0.998374879360199,0.005936016794294119,1e-06,0.5361635088920593,8.497788429260254
122,0.998374879360199,0.004055008292198181,1e-06,0.5361635088920593,8.55250358581543
