epoch,accuracy,loss,lr,val_accuracy,val_loss
0,0.7811484336853027,0.6730600595474243,0.001,0.5141509175300598,21.436298370361328
1,0.8624051809310913,0.38321730494499207,0.001,0.5141509175300598,27.86423683166504
2,0.911700963973999,0.2568703293800354,0.001,0.5141509175300598,17.202394485473633
3,0.9111592769622803,0.27669045329093933,0.001,0.5141509175300598,19.504169464111328
4,0.895991325378418,0.32108715176582336,0.001,0.5141509175300598,31.16246223449707
5,0.9312025904655457,0.2089223861694336,0.001,0.5141509175300598,32.6386833190918
6,0.9398699998855591,0.17601445317268372,0.001,0.5141509175300598,27.42693328857422
7,0.9366196990013123,0.19146838784217834,0.001,0.5141509175300598,31.902536392211914
8,0.9561213254928589,0.12740644812583923,0.001,0.49685534834861755,5.213310718536377
9,0.9452871084213257,0.18678097426891327,0.001,0.19182389974594116,7.75906229019165
10,0.9745395183563232,0.07720090448856354,0.001,0.3459119498729706,2.63492751121521
11,0.9539545178413391,0.1305086314678192,0.001,0.5141509175300598,7.152021408081055
12,0.9458287954330444,0.1716831773519516,0.001,0.4591194987297058,7.31941556930542
13,0.962080180644989,0.10371650010347366,0.001,0.21698112785816193,10.498039245605469
14,0.962080180644989,0.12603023648262024,0.001,0.3128930926322937,8.693641662597656
15,0.9756229519844055,0.08050162345170975,0.001,0.48427674174308777,9.664044380187988
16,0.9674972891807556,0.11753307282924652,0.001,0.7091194987297058,4.506441593170166
17,0.9664138555526733,0.10531651228666306,0.001,0.5487421154975891,5.808470249176025
18,0.987540602684021,0.04320589825510979,0.001,0.446540892124176,4.175093173980713
19,0.9853737950325012,0.04223233461380005,0.001,0.3883647918701172,6.452526092529297
20,0.9664138555526733,0.10540533065795898,0.001,0.4308176040649414,9.666523933410645
21,0.9864572286605835,0.04390661045908928,0.0003,0.49685534834861755,5.217192649841309
22,0.9869989156723022,0.04224591702222824,0.0003,0.4654088020324707,5.464423179626465
23,0.9918743371963501,0.027723241597414017,0.0003,0.38679245114326477,6.170235633850098
24,0.9956663250923157,0.01435058657079935,0.0003,0.3977987468242645,7.124444007873535
25,0.9951245784759521,0.01697560027241707,0.0003,0.5298742055892944,8.28908920288086
26,0.9934994578361511,0.014436888508498669,0.0003,0.5613207817077637,7.201724529266357
27,0.9929577708244324,0.031678348779678345,0.0003,0.2971698045730591,6.206128120422363
28,0.9929577708244324,0.022279424592852592,0.0003,0.4371069073677063,7.2693095207214355
29,0.9978331327438354,0.007338138297200203,0.0003,0.5251572132110596,7.9405035972595215
30,0.9945828914642334,0.020622238516807556,0.0003,0.5157232880592346,7.558950901031494
31,0.9962080121040344,0.012988093309104443,9e-05,0.5172955989837646,8.619033813476562
32,0.9989165663719177,0.004234849475324154,9e-05,0.5235849022865295,7.426650524139404
33,0.9972914457321167,0.008314487524330616,9e-05,0.5330188870429993,7.180763244628906
34,0.9972914457321167,0.01220843568444252,9e-05,0.5283018946647644,6.589366436004639
35,0.9994583129882812,0.0038300110027194023,9e-05,0.5031446814537048,6.7340922355651855
36,0.998374879360199,0.006056237034499645,9e-05,0.5125786066055298,7.263711929321289
37,0.9956663250923157,0.010386721231043339,9e-05,0.400943398475647,7.232268333435059
38,0.9972914457321167,0.0116017060354352,9e-05,0.3396226465702057,6.439440727233887
39,0.998374879360199,0.010122640058398247,9e-05,0.4669811427593231,6.818086624145508
40,0.9978331327438354,0.007070146035403013,9e-05,0.5188679099082947,8.057711601257324
41,0.9994583129882812,0.0038958746008574963,2.7e-05,0.5204402804374695,8.060497283935547
42,0.9978331327438354,0.007122971583157778,2.7e-05,0.5251572132110596,7.703769683837891
43,0.9989165663719177,0.00596585962921381,2.7e-05,0.5393081903457642,7.713386535644531
44,0.998374879360199,0.005515138152986765,2.7e-05,0.5188679099082947,7.8304643630981445
45,0.996749758720398,0.006936366204172373,2.7e-05,0.5204402804374695,7.63424825668335
46,0.9994583129882812,0.003079727990552783,2.7e-05,0.4984276592731476,7.53193473815918
47,1.0,0.0013414632994681597,2.7e-05,0.5031446814537048,7.589730739593506
48,0.998374879360199,0.00392887182533741,2.7e-05,0.5172955989837646,7.503297328948975
49,0.9989165663719177,0.004348293412476778,2.7e-05,0.5251572132110596,7.677659034729004
50,0.9989165663719177,0.005305980332195759,2.7e-05,0.5047169923782349,7.477213382720947
51,0.9994583129882812,0.002129914006218314,8.1e-06,0.5062893033027649,7.603335857391357
52,0.9994583129882812,0.0037184651009738445,8.1e-06,0.5047169923782349,7.620541095733643
53,0.9994583129882812,0.0036223900970071554,8.1e-06,0.5,7.73618221282959
54,0.9994583129882812,0.004881447646766901,8.1e-06,0.5047169923782349,7.784152984619141
55,0.998374879360199,0.005020576994866133,8.1e-06,0.5157232880592346,7.930568695068359
56,0.9994583129882812,0.00346375978551805,8.1e-06,0.5094339847564697,7.974289417266846
57,0.9994583129882812,0.002886689268052578,8.1e-06,0.5141509175300598,7.970726013183594
58,0.9978331327438354,0.011225316673517227,8.1e-06,0.5188679099082947,7.8645219802856445
59,0.9978331327438354,0.005005325190722942,8.1e-06,0.5204402804374695,7.709789752960205
60,0.998374879360199,0.00413120910525322,8.1e-06,0.5141509175300598,7.899754047393799
61,0.998374879360199,0.006429342087358236,2.43e-06,0.5172955989837646,7.95337438583374
62,0.996749758720398,0.006414324510842562,2.43e-06,0.5172955989837646,7.992617607116699
63,0.9994583129882812,0.0028299863915890455,2.43e-06,0.5188679099082947,7.964420795440674
64,0.9972914457321167,0.005504618864506483,2.43e-06,0.5172955989837646,7.985063076019287
65,0.9989165663719177,0.0028475779108703136,2.43e-06,0.5172955989837646,7.977110862731934
66,0.9989165663719177,0.004067771602421999,2.43e-06,0.5172955989837646,7.935798645019531
67,0.9989165663719177,0.005881315562874079,2.43e-06,0.5125786066055298,7.878879547119141
68,0.9994583129882812,0.0019852882251143456,2.43e-06,0.5172955989837646,7.9018940925598145
69,0.9956663250923157,0.013801440596580505,2.43e-06,0.5078616142272949,7.939464569091797
70,0.9962080121040344,0.00562687311321497,2.43e-06,0.5078616142272949,7.943021774291992
71,0.998374879360199,0.00696372939273715,1e-06,0.5172955989837646,7.9409708976745605
72,0.998374879360199,0.005031960550695658,1e-06,0.5172955989837646,7.952548980712891
73,0.9994583129882812,0.002855567494407296,1e-06,0.5172955989837646,8.006911277770996
74,0.9989165663719177,0.0032287263311445713,1e-06,0.5157232880592346,7.9858245849609375
75,0.9951245784759521,0.020630134269595146,1e-06,0.5094339847564697,7.950656890869141
76,0.9989165663719177,0.004440145567059517,1e-06,0.5141509175300598,7.9369401931762695
77,0.9989165663719177,0.0039061084389686584,1e-06,0.5141509175300598,7.939741134643555
78,1.0,0.0013141529634594917,1e-06,0.5172955989837646,7.935515403747559
79,0.9989165663719177,0.00313530839048326,1e-06,0.5172955989837646,7.975924491882324
80,1.0,0.001823722617700696,1e-06,0.5172955989837646,7.957456588745117
81,0.9978331327438354,0.005000540986657143,1e-06,0.5172955989837646,7.998251914978027
82,0.9989165663719177,0.0054920390248298645,1e-06,0.5172955989837646,8.004289627075195
83,0.9989165663719177,0.0034564235247671604,1e-06,0.5188679099082947,7.980692386627197
84,0.996749758720398,0.016937583684921265,1e-06,0.5188679099082947,7.975697040557861
85,0.9994583129882812,0.0033459190744906664,1e-06,0.5204402804374695,7.967275142669678
86,0.9956663250923157,0.012650983408093452,1e-06,0.5188679099082947,7.994686603546143
87,0.9994583129882812,0.001956622814759612,1e-06,0.5188679099082947,7.987285614013672
88,0.9978331327438354,0.007440981455147266,1e-06,0.5141509175300598,8.025656700134277
89,0.998374879360199,0.0054941242560744286,1e-06,0.5172955989837646,8.017587661743164
90,0.9972914457321167,0.009665398858487606,1e-06,0.5141509175300598,8.071393013000488
91,0.9989165663719177,0.004224487580358982,1e-06,0.5110062956809998,8.091239929199219
92,0.9989165663719177,0.006710401736199856,1e-06,0.5110062956809998,8.05912971496582
93,0.9989165663719177,0.003128325566649437,1e-06,0.5110062956809998,8.031157493591309
94,0.9989165663719177,0.003752698190510273,1e-06,0.5094339847564697,8.083565711975098
95,0.996749758720398,0.007536657154560089,1e-06,0.5078616142272949,8.12704086303711
96,0.998374879360199,0.005393614526838064,1e-06,0.5094339847564697,8.156697273254395
97,0.9989165663719177,0.0034389395732432604,1e-06,0.5110062956809998,8.123710632324219
98,0.9994583129882812,0.0032987562008202076,1e-06,0.5094339847564697,8.125384330749512
99,0.9978331327438354,0.006334466394037008,1e-06,0.5078616142272949,8.176129341125488
100,0.9994583129882812,0.002664777683094144,1e-06,0.5125786066055298,8.119538307189941
101,0.9994583129882812,0.0029025720432400703,1e-06,0.5078616142272949,8.06257152557373
102,0.998374879360199,0.0072875493206083775,1e-06,0.5094339847564697,8.022751808166504
103,0.9994583129882812,0.0018726750276982784,1e-06,0.5078616142272949,8.065486907958984
104,0.9994583129882812,0.002992450026795268,1e-06,0.5078616142272949,8.088055610656738
105,0.9972914457321167,0.01519274152815342,1e-06,0.5062893033027649,8.115138053894043
106,0.9994583129882812,0.0028069326654076576,1e-06,0.5078616142272949,8.10334300994873
107,0.9989165663719177,0.0034031157847493887,1e-06,0.5062893033027649,8.094452857971191
108,0.9994583129882812,0.00482450146228075,1e-06,0.5047169923782349,8.087101936340332
109,0.998374879360199,0.0034156381152570248,1e-06,0.5062893033027649,8.119779586791992
110,1.0,0.0014450914459303021,1e-06,0.5062893033027649,8.092328071594238
