epoch,accuracy,loss,lr,val_accuracy,val_loss
0,0.7719393372535706,0.7112734913825989,0.001,0.5141509175300598,21.37630844116211
1,0.8689057230949402,0.3686610460281372,0.001,0.5141509175300598,22.894899368286133
2,0.8683640360832214,0.37337374687194824,0.001,0.5141509175300598,32.374542236328125
3,0.8981581926345825,0.3057795464992523,0.001,0.5141509175300598,25.24005699157715
4,0.9165763854980469,0.22177846729755402,0.001,0.5141509175300598,26.48623275756836
5,0.8938244581222534,0.3025687634944916,0.001,0.5141509175300598,28.249797821044922
6,0.9420368075370789,0.16591086983680725,0.001,0.5141509175300598,31.085508346557617
7,0.9523293375968933,0.14054961502552032,0.001,0.4088050425052643,11.608075141906738
8,0.9539545178413391,0.1318189948797226,0.001,0.5141509175300598,19.449939727783203
9,0.9544962048530579,0.11546290665864944,0.001,0.3836477994918823,16.455474853515625
10,0.9577465057373047,0.12114784866571426,0.001,0.5141509175300598,31.592374801635742
11,0.93553626537323,0.19206149876117706,0.001,0.3820754587650299,2.1203999519348145
12,0.9734561443328857,0.08010049909353256,0.001,0.5157232880592346,7.333949089050293
13,0.9869989156723022,0.046473633497953415,0.001,0.39937105774879456,5.905804634094238
14,0.9750812649726868,0.07076949626207352,0.001,0.49685534834861755,16.1165771484375
15,0.9707475900650024,0.09087099134922028,0.001,0.5581761002540588,6.259733200073242
16,0.9707475900650024,0.09019981324672699,0.001,0.48899370431900024,14.55613899230957
17,0.9653304219245911,0.10064097493886948,0.001,0.2845911979675293,12.107250213623047
18,0.9739978313446045,0.08522456139326096,0.001,0.4150943458080292,3.5580506324768066
19,0.9729143977165222,0.07147529721260071,0.001,0.3836477994918823,7.317687034606934
20,0.9821234941482544,0.054085418581962585,0.001,0.43553459644317627,5.531277179718018
21,0.9837486743927002,0.06100638583302498,0.001,0.35062894225120544,6.162458896636963
22,0.9832069277763367,0.05532637983560562,0.0003,0.3977987468242645,4.567666530609131
23,0.9848320484161377,0.03902781754732132,0.0003,0.44025155901908875,4.1183576583862305
24,0.9972914457321167,0.012106147594749928,0.0003,0.5125786066055298,4.7728962898254395
25,0.9951245784759521,0.014124767854809761,0.0003,0.5393081903457642,6.922456741333008
26,0.9940411448478699,0.016549084335565567,0.0003,0.5141509175300598,7.090195178985596
27,0.9907909035682678,0.02790812961757183,0.0003,0.34276729822158813,10.409632682800293
28,0.996749758720398,0.015529284253716469,0.0003,0.5345911979675293,9.741678237915039
29,0.996749758720398,0.009477994404733181,0.0003,0.5377358198165894,10.141088485717773
30,0.9918743371963501,0.02286401204764843,0.0003,0.5361635088920593,4.572623252868652
31,0.9972914457321167,0.008805896155536175,0.0003,0.544025182723999,5.274127960205078
32,0.9956663250923157,0.014984949491918087,9e-05,0.5283018946647644,5.405853271484375
33,0.9978331327438354,0.007655124180018902,9e-05,0.544025182723999,6.0218000411987305
34,0.998374879360199,0.007184735033661127,9e-05,0.544025182723999,8.663300514221191
35,0.9978331327438354,0.011441183276474476,9e-05,0.544025182723999,8.160733222961426
36,0.998374879360199,0.004945982713252306,9e-05,0.5361635088920593,7.881924152374268
37,0.9978331327438354,0.008207760751247406,9e-05,0.5393081903457642,6.550337314605713
38,0.998374879360199,0.005409001838415861,9e-05,0.5094339847564697,6.7208251953125
39,0.998374879360199,0.006739487871527672,9e-05,0.5330188870429993,8.055073738098145
40,1.0,0.0021018858533352613,9e-05,0.5345911979675293,7.285775661468506
41,0.9962080121040344,0.013871375471353531,9e-05,0.5361635088920593,7.208509922027588
42,0.9978331327438354,0.005702848080545664,2.7e-05,0.5361635088920593,7.462490558624268
43,0.996749758720398,0.01219792477786541,2.7e-05,0.5345911979675293,7.516204833984375
44,0.996749758720398,0.010708894580602646,2.7e-05,0.5393081903457642,7.9115166664123535
45,0.9978331327438354,0.006081361323595047,2.7e-05,0.5361635088920593,7.623723030090332
46,0.9989165663719177,0.004183510318398476,2.7e-05,0.5361635088920593,7.262863636016846
47,0.998374879360199,0.0056406487710773945,2.7e-05,0.5361635088920593,7.426975727081299
48,0.9989165663719177,0.005660580936819315,2.7e-05,0.5361635088920593,7.385702133178711
49,0.996749758720398,0.006754761096090078,2.7e-05,0.5361635088920593,7.549612522125244
50,1.0,0.0019020724575966597,2.7e-05,0.5361635088920593,7.557898044586182
51,0.9989165663719177,0.0034522884525358677,2.7e-05,0.5361635088920593,7.623560428619385
52,0.998374879360199,0.005669277627021074,8.1e-06,0.5361635088920593,8.058183670043945
53,0.9978331327438354,0.0061645242385566235,8.1e-06,0.5377358198165894,8.120377540588379
54,0.9978331327438354,0.00865380559116602,8.1e-06,0.5361635088920593,7.966654300689697
55,0.9978331327438354,0.006304536946117878,8.1e-06,0.5361635088920593,7.570586681365967
56,0.9972914457321167,0.00984195712953806,8.1e-06,0.5377358198165894,7.781076431274414
57,0.9994583129882812,0.002134660491719842,8.1e-06,0.5361635088920593,7.823779582977295
58,0.998374879360199,0.00590217811986804,8.1e-06,0.5361635088920593,7.638454437255859
59,0.9989165663719177,0.004414173308759928,8.1e-06,0.5361635088920593,7.687618255615234
60,0.9989165663719177,0.002907667076215148,8.1e-06,0.5361635088920593,7.660057067871094
61,0.9994583129882812,0.003707831259816885,8.1e-06,0.5361635088920593,7.768553256988525
62,0.9994583129882812,0.003367598634213209,2.43e-06,0.5361635088920593,7.857454776763916
63,0.998374879360199,0.005437635816633701,2.43e-06,0.5361635088920593,7.8386359214782715
64,0.9989165663719177,0.0035571223124861717,2.43e-06,0.5361635088920593,7.834825038909912
65,0.9989165663719177,0.003363280789926648,2.43e-06,0.5361635088920593,7.85514497756958
66,0.998374879360199,0.005815807729959488,2.43e-06,0.5361635088920593,7.832484245300293
67,0.9972914457321167,0.009539122693240643,2.43e-06,0.5361635088920593,7.862165927886963
68,0.9994583129882812,0.0032056383788585663,2.43e-06,0.5361635088920593,7.890707015991211
69,0.996749758720398,0.00844627432525158,2.43e-06,0.5361635088920593,7.955697536468506
70,1.0,0.001764944288879633,2.43e-06,0.5361635088920593,7.891790390014648
71,0.9989165663719177,0.0032004222739487886,2.43e-06,0.5361635088920593,7.9022698402404785
72,0.9978331327438354,0.004728333093225956,1e-06,0.5361635088920593,7.858917236328125
73,0.9989165663719177,0.007874312810599804,1e-06,0.5361635088920593,7.836881637573242
74,0.9989165663719177,0.005776291713118553,1e-06,0.5361635088920593,7.936984062194824
75,0.998374879360199,0.00370803358964622,1e-06,0.5361635088920593,7.920602321624756
76,0.9994583129882812,0.0017399083590134978,1e-06,0.5361635088920593,7.914057731628418
77,1.0,0.0021963808685541153,1e-06,0.5361635088920593,7.945466041564941
78,0.9994583129882812,0.0033558555878698826,1e-06,0.5361635088920593,7.908674716949463
79,1.0,0.00210897671058774,1e-06,0.5361635088920593,7.944517135620117
80,0.998374879360199,0.007336191367357969,1e-06,0.5361635088920593,7.9710917472839355
81,0.9989165663719177,0.004980434663593769,1e-06,0.5361635088920593,7.996672630310059
82,0.998374879360199,0.007671251893043518,1e-06,0.5361635088920593,8.03385066986084
83,0.998374879360199,0.003947407938539982,1e-06,0.5361635088920593,8.07965087890625
84,0.9994583129882812,0.0031334147788584232,1e-06,0.5361635088920593,8.133671760559082
85,1.0,0.0019524333765730262,1e-06,0.5361635088920593,8.120247840881348
86,0.9978331327438354,0.004445841535925865,1e-06,0.5361635088920593,8.087199211120605
87,0.9994583129882812,0.0023577145766466856,1e-06,0.5361635088920593,8.111390113830566
88,0.9994583129882812,0.0035984544083476067,1e-06,0.5361635088920593,8.11072063446045
89,0.9978331327438354,0.008604527451097965,1e-06,0.5361635088920593,8.108638763427734
90,0.9994583129882812,0.0020121894776821136,1e-06,0.5361635088920593,8.14055347442627
91,0.9994583129882812,0.0026053818874061108,1e-06,0.5361635088920593,8.152932167053223
92,0.9989165663719177,0.0030815545469522476,1e-06,0.5361635088920593,8.134637832641602
93,0.9989165663719177,0.002586094196885824,1e-06,0.5361635088920593,8.158658981323242
94,0.9994583129882812,0.0026538746897131205,1e-06,0.5361635088920593,8.122926712036133
95,0.9994583129882812,0.0021777853835374117,1e-06,0.5361635088920593,8.097489356994629
96,0.9989165663719177,0.0038184879813343287,1e-06,0.5361635088920593,8.140626907348633
97,1.0,0.0020193648524582386,1e-06,0.5361635088920593,8.111113548278809
98,0.9989165663719177,0.006275718100368977,1e-06,0.5361635088920593,8.102982521057129
99,0.9994583129882812,0.0021931373048573732,1e-06,0.5361635088920593,8.064139366149902
100,0.9994583129882812,0.0029736480209976435,1e-06,0.5361635088920593,8.125833511352539
101,0.9972914457321167,0.008517639711499214,1e-06,0.5361635088920593,8.135335922241211
102,0.9972914457321167,0.010873517021536827,1e-06,0.5361635088920593,8.066131591796875
103,1.0,0.0019570509903132915,1e-06,0.5361635088920593,8.063458442687988
104,0.998374879360199,0.00746460584923625,1e-06,0.5361635088920593,8.086374282836914
105,1.0,0.0018235261086374521,1e-06,0.5361635088920593,8.108455657958984
106,0.998374879360199,0.004300866741687059,1e-06,0.5361635088920593,8.078383445739746
107,0.9994583129882812,0.0020279958844184875,1e-06,0.5361635088920593,8.09165096282959
108,0.9994583129882812,0.0021853705402463675,1e-06,0.5361635088920593,8.099969863891602
109,0.9989165663719177,0.0031114660669118166,1e-06,0.5361635088920593,8.112802505493164
110,0.9978331327438354,0.007726660463958979,1e-06,0.5361635088920593,8.14058780670166
111,0.9989165663719177,0.004324073903262615,1e-06,0.5361635088920593,8.174341201782227
