epoch,accuracy,loss,lr,val_accuracy,val_loss
0,0.7888074517250061,0.44034725427627563,0.001,0.8494623899459839,0.5911819934844971
1,0.9513657689094543,0.13907311856746674,0.001,0.8655914068222046,0.5303370356559753
2,0.9680213332176208,0.08122450113296509,0.001,0.9318996667861938,0.20400774478912354
3,0.9700199961662292,0.07963527739048004,0.001,0.8817204236984253,0.46654945611953735
4,0.9893404245376587,0.03812452778220177,0.001,0.9050179123878479,0.4188970923423767
5,0.9726848602294922,0.09731826186180115,0.001,0.8960573673248291,0.3256910443305969
6,0.9626915454864502,0.11001388728618622,0.001,0.8870967626571655,0.39653363823890686
7,0.982678234577179,0.047749925404787064,0.001,0.9014337062835693,0.41341495513916016
8,0.9853430986404419,0.050671521574258804,0.001,0.8924731016159058,0.5075867176055908
9,0.9893404245376587,0.03519805893301964,0.001,0.9032257795333862,0.4982347786426544
10,0.990006685256958,0.031242510303854942,0.001,0.9032257795333862,0.5320430994033813
11,0.9886742234230042,0.04075544327497482,0.001,0.9032257795333862,0.3786405920982361
12,0.9940040111541748,0.026721663773059845,0.001,0.8924731016159058,0.6270435452461243
13,0.9946702122688293,0.01897190324962139,0.0003,0.8996415734291077,0.5687139630317688
14,0.9980013370513916,0.018007760867476463,0.0003,0.9103942513465881,0.549858033657074
15,0.9966688752174377,0.017518391832709312,0.0003,0.8942652344703674,0.5758163332939148
16,0.9973351359367371,0.015499074012041092,0.0003,0.8870967626571655,0.8590297102928162
17,0.9966688752174377,0.01655483804643154,0.0003,0.9032257795333862,0.6350509524345398
18,0.9966688752174377,0.017312629148364067,0.0003,0.9193548560142517,0.5061145424842834
19,0.9980013370513916,0.015345009043812752,0.0003,0.8996415734291077,0.6085721254348755
20,0.9980013370513916,0.013168266043066978,0.0003,0.9050179123878479,0.7504587769508362
21,0.9966688752174377,0.016214244067668915,0.0003,0.9032257795333862,0.7335638999938965
22,0.9966688752174377,0.011407727375626564,0.0003,0.897849440574646,0.7401944994926453
23,0.9980013370513916,0.011495291255414486,9e-05,0.8906810283660889,0.7367895841598511
24,0.9980013370513916,0.010052773170173168,9e-05,0.8870967626571655,0.8345140814781189
25,0.9973351359367371,0.010875213891267776,9e-05,0.8906810283660889,0.9386659860610962
26,0.9980013370513916,0.00836234912276268,9e-05,0.8853046298027039,1.0348072052001953
27,0.9986675381660461,0.007546264212578535,9e-05,0.8727598786354065,1.1248589754104614
28,0.9980013370513916,0.008501573465764523,9e-05,0.8781362175941467,0.9159935712814331
29,0.9980013370513916,0.006583912298083305,9e-05,0.8853046298027039,1.1593306064605713
30,0.9973351359367371,0.009718583896756172,9e-05,0.883512556552887,1.1869813203811646
31,0.9980013370513916,0.00837024301290512,9e-05,0.8996415734291077,0.8603155612945557
32,0.9973351359367371,0.008157546631991863,9e-05,0.8853046298027039,1.1748889684677124
33,0.9980013370513916,0.008783025667071342,2.7e-05,0.8799282908439636,1.0397430658340454
34,0.9986675381660461,0.004654746036976576,2.7e-05,0.8817204236984253,1.0500484704971313
35,0.9980013370513916,0.00443153316155076,2.7e-05,0.8817204236984253,1.1268811225891113
36,0.9986675381660461,0.004330637399107218,2.7e-05,0.8781362175941467,1.1517820358276367
37,0.9986675381660461,0.004504918120801449,2.7e-05,0.8781362175941467,1.1859407424926758
38,0.9980013370513916,0.004649570677429438,2.7e-05,0.8781362175941467,1.195358157157898
39,0.9986675381660461,0.003905678866431117,2.7e-05,0.8781362175941467,1.2138340473175049
40,0.9986675381660461,0.0038978257216513157,2.7e-05,0.8763440847396851,1.2078745365142822
41,0.9986675381660461,0.004229631274938583,2.7e-05,0.8799282908439636,1.2362488508224487
42,0.9980013370513916,0.005253547336906195,2.7e-05,0.8781362175941467,1.2022721767425537
43,0.9986675381660461,0.0034498285967856646,8.1e-06,0.8781362175941467,1.2070668935775757
44,0.9993337988853455,0.003244023537263274,8.1e-06,0.8781362175941467,1.21432626247406
45,0.9993337988853455,0.004042700864374638,8.1e-06,0.8781362175941467,1.2182321548461914
46,0.9993337988853455,0.004017854109406471,8.1e-06,0.8763440847396851,1.221563458442688
47,0.9993337988853455,0.0031815492548048496,8.1e-06,0.8781362175941467,1.2271003723144531
48,0.9993337988853455,0.0032253628596663475,8.1e-06,0.8781362175941467,1.2304658889770508
49,0.9993337988853455,0.004281827248632908,8.1e-06,0.8781362175941467,1.2320783138275146
50,0.9993337988853455,0.003260372905060649,8.1e-06,0.8781362175941467,1.239030361175537
51,0.9993337988853455,0.003454935271292925,8.1e-06,0.8781362175941467,1.2435873746871948
52,0.9993337988853455,0.0028031454421579838,8.1e-06,0.8781362175941467,1.2439632415771484
53,0.9993337988853455,0.002850476885214448,2.43e-06,0.8781362175941467,1.2443687915802002
54,0.9993337988853455,0.0035031151492148638,2.43e-06,0.8781362175941467,1.2437403202056885
55,0.9993337988853455,0.002651761518791318,2.43e-06,0.8781362175941467,1.2464975118637085
56,0.9993337988853455,0.003220717888325453,2.43e-06,0.8781362175941467,1.247405767440796
57,0.9993337988853455,0.0032324758358299732,2.43e-06,0.8781362175941467,1.2481579780578613
58,0.9993337988853455,0.00340737565420568,2.43e-06,0.8781362175941467,1.2499045133590698
59,0.9993337988853455,0.0038228174671530724,2.43e-06,0.8781362175941467,1.2492469549179077
60,0.9993337988853455,0.003846498904749751,2.43e-06,0.8799282908439636,1.248830795288086
61,0.9993337988853455,0.0030887087341398,2.43e-06,0.8781362175941467,1.2499769926071167
62,0.9993337988853455,0.003326710779219866,2.43e-06,0.8781362175941467,1.2502470016479492
63,0.9993337988853455,0.0032528473529964685,1e-06,0.8781362175941467,1.250689148902893
64,0.9993337988853455,0.003709738841280341,1e-06,0.8781362175941467,1.2506967782974243
65,0.9993337988853455,0.003590208711102605,1e-06,0.8781362175941467,1.2518900632858276
66,0.9993337988853455,0.0027301411610096693,1e-06,0.8781362175941467,1.2525981664657593
67,0.9993337988853455,0.0025784261524677277,1e-06,0.8799282908439636,1.252359390258789
68,0.9993337988853455,0.003391173668205738,1e-06,0.8799282908439636,1.25232994556427
69,0.9993337988853455,0.0036002262495458126,1e-06,0.8799282908439636,1.2528955936431885
70,0.9993337988853455,0.0030831049662083387,1e-06,0.8799282908439636,1.25374436378479
71,0.9993337988853455,0.003847916144877672,1e-06,0.8781362175941467,1.2535854578018188
72,0.9993337988853455,0.002844545291736722,1e-06,0.8799282908439636,1.253960132598877
73,0.9993337988853455,0.0036358030047267675,1e-06,0.8799282908439636,1.2539652585983276
74,0.9993337988853455,0.0028090619016438723,1e-06,0.8799282908439636,1.2542024850845337
75,0.9993337988853455,0.0038913304451853037,1e-06,0.8799282908439636,1.2542697191238403
76,0.9993337988853455,0.0030968531500548124,1e-06,0.8799282908439636,1.2556809186935425
77,0.9993337988853455,0.003498381469398737,1e-06,0.8799282908439636,1.255366563796997
78,0.9993337988853455,0.003090520156547427,1e-06,0.8799282908439636,1.2554330825805664
79,0.9993337988853455,0.003273764858022332,1e-06,0.8799282908439636,1.2555899620056152
80,0.9993337988853455,0.0033873124048113823,1e-06,0.8781362175941467,1.2561018466949463
81,0.9993337988853455,0.002968362532556057,1e-06,0.8781362175941467,1.256563425064087
82,0.9993337988853455,0.0038109365850687027,1e-06,0.8781362175941467,1.2567578554153442
83,0.9993337988853455,0.0031143061351031065,1e-06,0.8781362175941467,1.2573859691619873
84,0.9993337988853455,0.003964788746088743,1e-06,0.8781362175941467,1.2584747076034546
85,0.9993337988853455,0.003346116980537772,1e-06,0.8781362175941467,1.2587990760803223
86,0.9993337988853455,0.002597241196781397,1e-06,0.8781362175941467,1.2591208219528198
87,0.9993337988853455,0.0028820170555263758,1e-06,0.8781362175941467,1.2618834972381592
88,0.9993337988853455,0.0035896082408726215,1e-06,0.8781362175941467,1.2625823020935059
89,0.9993337988853455,0.003470009658485651,1e-06,0.8781362175941467,1.2627794742584229
90,0.9993337988853455,0.0029164294246584177,1e-06,0.8781362175941467,1.2634806632995605
91,0.9993337988853455,0.0036360544618219137,1e-06,0.8781362175941467,1.2633912563323975
92,0.9993337988853455,0.0030419116374105215,1e-06,0.8781362175941467,1.2638280391693115
93,0.9993337988853455,0.0029246481135487556,1e-06,0.8781362175941467,1.2644315958023071
94,0.9993337988853455,0.003527993569150567,1e-06,0.8781362175941467,1.2652137279510498
95,0.9993337988853455,0.003110604826360941,1e-06,0.8781362175941467,1.2654948234558105
96,0.9993337988853455,0.003240681253373623,1e-06,0.8781362175941467,1.265920639038086
97,0.9993337988853455,0.0026838285848498344,1e-06,0.8799282908439636,1.2661384344100952
98,0.9993337988853455,0.0023356773890554905,1e-06,0.8781362175941467,1.2675707340240479
99,0.9993337988853455,0.0028382132295519114,1e-06,0.8781362175941467,1.2688522338867188
100,0.9993337988853455,0.003095549065619707,1e-06,0.8781362175941467,1.2689385414123535
101,0.9993337988853455,0.0030931478831917048,1e-06,0.8799282908439636,1.269287347793579
102,0.9993337988853455,0.0032454226166009903,1e-06,0.8799282908439636,1.2692220211029053
