epoch,accuracy,loss,lr,val_accuracy,val_loss
0,0.8381079435348511,0.38371121883392334,0.001,0.8369175791740417,0.5434665083885193
1,0.9680213332176208,0.09317822754383087,0.001,0.698924720287323,0.41277191042900085
2,0.9700199961662292,0.1291828155517578,0.001,0.8602150678634644,0.5847632884979248
3,0.9626915454864502,0.11495683342218399,0.001,0.7634408473968506,0.6170784831047058
4,0.9367088675498962,0.13567820191383362,0.001,0.8888888955116272,0.4309577941894531
5,0.9760159850120544,0.07166299968957901,0.001,0.8799282908439636,0.39445334672927856
6,0.9793471097946167,0.05444278568029404,0.001,0.9301075339317322,0.35221198201179504
7,0.984010636806488,0.046401966363191605,0.001,0.9157705903053284,0.2863149344921112
8,0.9873417615890503,0.038422584533691406,0.001,0.9283154010772705,0.39364859461784363
9,0.990006685256958,0.03427308425307274,0.001,0.9301075339317322,0.3298431932926178
10,0.9886742234230042,0.03432336077094078,0.001,0.9211469292640686,0.467894971370697
11,0.9886742234230042,0.03822493553161621,0.001,0.9193548560142517,0.3825364410877228
12,0.9933377504348755,0.027409547939896584,0.001,0.9211469292640686,0.36500316858291626
13,0.9906728863716125,0.030390674248337746,0.001,0.8781362175941467,0.6291625499725342
14,0.9806795716285706,0.05532310903072357,0.001,0.9086021780967712,0.3663104772567749
15,0.9953364133834839,0.025398246943950653,0.001,0.91756272315979,0.44852206110954285
16,0.9946702122688293,0.021580783650279045,0.001,0.9229390621185303,0.42409664392471313
17,0.9933377504348755,0.02788282185792923,0.001,0.8996415734291077,0.5139808058738708
18,0.9940040111541748,0.021594597026705742,0.0003,0.91756272315979,0.4974672198295593
19,0.9980013370513916,0.01527844462543726,0.0003,0.91756272315979,0.512130856513977
20,0.9973351359367371,0.01533421128988266,0.0003,0.91756272315979,0.5030068159103394
21,0.9966688752174377,0.014886859804391861,0.0003,0.9193548560142517,0.4865911304950714
22,0.9966688752174377,0.01651436649262905,0.0003,0.8924731016159058,0.5926370024681091
23,0.9966688752174377,0.014009915292263031,0.0003,0.9050179123878479,0.49184152483940125
24,0.9973351359367371,0.015149462968111038,0.0003,0.9193548560142517,0.4972231686115265
25,0.9980013370513916,0.013327892869710922,0.0003,0.91756272315979,0.5404440760612488
26,0.9973351359367371,0.01399924885481596,0.0003,0.91756272315979,0.5353967547416687
27,0.9980013370513916,0.011794786900281906,0.0003,0.8924731016159058,0.6941138505935669
28,0.9973351359367371,0.012409144081175327,9e-05,0.9086021780967712,0.557181179523468
29,0.9980013370513916,0.010814161039888859,9e-05,0.8996415734291077,0.6337329745292664
30,0.9980013370513916,0.008692748844623566,9e-05,0.8924731016159058,0.8722087144851685
31,0.9973351359367371,0.013753538019955158,9e-05,0.9014337062835693,0.6295232772827148
32,0.9973351359367371,0.012196138501167297,9e-05,0.9211469292640686,0.5420511960983276
33,0.9980013370513916,0.010522933676838875,9e-05,0.8924731016159058,0.7080854773521423
34,0.9973351359367371,0.012764953076839447,9e-05,0.9086021780967712,0.5890843868255615
35,0.9973351359367371,0.010201320983469486,9e-05,0.8924731016159058,0.7099906802177429
36,0.9973351359367371,0.009761878289282322,9e-05,0.8924731016159058,0.7465474009513855
37,0.9980013370513916,0.0072061289101839066,9e-05,0.9157705903053284,0.5725612640380859
38,0.9980013370513916,0.011101958341896534,2.7e-05,0.8996415734291077,0.6623973846435547
39,0.9980013370513916,0.008554838597774506,2.7e-05,0.8924731016159058,0.765597403049469
40,0.9980013370513916,0.007935913279652596,2.7e-05,0.8924731016159058,0.8226976990699768
41,0.9973351359367371,0.0081105912104249,2.7e-05,0.8924731016159058,0.7691073417663574
42,0.9973351359367371,0.008545562624931335,2.7e-05,0.8924731016159058,0.7886367440223694
43,0.9980013370513916,0.006829006597399712,2.7e-05,0.8924731016159058,0.8510181903839111
44,0.9966688752174377,0.009974083863198757,2.7e-05,0.8924731016159058,0.8204554915428162
45,0.9980013370513916,0.006955749820917845,2.7e-05,0.8924731016159058,0.8281786441802979
46,0.9980013370513916,0.0061836750246584415,2.7e-05,0.8924731016159058,0.9139016270637512
47,0.9966688752174377,0.008747003972530365,2.7e-05,0.8924731016159058,0.7963841557502747
48,0.9980013370513916,0.006821576505899429,8.1e-06,0.8924731016159058,0.7941805124282837
49,0.9993337988853455,0.005870089866220951,8.1e-06,0.8924731016159058,0.8371852040290833
50,0.9986675381660461,0.006077724043279886,8.1e-06,0.8924731016159058,0.8526411652565002
51,0.9993337988853455,0.006231049541383982,8.1e-06,0.8924731016159058,0.8484517335891724
52,0.9986675381660461,0.006524795200675726,8.1e-06,0.8924731016159058,0.8771393895149231
53,0.9993337988853455,0.006607217248529196,8.1e-06,0.8924731016159058,0.8730069994926453
54,0.9993337988853455,0.005637031514197588,8.1e-06,0.8924731016159058,0.8495349884033203
55,0.9993337988853455,0.00646826159209013,8.1e-06,0.8924731016159058,0.8647276163101196
56,0.9993337988853455,0.005978523287922144,8.1e-06,0.8924731016159058,0.8682224750518799
57,0.9993337988853455,0.005783653352409601,8.1e-06,0.8924731016159058,0.8920982480049133
58,0.9986675381660461,0.005691998638212681,2.43e-06,0.8924731016159058,0.9068834185600281
59,0.9993337988853455,0.005642102565616369,2.43e-06,0.8924731016159058,0.8898798823356628
60,0.9993337988853455,0.005002619232982397,2.43e-06,0.8924731016159058,0.8924078941345215
61,0.9993337988853455,0.005401576869189739,2.43e-06,0.8924731016159058,0.8814963698387146
62,0.9993337988853455,0.005491575691848993,2.43e-06,0.8924731016159058,0.8760412335395813
63,0.9993337988853455,0.005715753883123398,2.43e-06,0.8924731016159058,0.8811706304550171
64,0.9993337988853455,0.006255289074033499,2.43e-06,0.8924731016159058,0.8822682499885559
65,0.9993337988853455,0.006571248639374971,2.43e-06,0.8924731016159058,0.8847212195396423
66,0.9986675381660461,0.00548932608217001,2.43e-06,0.8924731016159058,0.877643346786499
67,0.9993337988853455,0.005508276633918285,2.43e-06,0.8924731016159058,0.8812465667724609
68,0.9986675381660461,0.006198276299983263,1e-06,0.8924731016159058,0.8828177452087402
69,0.9993337988853455,0.005798362661153078,1e-06,0.8924731016159058,0.8856789469718933
70,0.9993337988853455,0.005765472538769245,1e-06,0.8924731016159058,0.8837621808052063
71,0.9993337988853455,0.005328654777258635,1e-06,0.8924731016159058,0.8874044418334961
72,0.9993337988853455,0.006391025148332119,1e-06,0.8924731016159058,0.8869591951370239
73,0.9993337988853455,0.0054795690812170506,1e-06,0.8924731016159058,0.8894798755645752
74,0.9993337988853455,0.006092769093811512,1e-06,0.8924731016159058,0.8858510851860046
75,0.9993337988853455,0.005931148771196604,1e-06,0.8924731016159058,0.8875258564949036
76,0.9993337988853455,0.005735308863222599,1e-06,0.8924731016159058,0.8861228823661804
77,0.9993337988853455,0.006136332638561726,1e-06,0.8924731016159058,0.8819459676742554
78,0.9993337988853455,0.00537785142660141,1e-06,0.8924731016159058,0.8894517421722412
79,0.9993337988853455,0.006110730580985546,1e-06,0.8924731016159058,0.8889460563659668
80,0.9993337988853455,0.00512434309348464,1e-06,0.8924731016159058,0.8892049789428711
81,0.9993337988853455,0.005416429601609707,1e-06,0.8924731016159058,0.8887268900871277
82,0.9986675381660461,0.005805629771202803,1e-06,0.8924731016159058,0.8906996846199036
83,0.9993337988853455,0.005094778258353472,1e-06,0.8924731016159058,0.8916251063346863
84,0.9993337988853455,0.004856874700635672,1e-06,0.8924731016159058,0.8905478715896606
85,0.9993337988853455,0.005554733332246542,1e-06,0.8924731016159058,0.8919714689254761
86,0.9993337988853455,0.00560451066121459,1e-06,0.8924731016159058,0.8894274830818176
87,0.9993337988853455,0.005036820657551289,1e-06,0.8924731016159058,0.8887554407119751
88,0.9993337988853455,0.006012321449816227,1e-06,0.8924731016159058,0.8917678594589233
89,0.9993337988853455,0.005455139093101025,1e-06,0.8924731016159058,0.8957409858703613
90,0.9993337988853455,0.0060554854571819305,1e-06,0.8924731016159058,0.8927896022796631
91,0.9993337988853455,0.006530707236379385,1e-06,0.8924731016159058,0.8930405378341675
92,0.9993337988853455,0.005506217014044523,1e-06,0.8924731016159058,0.8925286531448364
93,0.9993337988853455,0.004964413121342659,1e-06,0.8924731016159058,0.8899415731430054
94,0.9993337988853455,0.005625672172755003,1e-06,0.8924731016159058,0.8918682932853699
95,0.9993337988853455,0.005319481715559959,1e-06,0.8924731016159058,0.8963947892189026
96,0.9993337988853455,0.005836396478116512,1e-06,0.8924731016159058,0.8949495553970337
97,0.9993337988853455,0.005189918447285891,1e-06,0.8924731016159058,0.8940519094467163
98,0.9993337988853455,0.005792092997580767,1e-06,0.8924731016159058,0.893621027469635
99,0.9993337988853455,0.005771565716713667,1e-06,0.8924731016159058,0.8937898874282837
100,0.9993337988853455,0.005284057464450598,1e-06,0.8924731016159058,0.8967394828796387
101,0.9993337988853455,0.0055613270960748196,1e-06,0.8924731016159058,0.8957578539848328
102,0.9986675381660461,0.006308689247816801,1e-06,0.8924731016159058,0.8986820578575134
103,0.9993337988853455,0.0050910888239741325,1e-06,0.8924731016159058,0.8939864039421082
104,0.9986675381660461,0.006123872008174658,1e-06,0.8924731016159058,0.8922828435897827
105,0.9993337988853455,0.00543668307363987,1e-06,0.8924731016159058,0.9017302989959717
106,0.9993337988853455,0.005268475040793419,1e-06,0.8924731016159058,0.9022126793861389
107,0.9993337988853455,0.005534407217055559,1e-06,0.8924731016159058,0.9025335311889648
