epoch,accuracy,loss,lr,val_accuracy,val_loss
0,0.7648234367370605,0.5247819423675537,0.001,0.7831541299819946,1.2239713668823242
1,0.9646902084350586,0.12824279069900513,0.001,0.8602150678634644,0.519604504108429
2,0.9693537354469299,0.08127863705158234,0.001,0.8315412402153015,0.4744125008583069
3,0.9746835231781006,0.06543245911598206,0.001,0.9014337062835693,0.374472439289093
4,0.9846768975257874,0.04269232973456383,0.001,0.9014337062835693,0.3936154842376709
5,0.990006685256958,0.034723762422800064,0.001,0.91756272315979,0.39533913135528564
6,0.9913390874862671,0.03658289462327957,0.001,0.9068100452423096,0.3975805342197418
7,0.9880080223083496,0.0426747165620327,0.001,0.91756272315979,0.36633485555648804
8,0.9913390874862671,0.03019327111542225,0.001,0.9086021780967712,0.45818638801574707
9,0.9833444356918335,0.0514717698097229,0.001,0.8996415734291077,0.42144519090652466
10,0.9906728863716125,0.029343899339437485,0.001,0.9103942513465881,0.44173291325569153
11,0.992671549320221,0.025077812373638153,0.001,0.8996415734291077,0.5002415180206299
12,0.9933377504348755,0.025694703683257103,0.001,0.8853046298027039,0.8386001586914062
13,0.984010636806488,0.0576334185898304,0.001,0.9050179123878479,0.3380976915359497
14,0.9933377504348755,0.02538551390171051,0.001,0.8942652344703674,0.42329108715057373
15,0.9913390874862671,0.025289764627814293,0.001,0.897849440574646,0.4539438486099243
16,0.9853430986404419,0.04446388781070709,0.001,0.9086021780967712,0.3225470781326294
17,0.9933377504348755,0.028086675330996513,0.001,0.9139785170555115,0.5909153819084167
18,0.9953364133834839,0.022640058770775795,0.001,0.9050179123878479,0.4766233265399933
19,0.9960026741027832,0.020659709349274635,0.001,0.9014337062835693,0.4213516116142273
20,0.9966688752174377,0.017167769372463226,0.001,0.8924731016159058,0.5849936008453369
21,0.9893404245376587,0.03302191197872162,0.001,0.8817204236984253,0.6624719500541687
22,0.9953364133834839,0.021003132686018944,0.001,0.939068078994751,0.2915014326572418
23,0.9960026741027832,0.01753292977809906,0.001,0.8512544631958008,0.6959303617477417
24,0.9953364133834839,0.016595497727394104,0.001,0.9032257795333862,0.5728084444999695
25,0.9960026741027832,0.015539012849330902,0.001,0.8942652344703674,0.6297034621238708
26,0.9980013370513916,0.015324393287301064,0.001,0.9032257795333862,0.5962100028991699
27,0.9866755604743958,0.05917961895465851,0.001,0.9139785170555115,0.2790614068508148
28,0.9846768975257874,0.05405477434396744,0.001,0.8870967626571655,0.44607049226760864
29,0.9886742234230042,0.034420423209667206,0.001,0.9211469292640686,0.41317060589790344
30,0.9933377504348755,0.030421096831560135,0.001,0.8888888955116272,0.5161491632461548
31,0.9886742234230042,0.03776280954480171,0.001,0.8888888955116272,0.5169665813446045
32,0.9966688752174377,0.020721666514873505,0.001,0.9211469292640686,0.42874810099601746
33,0.9973351359367371,0.01717107743024826,0.001,0.8924731016159058,0.543547511100769
34,0.9933377504348755,0.02074521593749523,0.001,0.8655914068222046,0.7316804528236389
35,0.9953364133834839,0.01960192248225212,0.001,0.883512556552887,0.7280256748199463
36,0.9960026741027832,0.020447654649615288,0.001,0.9032257795333862,0.47734135389328003
37,0.9973351359367371,0.017314234748482704,0.001,0.9193548560142517,0.49565020203590393
38,0.9980013370513916,0.013093983754515648,0.0003,0.9014337062835693,0.5639835596084595
39,0.9973351359367371,0.01308457925915718,0.0003,0.9193548560142517,0.5413519740104675
40,0.9980013370513916,0.013021686114370823,0.0003,0.9157705903053284,0.5685971975326538
41,0.9980013370513916,0.011423793621361256,0.0003,0.91756272315979,0.5950068831443787
42,0.9980013370513916,0.010761103592813015,0.0003,0.883512556552887,0.772203803062439
43,0.9980013370513916,0.009450951591134071,0.0003,0.8853046298027039,0.858782172203064
44,0.9980013370513916,0.010395314544439316,0.0003,0.8870967626571655,0.7496682405471802
45,0.9973351359367371,0.007640325929969549,0.0003,0.9121863842010498,0.6391159892082214
46,0.9973351359367371,0.014711261726915836,0.0003,0.8888888955116272,0.6914138793945312
47,0.9966688752174377,0.010770543478429317,0.0003,0.9767025113105774,0.15900923311710358
48,0.9980013370513916,0.013266092166304588,0.0003,0.91756272315979,0.6167455315589905
49,0.9980013370513916,0.010796617716550827,0.0003,0.9157705903053284,0.6555710434913635
50,0.9980013370513916,0.011325710453093052,0.0003,0.9032257795333862,0.7050542831420898
51,0.9980013370513916,0.007887117564678192,0.0003,0.8817204236984253,0.9663752317428589
52,0.9986675381660461,0.00991111434996128,0.0003,0.8888888955116272,0.7932271957397461
53,0.9986675381660461,0.008103793486952782,0.0003,0.8888888955116272,0.8209246397018433
54,0.9980013370513916,0.007373007945716381,0.0003,0.9014337062835693,0.7871027588844299
55,0.9980013370513916,0.008677360601723194,0.0003,0.8853046298027039,0.9013530015945435
56,0.9986675381660461,0.00548643060028553,0.0003,0.8781362175941467,0.9951413869857788
57,0.9980013370513916,0.007395843509584665,0.0003,0.8817204236984253,1.1514986753463745
58,0.9966688752174377,0.013322707265615463,9e-05,0.9068100452423096,0.7614327669143677
59,0.9986675381660461,0.006147607229650021,9e-05,0.8870967626571655,0.9130325317382812
60,0.9993337988853455,0.004622282460331917,9e-05,0.8906810283660889,0.9128020405769348
61,0.9993337988853455,0.004723489284515381,9e-05,0.8870967626571655,0.9591491222381592
62,0.9993337988853455,0.004244988784193993,9e-05,0.8888888955116272,0.9634445309638977
63,0.9993337988853455,0.004249896388500929,9e-05,0.8870967626571655,0.9723812341690063
64,0.9993337988853455,0.004234033636748791,9e-05,0.8906810283660889,0.9474017024040222
65,0.9973351359367371,0.006906756665557623,9e-05,0.8906810283660889,0.9495505094528198
66,0.9986675381660461,0.007156511768698692,9e-05,0.8906810283660889,0.9021704792976379
67,0.9993337988853455,0.004394365940243006,9e-05,0.8853046298027039,1.0063695907592773
68,0.9993337988853455,0.0038147184532135725,2.7e-05,0.8870967626571655,0.9922409057617188
69,0.9993337988853455,0.003913850523531437,2.7e-05,0.8870967626571655,1.0052891969680786
70,0.9993337988853455,0.0038578740786761045,2.7e-05,0.8870967626571655,0.9996610283851624
71,0.9993337988853455,0.004071495495736599,2.7e-05,0.8870967626571655,1.0060967206954956
72,0.9993337988853455,0.003668925492092967,2.7e-05,0.8870967626571655,1.0157051086425781
73,0.9993337988853455,0.0034558880142867565,2.7e-05,0.8853046298027039,1.042859673500061
74,0.9993337988853455,0.004236765205860138,2.7e-05,0.8853046298027039,1.0380356311798096
75,0.9993337988853455,0.0038485187105834484,2.7e-05,0.8870967626571655,1.040065884590149
76,0.9993337988853455,0.0032588958274573088,2.7e-05,0.8870967626571655,1.0137243270874023
77,0.9993337988853455,0.003761105937883258,2.7e-05,0.8870967626571655,1.047847867012024
78,0.9993337988853455,0.0035139743704348803,8.1e-06,0.8853046298027039,1.0559133291244507
79,0.9993337988853455,0.0033363583497703075,8.1e-06,0.8853046298027039,1.0619267225265503
80,0.9993337988853455,0.003351448802277446,8.1e-06,0.8853046298027039,1.060474157333374
81,0.9993337988853455,0.0036451509222388268,8.1e-06,0.8853046298027039,1.0635942220687866
82,0.9993337988853455,0.003548834938555956,8.1e-06,0.8853046298027039,1.0625947713851929
83,0.9993337988853455,0.0031284464057534933,8.1e-06,0.8870967626571655,1.0578259229660034
84,0.9993337988853455,0.0030788409058004618,8.1e-06,0.8853046298027039,1.0623037815093994
85,0.9993337988853455,0.0036488862242549658,8.1e-06,0.8853046298027039,1.0659319162368774
86,0.9993337988853455,0.0030117142014205456,8.1e-06,0.8853046298027039,1.0710623264312744
87,0.9993337988853455,0.0034471864346414804,8.1e-06,0.8853046298027039,1.068260908126831
88,0.9993337988853455,0.003518191631883383,2.43e-06,0.8853046298027039,1.0666831731796265
89,0.9993337988853455,0.003295574802905321,2.43e-06,0.8853046298027039,1.0685843229293823
90,0.9993337988853455,0.003980897832661867,2.43e-06,0.8853046298027039,1.0709980726242065
91,0.9993337988853455,0.0034844460897147655,2.43e-06,0.8853046298027039,1.0709037780761719
92,0.9993337988853455,0.0035418691113591194,2.43e-06,0.8853046298027039,1.072332501411438
93,0.9993337988853455,0.003206354333087802,2.43e-06,0.8853046298027039,1.0724235773086548
94,0.9993337988853455,0.0034270496107637882,2.43e-06,0.8853046298027039,1.0751246213912964
95,0.9993337988853455,0.0033719127532094717,2.43e-06,0.8853046298027039,1.0771026611328125
96,0.9993337988853455,0.00353741436265409,2.43e-06,0.8853046298027039,1.0772560834884644
97,0.9993337988853455,0.003500451799482107,2.43e-06,0.8853046298027039,1.0766117572784424
98,0.9993337988853455,0.0029667895287275314,1e-06,0.8853046298027039,1.0772286653518677
99,0.9993337988853455,0.003674629842862487,1e-06,0.8853046298027039,1.0760301351547241
100,0.9993337988853455,0.0033383630216121674,1e-06,0.8853046298027039,1.0765280723571777
101,0.9993337988853455,0.003235952230170369,1e-06,0.8853046298027039,1.0768449306488037
102,0.9993337988853455,0.003586894366890192,1e-06,0.8853046298027039,1.077785849571228
103,0.9993337988853455,0.002702414058148861,1e-06,0.8853046298027039,1.0771739482879639
104,0.9993337988853455,0.003354694228619337,1e-06,0.8853046298027039,1.0776374340057373
105,0.9993337988853455,0.003835836658254266,1e-06,0.8853046298027039,1.07832932472229
106,0.9993337988853455,0.003037084126845002,1e-06,0.8853046298027039,1.0784012079238892
107,0.9993337988853455,0.0035187765024602413,1e-06,0.8853046298027039,1.079484462738037
108,0.9993337988853455,0.0029709981754422188,1e-06,0.8853046298027039,1.079047441482544
109,0.9993337988853455,0.0035889712162315845,1e-06,0.8853046298027039,1.0791170597076416
110,0.9993337988853455,0.0035128146409988403,1e-06,0.8853046298027039,1.0796418190002441
111,0.9993337988853455,0.003776655765250325,1e-06,0.8853046298027039,1.079514741897583
112,0.9993337988853455,0.0033607680816203356,1e-06,0.8853046298027039,1.0808621644973755
113,0.9993337988853455,0.0033214560244232416,1e-06,0.8853046298027039,1.0804142951965332
114,0.9993337988853455,0.0037725456058979034,1e-06,0.8853046298027039,1.0810539722442627
115,0.9993337988853455,0.0034181310329586267,1e-06,0.8853046298027039,1.0822181701660156
116,0.9993337988853455,0.0034153710585087538,1e-06,0.8853046298027039,1.0818105936050415
117,0.9993337988853455,0.0030433526262640953,1e-06,0.8853046298027039,1.0826001167297363
118,0.9993337988853455,0.003548807930201292,1e-06,0.8853046298027039,1.0819605588912964
119,0.9993337988853455,0.0032951850444078445,1e-06,0.8853046298027039,1.0805472135543823
120,0.9993337988853455,0.003250179812312126,1e-06,0.8853046298027039,1.0806893110275269
121,0.9993337988853455,0.00371299940161407,1e-06,0.8853046298027039,1.081655502319336
122,0.9993337988853455,0.003598634386435151,1e-06,0.8853046298027039,1.0808484554290771
123,0.9993337988853455,0.0030096438713371754,1e-06,0.8853046298027039,1.0810126066207886
124,0.9993337988853455,0.0034936158917844296,1e-06,0.8853046298027039,1.0822194814682007
125,0.9993337988853455,0.003815194359049201,1e-06,0.8853046298027039,1.0816830396652222
126,0.9993337988853455,0.0035087920259684324,1e-06,0.8853046298027039,1.0817954540252686
127,0.9993337988853455,0.0032162314746528864,1e-06,0.8853046298027039,1.0808128118515015
128,0.9993337988853455,0.0032340630423277617,1e-06,0.8853046298027039,1.0810192823410034
129,0.9993337988853455,0.0035268121864646673,1e-06,0.8853046298027039,1.0806845426559448
130,0.9993337988853455,0.003749190829694271,1e-06,0.8853046298027039,1.0829659700393677
131,0.9993337988853455,0.003435662016272545,1e-06,0.8853046298027039,1.08301842212677
132,0.9993337988853455,0.003195743774995208,1e-06,0.8853046298027039,1.0846333503723145
133,0.9993337988853455,0.003370271995663643,1e-06,0.8853046298027039,1.0848445892333984
134,0.9993337988853455,0.003360812785103917,1e-06,0.8853046298027039,1.082406759262085
135,0.9993337988853455,0.003250023815780878,1e-06,0.8853046298027039,1.0828239917755127
136,0.9993337988853455,0.0032854287419468164,1e-06,0.8853046298027039,1.08524751663208
137,0.9993337988853455,0.003760298015549779,1e-06,0.8853046298027039,1.0845836400985718
138,0.9993337988853455,0.003708495991304517,1e-06,0.8853046298027039,1.0834112167358398
139,0.9993337988853455,0.0031917893793433905,1e-06,0.8853046298027039,1.0846503973007202
140,0.9993337988853455,0.003012036671862006,1e-06,0.8853046298027039,1.0854697227478027
141,0.9993337988853455,0.0035255702678114176,1e-06,0.8853046298027039,1.0845412015914917
142,0.9993337988853455,0.0034757086541503668,1e-06,0.8853046298027039,1.0837578773498535
143,0.9993337988853455,0.0035278687719255686,1e-06,0.8853046298027039,1.083553433418274
144,0.9993337988853455,0.003346214070916176,1e-06,0.8870967626571655,1.083039402961731
145,0.9993337988853455,0.003117915475741029,1e-06,0.8870967626571655,1.0832847356796265
146,0.9993337988853455,0.0037121614441275597,1e-06,0.8853046298027039,1.0845153331756592
147,0.9993337988853455,0.0037275494541972876,1e-06,0.8870967626571655,1.0835710763931274
