epoch,accuracy,loss,lr,val_accuracy,val_loss
0,0.8574283719062805,1.4645888805389404,0.001,0.49462366104125977,306.6163024902344
1,0.9606928825378418,0.19549545645713806,0.001,0.5053763389587402,9.393472671508789
2,0.9726848602294922,0.0650869756937027,0.001,0.5053763389587402,7.584781646728516
3,0.974017322063446,0.07102850079536438,0.001,0.5053763389587402,9.184999465942383
4,0.9853430986404419,0.041321106255054474,0.001,0.5053763389587402,8.370307922363281
5,0.9933377504348755,0.024272730574011803,0.001,0.6612903475761414,3.9714853763580322
6,0.9913390874862671,0.05182824656367302,0.001,0.5232974886894226,10.340392112731934
7,0.8934044241905212,1.1851650476455688,0.001,0.49462366104125977,12182.52734375
8,0.9033977389335632,0.2516348659992218,0.001,0.5340501666069031,2255.815673828125
9,0.9367088675498962,0.14942143857479095,0.001,0.6146953701972961,26.992904663085938
10,0.9520319700241089,0.12486977875232697,0.001,0.7132616639137268,0.5746455788612366
11,0.9560292959213257,0.11594288051128387,0.001,0.8405017852783203,0.3233334422111511
12,0.976682186126709,0.06449536234140396,0.001,0.7365591526031494,0.4871369004249573
13,0.9753497838973999,0.05558537319302559,0.001,0.9032257795333862,0.20059821009635925
14,0.9780146479606628,0.0493590347468853,0.001,0.6559139490127563,0.9614916443824768
15,0.9833444356918335,0.04775325953960419,0.001,0.6756272315979004,0.6750234365463257
16,0.9846768975257874,0.04498804733157158,0.001,0.725806474685669,0.6517971754074097
17,0.9860092997550964,0.027224119752645493,0.001,0.6451612710952759,1.1499199867248535
18,0.992671549320221,0.022632557898759842,0.001,0.8172042965888977,0.49011099338531494
19,0.9893404245376587,0.02783086895942688,0.001,0.6344085931777954,1.0862191915512085
20,0.9966688752174377,0.021574385464191437,0.001,0.5035842061042786,1.5478752851486206
21,0.9920053482055664,0.01982828974723816,0.001,0.7939068078994751,0.7347540259361267
22,0.9873417615890503,0.03476525470614433,0.001,0.9767025113105774,0.06421858072280884
23,0.9920053482055664,0.02418784238398075,0.001,0.6971325874328613,1.1906704902648926
24,0.9800133109092712,0.058683089911937714,0.001,0.6505376100540161,1.4119462966918945
25,0.9986675381660461,0.005529378075152636,0.001,0.6935483813285828,1.3813138008117676
26,0.9993337988853455,0.0024793429765850306,0.001,0.7311828136444092,1.2230231761932373
27,0.9793471097946167,0.07972142100334167,0.001,0.7222222089767456,1.0834548473358154
28,0.9806795716285706,0.05083637312054634,0.001,0.8458781242370605,1.4637799263000488
29,0.9980013370513916,0.0071820165030658245,0.001,0.842293918132782,0.8252876400947571
30,0.9933377504348755,0.024917129427194595,0.001,0.7956989407539368,0.5482407808303833
31,0.9966688752174377,0.009191744029521942,0.001,0.8207885026931763,0.5287831425666809
32,0.9946702122688293,0.013823527842760086,0.001,0.7724014520645142,0.8180267810821533
33,0.9966688752174377,0.014429399743676186,0.0003,0.6774193644523621,1.1752971410751343
34,0.9986675381660461,0.004111511632800102,0.0003,0.6827957034111023,1.290191650390625
35,0.9986675381660461,0.003420433262363076,0.0003,0.7365591526031494,1.0450807809829712
36,1.0,0.001339905895292759,0.0003,0.740143358707428,1.032188057899475
37,0.9993337988853455,0.0029695238918066025,0.0003,0.7867383360862732,0.7745828032493591
38,0.9993337988853455,0.00449201837182045,0.0003,0.774193525314331,0.9448131918907166
39,1.0,0.0005627976497635245,0.0003,0.7724014520645142,0.9503904581069946
40,0.9986675381660461,0.0034805641043931246,0.0003,0.8082437515258789,0.7335624694824219
41,0.9960026741027832,0.011748877353966236,0.0003,0.7670251131057739,1.023905634880066
42,1.0,0.0019127990817651153,0.0003,0.7759856581687927,0.9625335931777954
43,0.9993337988853455,0.002328848000615835,9e-05,0.7921146750450134,0.8678051233291626
44,1.0,0.0005044291028752923,9e-05,0.7724014520645142,0.978574812412262
45,1.0,0.0005762664368376136,9e-05,0.7634408473968506,1.0420656204223633
46,0.9993337988853455,0.0021184736397117376,9e-05,0.7956989407539368,0.855147659778595
47,0.9993337988853455,0.0015186556847766042,9e-05,0.8189964294433594,0.8124006390571594
48,0.9980013370513916,0.03998144716024399,9e-05,0.7921146750450134,0.9142470359802246
49,1.0,0.0010434052674099803,9e-05,0.8082437515258789,0.827194094657898
