epoch,accuracy,loss,lr,val_accuracy,val_loss
0,0.8341106176376343,2.2847695350646973,0.001,0.5053763389587402,3.009587049484253
1,0.9353764057159424,0.14122694730758667,0.001,0.5053763389587402,4.332942008972168
2,0.964024007320404,0.111032634973526,0.001,0.5053763389587402,3.47528076171875
3,0.9733511209487915,0.10408252477645874,0.001,0.5053763389587402,4.202175140380859
4,0.9413723945617676,0.22366613149642944,0.001,0.5053763389587402,5.997628688812256
5,0.9473684430122375,0.16494856774806976,0.001,0.7025089859962463,1.2933895587921143
6,0.9820119738578796,0.04662897437810898,0.001,0.5483871102333069,3.775085210800171
7,0.9833444356918335,0.039060793817043304,0.001,0.8637992739677429,0.3587549924850464
8,0.992671549320221,0.030926184728741646,0.001,0.6863799095153809,1.6643056869506836
9,0.990006685256958,0.022836485877633095,0.001,0.5107526779174805,3.0594747066497803
10,0.9920053482055664,0.024045798927545547,0.001,0.9820788502693176,0.04215552285313606
11,0.9993337988853455,0.0020435135811567307,0.001,0.9874551892280579,0.03389269858598709
12,0.9960026741027832,0.014052302576601505,0.001,0.9050179123878479,0.2375258356332779
13,0.990006685256958,0.024530556052923203,0.001,0.9605734944343567,0.09990669041872025
14,1.0,0.001864816527813673,0.001,0.958781361579895,0.12519732117652893
15,0.9980013370513916,0.00384771591052413,0.001,0.9516128897666931,0.21086913347244263
16,0.9986675381660461,0.004233173094689846,0.001,0.6792114973068237,5.316465854644775
17,0.9960026741027832,0.009435838088393211,0.001,0.8763440847396851,0.7389043569564819
18,0.9946702122688293,0.010968866758048534,0.001,0.8118279576301575,1.7147972583770752
19,0.9986675381660461,0.0035872519947588444,0.001,0.8620071411132812,1.3524435758590698
20,0.9886742234230042,0.03974742069840431,0.001,0.6523297429084778,2.2930376529693604
21,0.9893404245376587,0.029224904254078865,0.001,0.5752688050270081,12.40109634399414
22,0.9973351359367371,0.016577232629060745,0.0003,0.7831541299819946,3.533766984939575
23,0.9953364133834839,0.016519976779818535,0.0003,0.7132616639137268,5.263564109802246
24,0.9953364133834839,0.015177234075963497,0.0003,0.9193548560142517,0.4840559959411621
25,0.9966688752174377,0.009890392422676086,0.0003,0.8512544631958008,1.4004677534103394
26,0.9980013370513916,0.00864572823047638,0.0003,0.8136200904846191,1.6877238750457764
27,0.9953364133834839,0.025098726153373718,0.0003,0.5125448107719421,49.41779708862305
28,0.9960026741027832,0.01652330346405506,0.0003,0.8870967626571655,1.0024073123931885
29,0.9973351359367371,0.014781108126044273,0.0003,0.9050179123878479,0.5466872453689575
30,1.0,0.0040458496659994125,0.0003,0.9211469292640686,0.5877876877784729
31,0.9973351359367371,0.009379352442920208,0.0003,0.939068078994751,0.1717875897884369
32,0.9960026741027832,0.008413360454142094,9e-05,0.939068078994751,0.2122131884098053
33,0.9993337988853455,0.002132813446223736,9e-05,0.9229390621185303,0.30380797386169434
34,0.9986675381660461,0.0029735590796917677,9e-05,0.9193548560142517,0.5190461874008179
35,0.9986675381660461,0.0028758877888321877,9e-05,0.9265232682228088,0.3589077889919281
36,0.9986675381660461,0.002535768784582615,9e-05,0.9193548560142517,0.4932780861854553
37,0.9993337988853455,0.003053357359021902,9e-05,0.939068078994751,0.39212340116500854
38,0.9986675381660461,0.002791972365230322,9e-05,0.8620071411132812,1.3994678258895874
39,1.0,0.0001556853821966797,9e-05,0.8727598786354065,1.2546396255493164
40,0.9993337988853455,0.0007372290128841996,9e-05,0.8888888955116272,0.9524784684181213
41,1.0,0.0003400926652830094,9e-05,0.8906810283660889,0.9134397506713867
42,1.0,0.0005384153919294477,2.7e-05,0.8888888955116272,0.8601750731468201
43,1.0,0.00030715414322912693,2.7e-05,0.8870967626571655,0.8710362315177917
44,1.0,0.0005966323078610003,2.7e-05,0.8853046298027039,0.9851029515266418
45,1.0,0.0005594008835032582,2.7e-05,0.8799282908439636,1.0666810274124146
46,1.0,0.0008812216110527515,2.7e-05,0.8781362175941467,1.1339911222457886
47,0.9993337988853455,0.0009342867997474968,2.7e-05,0.8799282908439636,1.0716187953948975
48,1.0,0.0002897605882026255,2.7e-05,0.8870967626571655,1.0430713891983032
49,1.0,0.0011965021258220077,2.7e-05,0.8817204236984253,1.1003278493881226
50,1.0,0.00018414322403259575,2.7e-05,0.8870967626571655,1.016031265258789
51,1.0,0.0006270460435189307,2.7e-05,0.8888888955116272,0.9670719504356384
52,0.9993337988853455,0.0018937522545456886,8.1e-06,0.8853046298027039,0.9771618843078613
53,0.9993337988853455,0.004928387235850096,8.1e-06,0.8817204236984253,1.0248451232910156
54,1.0,0.0005688000237569213,8.1e-06,0.883512556552887,1.0039050579071045
55,0.9993337988853455,0.002588088158518076,8.1e-06,0.883512556552887,0.9700575470924377
56,0.9993337988853455,0.001998983323574066,8.1e-06,0.8763440847396851,1.0739867687225342
57,1.0,0.00037051961407996714,8.1e-06,0.8763440847396851,1.0892175436019897
58,0.9993337988853455,0.0008093034266494215,8.1e-06,0.8799282908439636,1.0204671621322632
59,0.9986675381660461,0.001917517278343439,8.1e-06,0.8781362175941467,1.00214421749115
60,1.0,0.0001775106939021498,8.1e-06,0.8727598786354065,1.048204779624939
61,1.0,0.0003926555800717324,8.1e-06,0.8727598786354065,1.069955587387085
62,0.9993337988853455,0.0008748647524043918,2.43e-06,0.8709677457809448,1.084657073020935
63,1.0,0.00010972455493174493,2.43e-06,0.8709677457809448,1.097022294998169
64,1.0,0.00019490698468871415,2.43e-06,0.8709677457809448,1.1111838817596436
65,0.9986675381660461,0.003158964915201068,2.43e-06,0.8709677457809448,1.134398341178894
66,1.0,0.00026753084966912866,2.43e-06,0.8691756129264832,1.1534432172775269
67,0.9986675381660461,0.0021716495975852013,2.43e-06,0.8709677457809448,1.157503604888916
68,0.9993337988853455,0.0010897775646299124,2.43e-06,0.8745519518852234,1.1238818168640137
69,1.0,0.00026618450647220016,2.43e-06,0.8745519518852234,1.0969468355178833
70,1.0,0.0012301852693781257,2.43e-06,0.8763440847396851,1.0863195657730103
71,1.0,0.00011967119644396007,2.43e-06,0.8781362175941467,1.0701887607574463
72,1.0,0.00021561779431067407,1e-06,0.8781362175941467,1.0776045322418213
73,1.0,0.0005036869551986456,1e-06,0.8781362175941467,1.0584394931793213
74,1.0,0.00047458556946367025,1e-06,0.8799282908439636,1.0550875663757324
75,1.0,0.00034694280475378036,1e-06,0.8781362175941467,1.0620715618133545
76,0.9993337988853455,0.0007527039851993322,1e-06,0.8781362175941467,1.0730946063995361
77,1.0,0.00027508006314747036,1e-06,0.8763440847396851,1.085127592086792
78,1.0,0.00020824749663006514,1e-06,0.8781362175941467,1.080535888671875
79,1.0,0.0003480743325781077,1e-06,0.8781362175941467,1.0796890258789062
80,0.9993337988853455,0.0012126563815400004,1e-06,0.8781362175941467,1.077825903892517
81,1.0,0.00024209223920479417,1e-06,0.8781362175941467,1.0661747455596924
82,0.9993337988853455,0.001373484032228589,1e-06,0.8817204236984253,1.045398473739624
83,0.9993337988853455,0.001394081860780716,1e-06,0.8817204236984253,1.028710961341858
84,1.0,0.00034414237597957253,1e-06,0.8817204236984253,1.0286673307418823
85,1.0,0.00012082542525604367,1e-06,0.8817204236984253,1.0214816331863403
86,1.0,0.00035157683305442333,1e-06,0.8817204236984253,1.0292694568634033
87,1.0,0.0007375899003818631,1e-06,0.8817204236984253,1.0194109678268433
88,1.0,0.00021691863366868347,1e-06,0.8817204236984253,1.0099077224731445
89,0.9993337988853455,0.0014477204531431198,1e-06,0.8817204236984253,1.0162196159362793
90,0.9993337988853455,0.0017265253700315952,1e-06,0.8817204236984253,1.015105962753296
91,0.9993337988853455,0.0029434480238705873,1e-06,0.883512556552887,1.005933165550232
92,1.0,0.0001686482719378546,1e-06,0.8853046298027039,0.9936667680740356
93,1.0,0.00035063677933067083,1e-06,0.8853046298027039,0.993378758430481
94,1.0,0.0005907266750000417,1e-06,0.8817204236984253,1.019019603729248
95,1.0,0.00015501368034165353,1e-06,0.8817204236984253,1.0193259716033936
96,1.0,0.000551909557543695,1e-06,0.8817204236984253,1.010890245437622
97,1.0,0.00019401444296818227,1e-06,0.8817204236984253,1.0158158540725708
98,1.0,0.0008447732543572783,1e-06,0.8817204236984253,1.0162651538848877
99,0.9993337988853455,0.0009677015477791429,1e-06,0.883512556552887,1.009361743927002
100,1.0,0.0004584823327604681,1e-06,0.883512556552887,1.0122792720794678
101,1.0,0.00041136075742542744,1e-06,0.883512556552887,1.0121233463287354
102,1.0,9.987512021325529e-05,1e-06,0.8853046298027039,1.0065127611160278
103,1.0,0.00021698273485526443,1e-06,0.8853046298027039,1.000296950340271
104,1.0,0.00023376518220175058,1e-06,0.8853046298027039,1.0005366802215576
105,1.0,0.00011979805276496336,1e-06,0.8817204236984253,1.0134527683258057
106,0.9993337988853455,0.0008257361478172243,1e-06,0.8853046298027039,1.003397822380066
107,1.0,0.00028983259107917547,1e-06,0.8817204236984253,1.0100795030593872
108,1.0,0.0004351208044681698,1e-06,0.8853046298027039,0.9989801049232483
109,1.0,0.00016866235819179565,1e-06,0.883512556552887,1.0087448358535767
110,1.0,9.974998101824895e-05,1e-06,0.8853046298027039,1.0071430206298828
111,1.0,0.00035880913492292166,1e-06,0.8853046298027039,1.0076884031295776
