epoch,accuracy,loss,lr,val_accuracy,val_loss
0,0.8487674593925476,1.451834797859192,0.001,0.49462366104125977,1.1228541135787964
1,0.9280479550361633,0.16590267419815063,0.001,0.49462366104125977,1.2806106805801392
2,0.949367105960846,0.11976595968008041,0.001,0.5053763389587402,2.136341094970703
3,0.966688871383667,0.10537292063236237,0.001,0.5053763389587402,4.487335681915283
4,0.984010636806488,0.04021802544593811,0.001,0.6290322542190552,2.717970371246338
5,0.9773484468460083,0.07380284368991852,0.001,0.5053763389587402,4.908754348754883
6,0.9853430986404419,0.05152265354990959,0.001,0.5089605450630188,0.9273356795310974
7,0.9953364133834839,0.011722161434590816,0.001,0.6827957034111023,0.9773144125938416
8,0.990006685256958,0.029484527185559273,0.001,0.6899641752243042,1.0941919088363647
9,0.992671549320221,0.02227516658604145,0.001,0.8225806355476379,0.5010576248168945
10,0.9786809086799622,0.06625675410032272,0.001,0.9229390621185303,0.3231872022151947
11,0.9933377504348755,0.014602543786168098,0.001,0.9211469292640686,0.853021502494812
12,0.9953364133834839,0.012915343977510929,0.001,0.9229390621185303,0.6506516337394714
13,0.9993337988853455,0.0032791472040116787,0.001,0.91756272315979,0.4154512584209442
14,0.9960026741027832,0.01710154302418232,0.001,0.5896057486534119,2.678462028503418
15,0.9973351359367371,0.008563312701880932,0.001,0.6630824208259583,11.82222843170166
16,0.9920053482055664,0.024989239871501923,0.001,0.643369197845459,10.522997856140137
17,0.9993337988853455,0.005048241466283798,0.001,0.6308243870735168,11.039762496948242
18,0.9993337988853455,0.0010497529292479157,0.001,0.7562723755836487,3.5288941860198975
19,1.0,0.0007880433113314211,0.001,0.8405017852783203,1.2623835802078247
20,1.0,0.00035007353289984167,0.001,0.7473118305206299,2.9036083221435547
21,1.0,0.00017179996939375997,0.0003,0.7724014520645142,2.0204408168792725
22,1.0,9.346760634798557e-05,0.0003,0.7867383360862732,1.7638988494873047
23,0.9993337988853455,0.0027992555405944586,0.0003,0.8709677457809448,0.7840205430984497
24,0.9993337988853455,0.002557314233854413,0.0003,0.9121863842010498,0.49196889996528625
25,0.9993337988853455,0.0011251844698563218,0.0003,0.8351254463195801,0.9723005294799805
26,0.9993337988853455,0.0008668164373375475,0.0003,0.8333333134651184,0.8321242928504944
27,0.9993337988853455,0.0009820975828915834,0.0003,0.7670251131057739,1.440472960472107
28,1.0,0.0003324156568851322,0.0003,0.7383512258529663,1.9575530290603638
29,0.9986675381660461,0.0039454554207623005,0.0003,0.8046594858169556,1.319258213043213
30,0.9993337988853455,0.0031342259608209133,0.0003,0.781361997127533,1.2172573804855347
31,0.9993337988853455,0.0012006480246782303,9e-05,0.8369175791740417,1.017441987991333
32,1.0,0.00043965093209408224,9e-05,0.8530465960502625,0.8675543665885925
33,0.9993337988853455,0.0018241052748635411,9e-05,0.7849462628364563,1.576985239982605
34,0.9993337988853455,0.001578303868882358,9e-05,0.7759856581687927,1.8073216676712036
35,1.0,0.00018970240489579737,9e-05,0.8637992739677429,0.7939021587371826
36,1.0,0.00015713972970843315,9e-05,0.8602150678634644,0.8525115847587585
37,1.0,0.00018322932010050863,9e-05,0.8548387289047241,0.9320017099380493
38,1.0,0.0002694354625418782,9e-05,0.8458781242370605,1.0052459239959717
39,0.9986675381660461,0.002376706339418888,9e-05,0.8530465960502625,1.1248189210891724
40,0.9993337988853455,0.0007556110504083335,9e-05,0.8476702570915222,1.088875651359558
41,1.0,0.00015482558228541166,2.7e-05,0.8387096524238586,1.1262248754501343
42,1.0,0.00029092011391185224,2.7e-05,0.8387096524238586,1.1246438026428223
43,1.0,0.0005262404447421432,2.7e-05,0.8369175791740417,1.157721757888794
44,1.0,0.0006808476173318923,2.7e-05,0.815412163734436,1.345430612564087
45,1.0,0.00021295093756634742,2.7e-05,0.8082437515258789,1.41071355342865
46,1.0,0.00016333632811438292,2.7e-05,0.8100358247756958,1.3898563385009766
47,1.0,8.026684372453019e-05,2.7e-05,0.8118279576301575,1.3664382696151733
48,1.0,0.00033111218363046646,2.7e-05,0.8118279576301575,1.3694266080856323
49,1.0,0.000307943468214944,2.7e-05,0.8100358247756958,1.4174304008483887
50,1.0,0.0002550455101300031,2.7e-05,0.8136200904846191,1.3657547235488892
51,1.0,0.00019748922204598784,8.1e-06,0.8136200904846191,1.3661764860153198
52,1.0,0.00011952019121963531,8.1e-06,0.8136200904846191,1.383652687072754
53,1.0,6.088702866691165e-05,8.1e-06,0.8136200904846191,1.386312484741211
54,1.0,9.823900472838432e-05,8.1e-06,0.8136200904846191,1.3855026960372925
55,1.0,9.44335333770141e-05,8.1e-06,0.8136200904846191,1.3569380044937134
56,1.0,0.00023049477022141218,8.1e-06,0.8136200904846191,1.3832809925079346
57,1.0,0.00013776944251731038,8.1e-06,0.8136200904846191,1.3529332876205444
58,1.0,0.0003738989762496203,8.1e-06,0.8225806355476379,1.2335373163223267
59,1.0,0.00039726487011648715,8.1e-06,0.8207885026931763,1.24210524559021
60,0.9993337988853455,0.0009530252427794039,8.1e-06,0.8172042965888977,1.2634602785110474
61,1.0,9.465106268180534e-05,2.43e-06,0.8172042965888977,1.2715158462524414
62,1.0,0.0004907355760224164,2.43e-06,0.8279569745063782,1.2381995916366577
63,0.9993337988853455,0.0016051288694143295,2.43e-06,0.8189964294433594,1.2654378414154053
64,1.0,0.00010170833411393687,2.43e-06,0.8189964294433594,1.2736717462539673
65,1.0,7.112991443136707e-05,2.43e-06,0.8189964294433594,1.2741588354110718
66,1.0,0.00010468213440617546,2.43e-06,0.8189964294433594,1.2822260856628418
67,1.0,0.00034151889849454165,2.43e-06,0.8189964294433594,1.2855829000473022
68,1.0,0.0001058732668752782,2.43e-06,0.8189964294433594,1.2929162979125977
69,1.0,0.00014488604210782796,2.43e-06,0.8189964294433594,1.3046859502792358
70,1.0,0.0001312318490818143,2.43e-06,0.8189964294433594,1.289899230003357
71,1.0,4.2533149098744616e-05,1e-06,0.8172042965888977,1.303238034248352
72,1.0,0.00016947078984230757,1e-06,0.8172042965888977,1.3012241125106812
73,1.0,8.806774712866172e-05,1e-06,0.8189964294433594,1.271915078163147
74,0.9993337988853455,0.0005576481344178319,1e-06,0.8172042965888977,1.278820276260376
75,1.0,0.00015920025180093944,1e-06,0.8172042965888977,1.2854576110839844
76,1.0,0.0001877309987321496,1e-06,0.8172042965888977,1.2779065370559692
77,1.0,8.478343079332262e-05,1e-06,0.8172042965888977,1.2723870277404785
78,1.0,5.6184107961598784e-05,1e-06,0.8172042965888977,1.2718393802642822
79,1.0,0.0006110538961365819,1e-06,0.815412163734436,1.3246029615402222
80,1.0,0.0001113970938604325,1e-06,0.8172042965888977,1.3314883708953857
81,1.0,0.00019855692517012358,1e-06,0.8189964294433594,1.322473406791687
82,1.0,0.0003207047702744603,1e-06,0.8189964294433594,1.3133922815322876
83,1.0,0.00011432232713559642,1e-06,0.8189964294433594,1.3222084045410156
84,1.0,0.00013428993406705558,1e-06,0.8189964294433594,1.3092525005340576
85,0.9986675381660461,0.0021319736260920763,1e-06,0.8207885026931763,1.2693653106689453
86,1.0,0.0005374882603064179,1e-06,0.8189964294433594,1.2826615571975708
87,1.0,0.00019704896840266883,1e-06,0.8189964294433594,1.2985355854034424
88,1.0,0.00012484300532378256,1e-06,0.8189964294433594,1.2910335063934326
89,1.0,0.0003345765289850533,1e-06,0.8189964294433594,1.297732949256897
90,0.9993337988853455,0.0008355537429451942,1e-06,0.8189964294433594,1.2850029468536377
91,1.0,8.744259685045108e-05,1e-06,0.8172042965888977,1.2862659692764282
92,1.0,0.0001867601677076891,1e-06,0.8172042965888977,1.289900541305542
93,1.0,0.0002016089711105451,1e-06,0.8172042965888977,1.3202468156814575
94,1.0,0.0003576849994715303,1e-06,0.8172042965888977,1.3249403238296509
95,1.0,0.000129827341879718,1e-06,0.815412163734436,1.3275490999221802
96,1.0,0.00048202829202637076,1e-06,0.8172042965888977,1.3216074705123901
97,1.0,0.0001802270271582529,1e-06,0.815412163734436,1.335192084312439
98,1.0,0.00024819382815621793,1e-06,0.8136200904846191,1.3568779230117798
99,1.0,7.07069702912122e-05,1e-06,0.8136200904846191,1.3632876873016357
100,0.9993337988853455,0.0007285798783414066,1e-06,0.8136200904846191,1.3599539995193481
101,1.0,0.00019540885114111006,1e-06,0.8136200904846191,1.3548485040664673
102,1.0,0.00011328060645610094,1e-06,0.8136200904846191,1.3582549095153809
103,1.0,5.05390707985498e-05,1e-06,0.8136200904846191,1.3572880029678345
104,1.0,8.642771717859432e-05,1e-06,0.8136200904846191,1.3705589771270752
105,1.0,0.00021637081226799637,1e-06,0.8136200904846191,1.3742902278900146
106,0.9993337988853455,0.0008160567376762629,1e-06,0.8136200904846191,1.4102816581726074
107,1.0,6.34569805697538e-05,1e-06,0.8136200904846191,1.402268648147583
108,1.0,0.00013736826076637954,1e-06,0.8136200904846191,1.368129849433899
109,1.0,9.461665467824787e-05,1e-06,0.8136200904846191,1.3688946962356567
110,1.0,0.00010343116446165368,1e-06,0.815412163734436,1.3527045249938965
