epoch,accuracy,loss,val_accuracy,val_loss
0,0.33665716648101807,1.512089729309082,0.3571428656578064,1.5124324560165405
1,0.5009496808052063,1.2580474615097046,0.31385281682014465,1.4036874771118164
2,0.5588793754577637,1.1470543146133423,0.5140692591667175,1.1084215641021729
3,0.5823836922645569,1.094635248184204,0.5313853025436401,1.0382142066955566
4,0.6115859746932983,1.0310198068618774,0.5454545617103577,1.0089572668075562
5,0.6141975522041321,1.0000859498977661,0.5909090638160706,0.978900671005249
6,0.6308166980743408,0.9627705812454224,0.5844155550003052,0.9643364548683167
7,0.654321014881134,0.9175309538841248,0.5963203310966492,0.9232057332992554
8,0.6481481194496155,0.9011204242706299,0.572510838508606,0.9642717242240906
9,0.6500474810600281,0.8877780437469482,0.5790043473243713,0.9318932890892029
10,0.6635802388191223,0.8547877669334412,0.6038960814476013,0.9159565567970276
11,0.6616809368133545,0.8451484441757202,0.5811688303947449,0.9198907613754272
12,0.6816239356994629,0.8284040093421936,0.5930736064910889,0.952509343624115
13,0.6858974099159241,0.8055243492126465,0.600649356842041,0.9034144282341003
14,0.6939696073532104,0.7886694669723511,0.6038960814476013,0.9195147156715393
15,0.7001424431800842,0.769349992275238,0.6158008575439453,0.877680778503418
16,0.6984805464744568,0.7718198299407959,0.6233766078948975,0.8531324863433838
17,0.6937322020530701,0.75412917137146,0.5995671153068542,0.9189118146896362
18,0.7029914259910583,0.7361755967140198,0.5963203310966492,0.9314733147621155
19,0.7153371572494507,0.7308635711669922,0.5898268222808838,0.9959720969200134
20,0.7086894512176514,0.7280657291412354,0.5984848737716675,0.9579526782035828
21,0.7172364592552185,0.6969943046569824,0.5974025726318359,0.9391011595726013
22,0.7203229069709778,0.677520215511322,0.5974025726318359,0.9509095549583435
23,0.7388414144515991,0.6678586006164551,0.6049783825874329,0.883630096912384
24,0.7236467003822327,0.6784026026725769,0.5963203310966492,1.0310215950012207
25,0.7340930700302124,0.6696487665176392,0.6168830990791321,0.9148591756820679
26,0.7198480367660522,0.6688951253890991,0.5963203310966492,0.8740237951278687
27,0.7357549667358398,0.6552639603614807,0.6028138399124146,0.9263788461685181
28,0.7428774833679199,0.6280365586280823,0.6201298832893372,0.9176279902458191
29,0.7393162250518799,0.6329825520515442,0.6158008575439453,0.9697487354278564
30,0.735992431640625,0.6423014402389526,0.6331169009208679,1.0153827667236328
31,0.7352801561355591,0.6387233734130859,0.6341991424560547,0.8175014853477478
32,0.75,0.6070834994316101,0.6212121248245239,0.9179037809371948
33,0.7514244914054871,0.5991045236587524,0.6504328846931458,0.9366579651832581
34,0.7511870861053467,0.6036794185638428,0.6320346593856812,0.9558568596839905
35,0.7585470080375671,0.5915154218673706,0.6201298832893372,0.8449549674987793
36,0.7559354305267334,0.5807985067367554,0.6385281682014465,0.9405035972595215
37,0.7625830769538879,0.5747597217559814,0.673160195350647,0.9452531933784485
38,0.7561728358268738,0.5773563981056213,0.6547619104385376,0.9272558689117432
39,0.7559354305267334,0.5737475752830505,0.6352813839912415,1.009854793548584
40,0.7751662135124207,0.5640246868133545,0.6233766078948975,0.9583767056465149
41,0.7701804637908936,0.5628551244735718,0.6439393758773804,0.9907572865486145
42,0.771842360496521,0.5593650937080383,0.6569263935089111,0.9059339165687561
43,0.7687559127807617,0.5462552309036255,0.6385281682014465,0.9467471837997437
44,0.7756410241127014,0.5398397445678711,0.6266233921051025,0.9611780047416687
45,0.7796770930290222,0.5321809649467468,0.6785714030265808,0.9075256586074829
46,0.7763532996177673,0.5418899655342102,0.6049783825874329,0.9834920763969421
47,0.7773029208183289,0.5333460569381714,0.6385281682014465,1.0234240293502808
48,0.7834757566452026,0.5275976061820984,0.6190476417541504,1.1979457139968872
49,0.781101644039154,0.5304004549980164,0.6352813839912415,1.0560297966003418
