epoch,accuracy,loss,val_accuracy,val_loss
0,0.4055080711841583,1.3797167539596558,0.3474026024341583,1.6224581003189087
1,0.5327635407447815,1.1863453388214111,0.3268398344516754,1.5011658668518066
2,0.5705128312110901,1.0969934463500977,0.5335497856140137,1.0774366855621338
3,0.5918803215026855,1.0449762344360352,0.5703462958335876,0.9927003979682922
4,0.6149097681045532,0.9933889508247375,0.5649350881576538,0.9711205363273621
5,0.6234567761421204,0.9614702463150024,0.536796510219574,0.9572185277938843
6,0.6317663788795471,0.9311515688896179,0.5649350881576538,0.9324681162834167
7,0.645061731338501,0.894776463508606,0.5963203310966492,0.9154440760612488
8,0.6533713340759277,0.8727642297744751,0.5833333134651184,0.9038515686988831
9,0.6621557474136353,0.8496491312980652,0.5844155550003052,0.9200294613838196
10,0.6721272468566895,0.838477373123169,0.5952380895614624,0.9023232460021973
11,0.6780626773834229,0.8205084800720215,0.5898268222808838,0.9358230233192444
12,0.6773504018783569,0.7975764870643616,0.5909090638160706,0.9061378240585327
13,0.6818613409996033,0.7954214215278625,0.6038960814476013,0.9016444683074951
14,0.6806742548942566,0.7866780161857605,0.5660173296928406,1.0040881633758545
15,0.6925451159477234,0.7661264538764954,0.588744580745697,0.97663414478302
16,0.6949192881584167,0.765457808971405,0.5930736064910889,0.9632866382598877
17,0.6965811848640442,0.7488201856613159,0.588744580745697,0.9861791133880615
18,0.7022792100906372,0.7310760617256165,0.5995671153068542,0.9286291003227234
19,0.7103513479232788,0.722008228302002,0.5963203310966492,0.9469221830368042
20,0.7132003903388977,0.7167117595672607,0.5941558480262756,0.9622657895088196
21,0.7257834672927856,0.6906535625457764,0.588744580745697,0.9581356048583984
22,0.7162867784500122,0.7064631581306458,0.5995671153068542,0.9306212067604065
23,0.7205603122711182,0.6860060691833496,0.5876623392105103,1.0882920026779175
24,0.7198480367660522,0.6805797219276428,0.5854978561401367,1.0712611675262451
25,0.7200854420661926,0.6839714050292969,0.5984848737716675,0.9456538558006287
26,0.731718897819519,0.6613874435424805,0.5974025726318359,1.0293556451797485
27,0.7215099930763245,0.6710615754127502,0.5984848737716675,1.0022047758102417
28,0.7274454236030579,0.674786388874054,0.6244588494300842,0.9252294898033142
29,0.7473884224891663,0.6335838437080383,0.6233766078948975,1.051528811454773
30,0.7355175614356995,0.6391858458518982,0.6147186160087585,1.0050508975982666
31,0.7412155866622925,0.6268661618232727,0.6277056336402893,0.9881108403205872
32,0.7386040091514587,0.6335710287094116,0.6168830990791321,0.9460161328315735
33,0.7462013363838196,0.6184676289558411,0.6266233921051025,1.0501035451889038
34,0.7476258277893066,0.6099234819412231,0.6266233921051025,0.958101212978363
35,0.7431148886680603,0.6149120330810547,0.6222943663597107,0.9824113249778748
36,0.7431148886680603,0.6094841957092285,0.6222943663597107,1.0801564455032349
37,0.7495251893997192,0.6054482460021973,0.6212121248245239,1.1219969987869263
38,0.7573599219322205,0.5938446521759033,0.6320346593856812,0.9735754132270813
