epoch,accuracy,loss,val_accuracy,val_loss
0,0.42212724685668945,1.3902031183242798,0.33549782633781433,1.546027660369873
1,0.5489078760147095,1.18424391746521,0.338744580745697,1.4186832904815674
2,0.5857074856758118,1.0957094430923462,0.5270562767982483,1.0600483417510986
3,0.6037511825561523,1.0532619953155518,0.5476190447807312,1.0266927480697632
4,0.6298670172691345,0.987883985042572,0.5530303120613098,0.9810835719108582
5,0.6412630677223206,0.9558760523796082,0.5497835278511047,0.972954273223877
6,0.6493352055549622,0.9244445562362671,0.5649350881576538,0.9372850060462952
7,0.6571699976921082,0.8929347395896912,0.5649350881576538,0.9414427280426025
8,0.6676163077354431,0.8603397607803345,0.5649350881576538,0.9466667175292969
9,0.662630558013916,0.8409004807472229,0.5595238208770752,0.9834963083267212
10,0.6716524362564087,0.8105883598327637,0.5844155550003052,0.9364715814590454
11,0.6842355132102966,0.8016647100448608,0.5822510719299316,0.9580367207527161
12,0.6787749528884888,0.7967889904975891,0.5909090638160706,0.9832194447517395
13,0.6951566934585571,0.7736973166465759,0.6277056336402893,0.9136717319488525
14,0.6953940987586975,0.7500827312469482,0.6190476417541504,0.9855688214302063
15,0.6949192881584167,0.7521823644638062,0.6277056336402893,0.9660242199897766
16,0.7006173133850098,0.7389206290245056,0.6298701167106628,0.9758198857307434
17,0.7067901492118835,0.7291459441184998,0.6406926512718201,0.9777754545211792
18,0.7167616486549377,0.7091051936149597,0.6417748928070068,1.0010173320770264
19,0.7127255201339722,0.6954804062843323,0.6428571343421936,0.9577462077140808
20,0.7196106314659119,0.6941927075386047,0.6471861600875854,0.897283673286438
21,0.7253086566925049,0.6926590800285339,0.6471861600875854,0.9521488547325134
22,0.7150996923446655,0.6916576027870178,0.6320346593856812,0.9944401383399963
23,0.7269705533981323,0.6760642528533936,0.6450216174125671,0.9334606528282166
24,0.7229344844818115,0.6704286932945251,0.6428571343421936,1.006134271621704
25,0.732431173324585,0.6551159620285034,0.6569263935089111,1.049046516418457
26,0.7362298369407654,0.6308625936508179,0.6450216174125671,0.9013683795928955
27,0.7300570011138916,0.6413377523422241,0.6450216174125671,0.9467633962631226
28,0.7440645694732666,0.6325225234031677,0.6439393758773804,0.9170151948928833
29,0.7364672422409058,0.6372665166854858,0.6525974273681641,0.9743006229400635
30,0.7319563031196594,0.624823808670044,0.6287878751754761,0.9584886431694031
31,0.7412155866622925,0.6172334551811218,0.6471861600875854,1.014520287513733
32,0.7573599219322205,0.5967955589294434,0.6277056336402893,0.9928300976753235
33,0.7371794581413269,0.6086941957473755,0.6471861600875854,1.071074366569519
34,0.7435897588729858,0.5842287540435791,0.6201298832893372,0.9310213923454285
35,0.7632953524589539,0.5691511631011963,0.6482684016227722,0.9609861373901367
36,0.7495251893997192,0.5887161493301392,0.6428571343421936,0.9860859513282776
37,0.7623456716537476,0.5786803960800171,0.637445867061615,0.9981109499931335
38,0.7628205418586731,0.5701876282691956,0.6341991424560547,0.9923419952392578
39,0.7618708610534668,0.5687676072120667,0.6536796689033508,0.9669273495674133
40,0.7561728358268738,0.5681698322296143,0.6417748928070068,0.9325222373008728
41,0.7654321193695068,0.5604837536811829,0.6699134111404419,0.9618602991104126
42,0.7692307829856873,0.546057403087616,0.6504328846931458,1.2475712299346924
43,0.7659069299697876,0.5564270615577698,0.6439393758773804,1.008975625038147
44,0.764007568359375,0.5522565841674805,0.6190476417541504,1.0446357727050781
45,0.7761158347129822,0.5286173224449158,0.6136363744735718,0.9754030704498291
