epoch,accuracy,loss,val_accuracy,val_loss
0,0.38129153847694397,1.4491432905197144,0.34415584802627563,1.4996020793914795
1,0.5071225166320801,1.245184063911438,0.32251080870628357,1.392669439315796
2,0.5641025900840759,1.1443299055099487,0.5422077775001526,1.0901352167129517
3,0.5933048725128174,1.0647525787353516,0.5649350881576538,1.0413836240768433
4,0.6066001653671265,1.037095308303833,0.5779221057891846,1.0039929151535034
5,0.6282051205635071,0.9841634631156921,0.5649350881576538,0.9730002880096436
6,0.6365147233009338,0.9404090046882629,0.5681818127632141,0.970917820930481
7,0.6455365419387817,0.9190831184387207,0.5714285969734192,0.9454628825187683
8,0.648622989654541,0.8844786286354065,0.5865800976753235,0.9507606029510498
9,0.6623931527137756,0.8675692677497864,0.576839804649353,0.9185683727264404
10,0.6711775660514832,0.8525516986846924,0.5865800976753235,0.9118480682373047
11,0.670465350151062,0.834620475769043,0.6190476417541504,0.944916844367981
12,0.6794871687889099,0.8208205699920654,0.5952380895614624,0.9294825792312622
13,0.674026608467102,0.8151669502258301,0.6114718317985535,0.9414811134338379
14,0.6868470907211304,0.7880505919456482,0.6212121248245239,0.9721627235412598
15,0.6875593662261963,0.7799460291862488,0.6277056336402893,0.9470292925834656
16,0.7046533823013306,0.7543867826461792,0.6385281682014465,0.9452886581420898
17,0.6963437795639038,0.7618761658668518,0.6417748928070068,0.9412306547164917
18,0.709876537322998,0.7272258400917053,0.6439393758773804,0.9170702695846558
19,0.7117758989334106,0.721758246421814,0.6331169009208679,0.9513702988624573
20,0.7070275545120239,0.7166632413864136,0.6471861600875854,0.9543901681900024
21,0.7191358208656311,0.7051529288291931,0.6536796689033508,0.8534961938858032
22,0.7115384340286255,0.6943961977958679,0.6406926512718201,0.9953922629356384
23,0.7381291389465332,0.6621480584144592,0.6320346593856812,1.0494308471679688
24,0.733855664730072,0.6753290891647339,0.6320346593856812,0.8395962119102478
25,0.7319563031196594,0.6738706231117249,0.6461039185523987,0.9650006890296936
26,0.7314814925193787,0.6546319723129272,0.6363636255264282,0.9653062224388123
27,0.7364672422409058,0.6503172516822815,0.6883116960525513,0.9061263203620911
28,0.7340930700302124,0.6393535733222961,0.6504328846931458,0.987074613571167
29,0.7381291389465332,0.6344242095947266,0.677489161491394,0.9513213634490967
30,0.7450142502784729,0.6230593919754028,0.649350643157959,0.9531227946281433
31,0.7409781813621521,0.6194258332252502,0.6590909361839294,1.0037142038345337
32,0.7433523535728455,0.6073127388954163,0.6861472129821777,0.8775269389152527
33,0.7495251893997192,0.6037933826446533,0.6720778942108154,1.0840628147125244
34,0.7419278025627136,0.6085952520370483,0.6623376607894897,0.9310633540153503
35,0.7568851113319397,0.5949098467826843,0.6114718317985535,0.9158508777618408
36,0.7566476464271545,0.5954924821853638,0.6450216174125671,0.9446691870689392
37,0.767568826675415,0.5752779245376587,0.637445867061615,0.9733642935752869
38,0.764007568359375,0.566741943359375,0.6255411505699158,0.9674851298332214
39,0.7585470080375671,0.5826635360717773,0.6601731777191162,1.0300910472869873
40,0.7628205418586731,0.5726028680801392,0.6558441519737244,1.0072096586227417
41,0.769705593585968,0.5602055191993713,0.6796537041664124,1.1277186870574951
42,0.767568826675415,0.5518838167190552,0.6580086350440979,1.1440930366516113
43,0.7668566107749939,0.5535463690757751,0.6655844449996948,1.0597559213638306
44,0.7713675498962402,0.5507819652557373,0.6179653406143188,0.8999444246292114
45,0.7746913433074951,0.5371514558792114,0.5952380895614624,0.9382283091545105
46,0.7713675498962402,0.5425795912742615,0.6114718317985535,1.050121545791626
47,0.7787274718284607,0.5380743741989136,0.6471861600875854,1.0315260887145996
48,0.7768281102180481,0.5291178822517395,0.6385281682014465,1.3569406270980835
49,0.7708926796913147,0.5348334908485413,0.6525974273681641,1.0547618865966797
