epoch,accuracy,loss,val_accuracy,val_loss
0,0.3829534649848938,1.458022952079773,0.35281383991241455,1.5122987031936646
1,0.5037986636161804,1.2601813077926636,0.3333333432674408,1.4212101697921753
2,0.5479581952095032,1.1796311140060425,0.5194805264472961,1.1102161407470703
3,0.5783475637435913,1.1034412384033203,0.5811688303947449,1.0607545375823975
4,0.5952041745185852,1.0648164749145508,0.5735930800437927,1.015221357345581
5,0.6179962158203125,1.0062602758407593,0.5876623392105103,0.9845219850540161
6,0.6198955178260803,0.9748464226722717,0.5865800976753235,0.9526945948600769
7,0.6388888955116272,0.9408290386199951,0.5811688303947449,0.9535590410232544
8,0.6564577221870422,0.8988219499588013,0.5844155550003052,0.9282493591308594
9,0.6633428335189819,0.8712673783302307,0.600649356842041,0.9550144076347351
10,0.672602117061615,0.8396440744400024,0.6201298832893372,0.9216465950012207
11,0.6768755912780762,0.8267553448677063,0.6287878751754761,0.9277728796005249
12,0.6778252720832825,0.816670835018158,0.6634199023246765,0.8970982432365417
13,0.6913580298423767,0.7925880551338196,0.6309523582458496,0.9149724245071411
14,0.6818613409996033,0.7846976518630981,0.6818181872367859,0.9072265625
15,0.6984805464744568,0.7613862752914429,0.6753246784210205,0.9504908323287964
16,0.7029914259910583,0.7469205260276794,0.6785714030265808,0.9301730990409851
17,0.704178512096405,0.7287523150444031,0.661255419254303,1.006077766418457
18,0.7065526843070984,0.7232294082641602,0.6645021438598633,0.9473446011543274
19,0.7115384340286255,0.7108542919158936,0.6818181872367859,0.9595856666564941
20,0.7186609506607056,0.6979095339775085,0.677489161491394,0.9820995330810547
21,0.7198480367660522,0.7102263569831848,0.6699134111404419,0.9240895509719849
22,0.7143874764442444,0.6900908946990967,0.6818181872367859,0.932547390460968
23,0.7207977175712585,0.6804718971252441,0.6818181872367859,0.9241328835487366
24,0.7215099930763245,0.6741409301757812,0.6818181872367859,0.9452126026153564
25,0.7333807945251465,0.6637732982635498,0.6753246784210205,1.0222499370574951
26,0.7307692170143127,0.6634714007377625,0.6601731777191162,0.8965046405792236
27,0.7350427508354187,0.6437181830406189,0.677489161491394,1.0135407447814941
28,0.7416903972625732,0.6452456116676331,0.6709956526756287,1.002480149269104
29,0.7357549667358398,0.6299852132797241,0.6839826703071594,0.950936496257782
30,0.744301974773407,0.6361789107322693,0.6688311696052551,0.9099257588386536
31,0.7481006383895874,0.6182835102081299,0.6850649118423462,0.9034338593482971
32,0.7469135522842407,0.6239902377128601,0.6883116960525513,0.9023997187614441
33,0.7435897588729858,0.6297484040260315,0.6850649118423462,1.1652743816375732
34,0.7540360689163208,0.6025916934013367,0.7088744640350342,0.8412158489227295
35,0.7492877244949341,0.6064621210098267,0.6601731777191162,1.043636679649353
36,0.7476258277893066,0.6132433414459229,0.6623376607894897,0.9612867832183838
37,0.7450142502784729,0.596064031124115,0.6764069199562073,0.8837427496910095
38,0.7547483444213867,0.5892431139945984,0.6796537041664124,1.0391466617584229
39,0.7568851113319397,0.5789619088172913,0.6699134111404419,0.9177377820014954
40,0.7604463696479797,0.5729646682739258,0.6742424368858337,1.0282889604568481
41,0.7559354305267334,0.5873629450798035,0.6742424368858337,0.9509875178337097
42,0.7528489828109741,0.5844133496284485,0.6406926512718201,1.059485673904419
43,0.7635327577590942,0.5798630714416504,0.677489161491394,0.9364793300628662
44,0.7635327577590942,0.5622076988220215,0.6709956526756287,0.9481476545333862
45,0.7773029208183289,0.5552725791931152,0.6482684016227722,1.0978518724441528
46,0.7706552743911743,0.5437401533126831,0.6655844449996948,0.9862306118011475
47,0.7853751182556152,0.5396665930747986,0.6623376607894897,1.0666619539260864
48,0.7628205418586731,0.5518631339073181,0.6028138399124146,1.032065510749817
49,0.777540385723114,0.5366917848587036,0.6785714030265808,1.099312663078308
