epoch,accuracy,loss,val_accuracy,val_loss
0,0.323599249124527,1.5379456281661987,0.25108224153518677,1.5258077383041382
1,0.48171889781951904,1.2719663381576538,0.31385281682014465,1.392221212387085
2,0.5493826866149902,1.170356035232544,0.5259740352630615,1.1274352073669434
3,0.5842829942703247,1.089050054550171,0.5335497856140137,1.0781742334365845
4,0.6032763719558716,1.041147232055664,0.5551947951316833,1.0284416675567627
5,0.6208451986312866,1.0118248462677002,0.5497835278511047,1.0044307708740234
6,0.6258309483528137,0.9742318987846375,0.5660173296928406,0.9748905301094055
7,0.6327160596847534,0.9543495774269104,0.5465368032455444,0.9870105981826782
8,0.6331908702850342,0.9180166721343994,0.5746753215789795,0.9644920825958252
9,0.6448243260383606,0.8912371397018433,0.5649350881576538,0.9566259384155273
10,0.6578822135925293,0.8642301559448242,0.5735930800437927,0.9415932893753052
11,0.6754510998725891,0.8425506353378296,0.600649356842041,0.9090891480445862
12,0.664767324924469,0.8536942005157471,0.6017315983772278,0.9164679050445557
13,0.6711775660514832,0.8123202919960022,0.5876623392105103,0.9965931177139282
14,0.6797245740890503,0.8047877550125122,0.6385281682014465,0.8992430567741394
15,0.6899335384368896,0.775635838508606,0.6396104097366333,0.9263759255409241
16,0.6930199265480042,0.7541415691375732,0.6147186160087585,0.9543561339378357
17,0.7067901492118835,0.7371187210083008,0.6331169009208679,0.9241945147514343
18,0.704890787601471,0.7374278903007507,0.6320346593856812,0.936254620552063
19,0.7032288908958435,0.7273785471916199,0.6233766078948975,1.0169163942337036
20,0.7077397704124451,0.7261966466903687,0.6461039185523987,0.9671517610549927
21,0.7148622870445251,0.7180461883544922,0.6428571343421936,0.944044291973114
22,0.7186609506607056,0.7011622190475464,0.6363636255264282,0.9884148836135864
23,0.7179487347602844,0.6929373741149902,0.6439393758773804,1.0126136541366577
24,0.712013304233551,0.6971273422241211,0.6341991424560547,0.9459043145179749
25,0.7283950448036194,0.669619619846344,0.6504328846931458,0.8995462656021118
26,0.7200854420661926,0.672264039516449,0.6450216174125671,0.9900312423706055
27,0.7210351228713989,0.6623857617378235,0.6396104097366333,0.951542317867279
28,0.7307692170143127,0.6509390473365784,0.6417748928070068,1.0475809574127197
29,0.7314814925193787,0.6542986631393433,0.6558441519737244,0.9014924168586731
30,0.7350427508354187,0.6359214782714844,0.6536796689033508,1.0468770265579224
31,0.7371794581413269,0.63048255443573,0.6417748928070068,1.0630418062210083
32,0.7454890608787537,0.6216026544570923,0.6461039185523987,1.0095491409301758
33,0.7426400780677795,0.6265734434127808,0.6439393758773804,0.9699183106422424
34,0.7497625946998596,0.5958296060562134,0.6439393758773804,1.035561203956604
35,0.7390788197517395,0.6163155436515808,0.6439393758773804,0.9534388780593872
36,0.7547483444213867,0.5989303588867188,0.673160195350647,1.0164896249771118
37,0.7473884224891663,0.5921739339828491,0.6439393758773804,1.0160024166107178
38,0.7481006383895874,0.5919281244277954,0.6244588494300842,0.9606890082359314
39,0.75356125831604,0.5965436100959778,0.6417748928070068,1.1092227697372437
