epoch,accuracy,loss,val_accuracy,val_loss
0,0.4138176739215851,1.3803229331970215,0.2175324708223343,1.5870198011398315
1,0.5306267738342285,1.1860899925231934,0.33225107192993164,1.391805648803711
2,0.5790598392486572,1.0969451665878296,0.5378788113594055,1.0786765813827515
3,0.6009021997451782,1.035617709159851,0.5660173296928406,1.0167557001113892
4,0.6146723628044128,1.00310480594635,0.5411255359649658,1.0044829845428467
5,0.6270180344581604,0.9632900357246399,0.5681818127632141,0.9572393894195557
6,0.6343779563903809,0.9246883988380432,0.5313853025436401,0.9635475873947144
7,0.648622989654541,0.89847332239151,0.5389610528945923,0.9518380165100098
8,0.6519468426704407,0.8693557977676392,0.600649356842041,0.8981022238731384
9,0.6678537726402283,0.8507675528526306,0.5909090638160706,0.9085350632667542
10,0.6688033938407898,0.8309177160263062,0.576839804649353,0.9514089226722717
11,0.6657170057296753,0.8290587067604065,0.5854978561401367,0.9458827972412109
12,0.6858974099159241,0.7992929220199585,0.5703462958335876,0.9777286648750305
13,0.6818613409996033,0.7809973955154419,0.5833333134651184,0.9414170384407043
14,0.6904083490371704,0.7763088941574097,0.5930736064910889,0.942684531211853
15,0.6920702457427979,0.7729137539863586,0.5681818127632141,1.0019209384918213
16,0.6996676325798035,0.7444917559623718,0.5844155550003052,0.963926374912262
17,0.6894586682319641,0.7484768033027649,0.5833333134651184,0.9831420183181763
18,0.6996676325798035,0.7361720204353333,0.600649356842041,0.9157778024673462
19,0.6994302272796631,0.7225407958030701,0.5865800976753235,0.9612196683883667
20,0.7158119678497314,0.7084389925003052,0.6233766078948975,1.0216346979141235
21,0.7153371572494507,0.7073799967765808,0.6190476417541504,0.9908290505409241
22,0.717711329460144,0.6911499500274658,0.6147186160087585,0.955314576625824
23,0.7113010287284851,0.6810973286628723,0.6266233921051025,0.9687362313270569
24,0.7238841652870178,0.6734565496444702,0.6255411505699158,1.0084079504013062
25,0.7243589758872986,0.6698959469795227,0.6439393758773804,0.9477905035018921
26,0.7276828289031982,0.6661458015441895,0.6428571343421936,0.9520830512046814
27,0.7293447256088257,0.652084231376648,0.6439393758773804,0.938763439655304
28,0.7300570011138916,0.6510812044143677,0.6450216174125671,0.9310782551765442
29,0.7314814925193787,0.6502113342285156,0.6352813839912415,1.0456706285476685
30,0.7393162250518799,0.6360129117965698,0.6417748928070068,1.0018373727798462
31,0.7419278025627136,0.629316508769989,0.6385281682014465,1.0843188762664795
32,0.75,0.6290374994277954,0.6266233921051025,1.0961426496505737
33,0.7435897588729858,0.6236068606376648,0.6450216174125671,1.003544569015503
