epoch,accuracy,loss,val_accuracy,val_loss
0,0.40622031688690186,1.4125034809112549,0.35822510719299316,1.4990642070770264
1,0.540123462677002,1.2109440565109253,0.3095238208770752,1.3918613195419312
2,0.5814340114593506,1.1085759401321411,0.536796510219574,1.07950758934021
3,0.5975783467292786,1.059468150138855,0.5562770366668701,1.009363055229187
4,0.6149097681045532,1.0101802349090576,0.5573592782020569,0.9873847961425781
5,0.6244064569473267,0.9674229025840759,0.5714285969734192,0.9368293881416321
6,0.6422127485275269,0.9151389598846436,0.572510838508606,0.9248040318489075
7,0.6559829115867615,0.8898094296455383,0.5811688303947449,0.9327722191810608
8,0.6614434719085693,0.8724855184555054,0.5670995712280273,0.9347572922706604
9,0.670465350151062,0.8426352143287659,0.5963203310966492,0.8984991908073425
10,0.6783000826835632,0.8078109622001648,0.6060606241226196,0.8977239727973938
11,0.6818613409996033,0.7991276979446411,0.6363636255264282,0.8944718241691589
12,0.68304842710495,0.7949751019477844,0.6222943663597107,0.9488402009010315
13,0.6870844960212708,0.7731291651725769,0.6417748928070068,0.9008064270019531
14,0.69017094373703,0.7792796492576599,0.6406926512718201,0.9437686800956726
15,0.7034662961959839,0.7336453199386597,0.6406926512718201,0.9328801035881042
16,0.7091643214225769,0.7311229705810547,0.6547619104385376,0.8988169431686401
17,0.7082146406173706,0.7192877531051636,0.6547619104385376,0.9402130842208862
18,0.7086894512176514,0.7149138450622559,0.689393937587738,0.8773199319839478
19,0.708452045917511,0.7007720470428467,0.6904761791229248,0.8941900134086609
20,0.7110636234283447,0.7004741430282593,0.673160195350647,0.9555745124816895
21,0.7241215705871582,0.6711786985397339,0.6839826703071594,0.911621630191803
22,0.7169990539550781,0.6824162006378174,0.6948052048683167,0.8816558122634888
23,0.7300570011138916,0.6606607437133789,0.677489161491394,1.0400818586349487
24,0.7307692170143127,0.6609119772911072,0.6818181872367859,1.0302059650421143
25,0.7355175614356995,0.652906060218811,0.6948052048683167,0.9037215113639832
26,0.7248337864875793,0.6709136366844177,0.6818181872367859,0.9417261481285095
27,0.7310066223144531,0.6528056859970093,0.6872294545173645,0.900503396987915
28,0.7340930700302124,0.6436659693717957,0.6883116960525513,0.9201302528381348
29,0.7369420528411865,0.6318191885948181,0.7186146974563599,0.8469217419624329
30,0.7407407164573669,0.6128432750701904,0.6969696879386902,0.9142869114875793
31,0.7537986636161804,0.6019161343574524,0.6904761791229248,0.9118638038635254
32,0.7405033111572266,0.61384516954422,0.6861472129821777,1.003410816192627
33,0.7447768449783325,0.6231621503829956,0.6861472129821777,1.0017422437667847
34,0.7495251893997192,0.5969753861427307,0.6948052048683167,0.9690358638763428
35,0.7566476464271545,0.5904186367988586,0.6861472129821777,0.9395817518234253
36,0.7511870861053467,0.5843525528907776,0.6807359457015991,1.0455416440963745
37,0.7514244914054871,0.5874080657958984,0.6829004287719727,0.9841705560684204
38,0.7618708610534668,0.5687568783760071,0.6839826703071594,1.013741135597229
39,0.7656695246696472,0.5657338500022888,0.6839826703071594,1.0638571977615356
40,0.7628205418586731,0.5658977627754211,0.6829004287719727,1.098837971687317
41,0.7590218186378479,0.56676185131073,0.6818181872367859,1.0450822114944458
42,0.7630579471588135,0.552479088306427,0.6991341710090637,0.9161292910575867
43,0.7616334557533264,0.5764992833137512,0.6709956526756287,1.1246974468231201
44,0.771842360496521,0.5528244376182556,0.6861472129821777,0.9647926688194275
45,0.7694681882858276,0.5501950979232788,0.6883116960525513,0.9192301034927368
46,0.7720797657966614,0.548140287399292,0.6266233921051025,0.9061517715454102
47,0.7701804637908936,0.5275154709815979,0.677489161491394,1.1761828660964966
48,0.767568826675415,0.5447589755058289,0.6883116960525513,0.9768847823143005
49,0.7768281102180481,0.5310383439064026,0.6926407217979431,0.9857526421546936
