epoch,accuracy,loss,val_accuracy,val_loss
0,0.351377010345459,1.5028188228607178,0.36147186160087585,1.5232409238815308
1,0.5204178690910339,1.2406822443008423,0.3961038887500763,1.3650044202804565
2,0.5584045648574829,1.1557908058166504,0.5432900190353394,1.1012663841247559
3,0.5847578644752502,1.0996675491333008,0.5638527870178223,1.0334190130233765
4,0.6201329827308655,1.0226101875305176,0.548701286315918,1.0214897394180298
5,0.6206077933311462,0.9983786344528198,0.5670995712280273,0.978209912776947
6,0.6433998346328735,0.9424248933792114,0.5876623392105103,0.9438220858573914
7,0.654321014881134,0.903187096118927,0.572510838508606,0.9528709650039673
8,0.6531339287757874,0.8881045579910278,0.576839804649353,0.9419435262680054
9,0.6631054282188416,0.856225848197937,0.5833333134651184,0.9376605153083801
10,0.6735517382621765,0.8381552696228027,0.5584415793418884,1.020904302597046
11,0.6749762296676636,0.8209329843521118,0.5919913649559021,0.9516662955284119
12,0.6861348748207092,0.8083939552307129,0.6060606241226196,0.912519097328186
13,0.6944444179534912,0.7713123559951782,0.5909090638160706,1.0080376863479614
14,0.6951566934585571,0.7692262530326843,0.5703462958335876,1.022554874420166
15,0.7053655982017517,0.7539414763450623,0.6082251071929932,0.9710128307342529
16,0.7029914259910583,0.7503912448883057,0.5952380895614624,1.0176817178726196
17,0.7122507095336914,0.7258955836296082,0.5963203310966492,0.9775246381759644
18,0.7158119678497314,0.7228625416755676,0.6071428656578064,1.0234516859054565
19,0.7139126062393188,0.7074452638626099,0.6222943663597107,1.0676909685134888
20,0.7124881148338318,0.7016168832778931,0.6287878751754761,0.904613196849823
21,0.7238841652870178,0.7001584768295288,0.6331169009208679,0.9144788384437561
22,0.7253086566925049,0.6816802024841309,0.6439393758773804,1.0180277824401855
23,0.7272079586982727,0.6666003465652466,0.6309523582458496,0.9594510197639465
24,0.7236467003822327,0.6714988350868225,0.6255411505699158,1.0727424621582031
25,0.7343304753303528,0.6571223735809326,0.6504328846931458,1.03907310962677
26,0.7329059839248657,0.6541798710823059,0.6396104097366333,1.101321816444397
27,0.7321937084197998,0.6559012532234192,0.6298701167106628,1.0598728656768799
28,0.732431173324585,0.6449293494224548,0.6590909361839294,1.0268352031707764
29,0.7409781813621521,0.6359770894050598,0.6450216174125671,1.003785490989685
30,0.7426400780677795,0.6277831792831421,0.6623376607894897,0.9591612219810486
31,0.7440645694732666,0.6197458505630493,0.6623376607894897,1.0214059352874756
32,0.7523741722106934,0.6202425956726074,0.6558441519737244,0.9719458222389221
33,0.755698025226593,0.6057005524635315,0.6634199023246765,0.9918084144592285
34,0.7537986636161804,0.6079899072647095,0.6331169009208679,1.0937451124191284
35,0.7547483444213867,0.6005216240882874,0.6450216174125671,1.0449848175048828
36,0.7578347325325012,0.5952224731445312,0.6558441519737244,0.9654325842857361
37,0.7516618967056274,0.5848474502563477,0.6482684016227722,1.0127816200256348
38,0.764007568359375,0.5730186700820923,0.6331169009208679,1.0052330493927002
39,0.7537986636161804,0.5890515446662903,0.6634199023246765,0.8613197207450867
40,0.7571225166320801,0.5693917274475098,0.6666666865348816,1.0224018096923828
41,0.7659069299697876,0.5701860785484314,0.6753246784210205,0.9830889105796814
42,0.7611585855484009,0.563079297542572,0.6569263935089111,0.9799479842185974
43,0.7756410241127014,0.5549297332763672,0.649350643157959,0.9245653748512268
44,0.7689933776855469,0.55897456407547,0.6709956526756287,0.9615522027015686
45,0.7742165327072144,0.5461661219596863,0.6341991424560547,0.9467328190803528
46,0.7761158347129822,0.5495561361312866,0.6558441519737244,1.0701030492782593
47,0.7844254374504089,0.5429375767707825,0.6439393758773804,1.2668936252593994
48,0.7716049551963806,0.542879045009613,0.6406926512718201,1.2211723327636719
49,0.7827635407447815,0.5368759036064148,0.6623376607894897,1.0242849588394165
