epoch,accuracy,loss,val_accuracy,val_loss
0,0.3969610631465912,1.439826250076294,0.32575756311416626,1.606789469718933
1,0.5427350401878357,1.206965446472168,0.36796537041664124,1.413241982460022
2,0.580959141254425,1.109106183052063,0.5757575631141663,1.0661437511444092
3,0.6130104660987854,1.0529122352600098,0.5692640542984009,1.0147819519042969
4,0.6258309483528137,1.0052543878555298,0.5898268222808838,0.9675130844116211
5,0.6339031457901001,0.9625652432441711,0.5790043473243713,0.9656877517700195
6,0.6360399127006531,0.9422908425331116,0.5876623392105103,0.9499443769454956
7,0.6602563858032227,0.8952566385269165,0.5865800976753235,0.9497861266136169
8,0.6604938507080078,0.8844075202941895,0.5822510719299316,0.9384227991104126
9,0.6652421355247498,0.8614115118980408,0.5909090638160706,0.9233973622322083
10,0.6785374879837036,0.8251309394836426,0.5995671153068542,0.9118925929069519
11,0.6858974099159241,0.82187819480896,0.6082251071929932,0.9069141149520874
12,0.6811491250991821,0.8090285062789917,0.6190476417541504,0.9338696599006653
13,0.6918328404426575,0.790437638759613,0.5735930800437927,0.9293321967124939
14,0.7010921239852905,0.7611783742904663,0.5963203310966492,0.9573482871055603
15,0.6956315040588379,0.7516619563102722,0.6158008575439453,0.9206544756889343
16,0.704890787601471,0.7448338270187378,0.6352813839912415,0.9662277698516846
17,0.7010921239852905,0.7440032958984375,0.6525974273681641,0.9388071894645691
18,0.7169990539550781,0.7098541855812073,0.637445867061615,1.0612767934799194
19,0.7200854420661926,0.7068156599998474,0.6590909361839294,0.9628587961196899
20,0.7191358208656311,0.6917266845703125,0.6525974273681641,0.9450043439865112
21,0.7207977175712585,0.6941173076629639,0.6536796689033508,1.0084495544433594
22,0.726020872592926,0.661634087562561,0.6623376607894897,1.0353848934173584
23,0.7321937084197998,0.6689172387123108,0.6482684016227722,0.9072156548500061
24,0.7312440872192383,0.6566982865333557,0.6482684016227722,0.987139880657196
25,0.747863233089447,0.6433050036430359,0.6396104097366333,0.9060556888580322
26,0.724596381187439,0.6651327013969421,0.6645021438598633,0.9810009598731995
27,0.7424026727676392,0.6362523436546326,0.637445867061615,0.9743064045906067
28,0.7405033111572266,0.6261053085327148,0.6439393758773804,1.0103143453598022
29,0.7426400780677795,0.6259710788726807,0.6569263935089111,1.0458152294158936
30,0.7514244914054871,0.6080807447433472,0.6331169009208679,1.0096601247787476
31,0.7414529919624329,0.6177884936332703,0.6677489280700684,0.9184284210205078
32,0.7523741722106934,0.5862523317337036,0.6699134111404419,1.0298166275024414
33,0.7606837749481201,0.5960061550140381,0.6829004287719727,1.018226146697998
34,0.7575973272323608,0.6000996232032776,0.6645021438598633,1.0926333665847778
35,0.7628205418586731,0.5810863971710205,0.6699134111404419,1.0014370679855347
36,0.7566476464271545,0.5815355181694031,0.6709956526756287,0.9651523232460022
37,0.7699429988861084,0.5669633150100708,0.6753246784210205,1.1282624006271362
38,0.7737416625022888,0.5590274333953857,0.6655844449996948,1.0019645690917969
39,0.7651946544647217,0.5673320293426514,0.6720778942108154,1.0160378217697144
40,0.777540385723114,0.5520364046096802,0.637445867061615,1.1678366661071777
41,0.7834757566452026,0.5399019718170166,0.6287878751754761,1.1065101623535156
42,0.7704178690910339,0.5386469960212708,0.6201298832893372,0.9313166737556458
43,0.775403618812561,0.5479488372802734,0.6482684016227722,0.9737043976783752
44,0.7801519632339478,0.5470091104507446,0.6655844449996948,0.8920655846595764
45,0.7735042572021484,0.5382072329521179,0.6645021438598633,0.9548243284225464
46,0.7872744798660278,0.5279773473739624,0.6709956526756287,0.9320827722549438
47,0.7974833846092224,0.5017668604850769,0.6720778942108154,1.0997223854064941
48,0.7758784294128418,0.5233661532402039,0.6580086350440979,0.9733690619468689
49,0.7913105487823486,0.5147388577461243,0.6341991424560547,0.9168908596038818
