epoch,accuracy,loss,val_accuracy,val_loss
0,0.5187559127807617,1.2028700113296509,0.29329004883766174,2.0411500930786133
1,0.6293922066688538,0.9475347995758057,0.42424243688583374,1.8152183294296265
2,0.6550332307815552,0.8604966998100281,0.5757575631141663,0.9745275378227234
3,0.666904091835022,0.8079831004142761,0.5963203310966492,0.9901535511016846
4,0.7053655982017517,0.7307789921760559,0.6428571343421936,0.8629647493362427
5,0.7058404684066772,0.6963299512863159,0.6569263935089111,1.1102641820907593
6,0.7314814925193787,0.6597201824188232,0.6861472129821777,0.9861655831336975
7,0.7236467003822327,0.6426633596420288,0.6385281682014465,1.1643216609954834
8,0.7459639310836792,0.60807865858078,0.6547619104385376,0.8889032602310181
9,0.7511870861053467,0.5992562174797058,0.6536796689033508,1.1084226369857788
10,0.7485755085945129,0.59270840883255,0.6071428656578064,0.8536837100982666
11,0.7606837749481201,0.5620368123054504,0.6818181872367859,1.1269959211349487
12,0.7587844133377075,0.5503734350204468,0.6450216174125671,1.250645637512207
13,0.773979127407074,0.5353673696517944,0.6406926512718201,1.1569383144378662
14,0.7730294466018677,0.5205687880516052,0.6190476417541504,1.1130073070526123
15,0.7758784294128418,0.5238395929336548,0.5378788113594055,1.1301072835922241
16,0.7872744798660278,0.4999253451824188,0.612554132938385,1.2066142559051514
17,0.8000949621200562,0.4902787208557129,0.5963203310966492,1.5270766019821167
18,0.7939221262931824,0.4785062074661255,0.6136363744735718,0.9824658036231995
19,0.8008072376251221,0.4673714339733124,0.6331169009208679,1.512581706047058
20,0.8027065396308899,0.4685900807380676,0.6309523582458496,1.5714067220687866
21,0.8117284178733826,0.4361358880996704,0.6764069199562073,0.8712143301963806
22,0.8084045648574829,0.4478849768638611,0.6385281682014465,1.2185437679290771
23,0.8216999173164368,0.42923781275749207,0.612554132938385,0.9787590503692627
24,0.8224121332168579,0.40961596369743347,0.5562770366668701,1.7136585712432861
25,0.8221747279167175,0.4151037931442261,0.6201298832893372,1.455204725265503
26,0.8340455889701843,0.39065077900886536,0.5930736064910889,1.5773533582687378
27,0.8444918990135193,0.3797256350517273,0.5974025726318359,1.1926710605621338
28,0.8433048725128174,0.37688639760017395,0.5833333134651184,1.53239905834198
29,0.8437796831130981,0.37619397044181824,0.6287878751754761,1.6937644481658936
30,0.8404558300971985,0.3744134306907654,0.5216450095176697,1.686856746673584
31,0.8506647944450378,0.3518643379211426,0.600649356842041,1.0320453643798828
32,0.8504273295402527,0.3462504744529724,0.6385281682014465,1.341030240058899
33,0.8558879494667053,0.3465638756752014,0.6525974273681641,1.0151132345199585
34,0.8547008633613586,0.3428735136985779,0.5227272510528564,1.8798352479934692
35,0.8727445602416992,0.31422173976898193,0.5952380895614624,1.1990046501159668
