epoch,accuracy,loss,val_accuracy,val_loss
0,0.5199429988861084,1.2109438180923462,0.3874458968639374,1.9849003553390503
1,0.6270180344581604,0.9547520279884338,0.3484848439693451,2.0154550075531006
2,0.6467236280441284,0.8576309084892273,0.5800865888595581,0.9247497320175171
3,0.6673789024353027,0.8122331500053406,0.6233766078948975,0.9000922441482544
4,0.692307710647583,0.7498570084571838,0.5692640542984009,1.0781477689743042
5,0.7053655982017517,0.7126688957214355,0.588744580745697,1.087006688117981
6,0.7283950448036194,0.6678825616836548,0.6677489280700684,1.0275148153305054
7,0.7369420528411865,0.6402094960212708,0.6471861600875854,1.0292497873306274
8,0.7343304753303528,0.6387304663658142,0.6385281682014465,1.138588786125183
9,0.7473884224891663,0.5966655015945435,0.5930736064910889,0.9344755411148071
10,0.752136766910553,0.6028887033462524,0.6634199023246765,1.1033772230148315
11,0.7635327577590942,0.5638514161109924,0.6829004287719727,0.9934206008911133
12,0.7711300849914551,0.5602232217788696,0.5930736064910889,1.0742605924606323
13,0.7768281102180481,0.5124822854995728,0.6179653406143188,1.13052499294281
14,0.7782526016235352,0.5255824327468872,0.5779221057891846,0.9370843172073364
15,0.7917853593826294,0.49364325404167175,0.6558441519737244,1.067748785018921
16,0.7891737818717957,0.4954968988895416,0.5876623392105103,1.3890255689620972
17,0.8093542456626892,0.4653513431549072,0.6309523582458496,1.3138697147369385
18,0.8055555820465088,0.4605543613433838,0.5930736064910889,1.992522120475769
19,0.811965823173523,0.45919379591941833,0.5941558480262756,1.3023625612258911
20,0.8117284178733826,0.45203712582588196,0.6818181872367859,0.8979530334472656
21,0.8148148059844971,0.4316670894622803,0.5844155550003052,1.226438045501709
22,0.8328585028648376,0.41144412755966187,0.6558441519737244,1.2615103721618652
23,0.8264482617378235,0.4117596447467804,0.5627705454826355,1.038941740989685
24,0.8359448909759521,0.40035706758499146,0.6136363744735718,0.9937716126441956
25,0.8354700803756714,0.3869035840034485,0.588744580745697,1.456588625907898
26,0.851377010345459,0.3764205574989319,0.6298701167106628,0.9725227952003479
27,0.8480531573295593,0.3658246397972107,0.5194805264472961,1.1594947576522827
28,0.8430674076080322,0.3725588321685791,0.5865800976753235,1.364263653755188
29,0.8554130792617798,0.33924365043640137,0.5865800976753235,1.306658387184143
30,0.8547008633613586,0.35345759987831116,0.6406926512718201,1.181823492050171
31,0.8637226819992065,0.3292173147201538,0.6233766078948975,1.5212230682373047
32,0.8691833019256592,0.331338495016098,0.5898268222808838,1.7367446422576904
33,0.8663342595100403,0.31196925044059753,0.5205627679824829,2.072030782699585
34,0.8708451986312866,0.3197120428085327,0.5930736064910889,1.133402943611145
35,0.8722696900367737,0.30176877975463867,0.5941558480262756,1.482489824295044
36,0.8734567761421204,0.3072470724582672,0.6471861600875854,1.1384702920913696
37,0.8725070953369141,0.30290383100509644,0.6147186160087585,1.0763026475906372
38,0.8774929046630859,0.2898096442222595,0.5681818127632141,2.305180788040161
39,0.8777303099632263,0.29128074645996094,0.5963203310966492,1.398777723312378
40,0.87678062915802,0.2927500009536743,0.6309523582458496,1.3707585334777832
41,0.8915004730224609,0.26646870374679565,0.5584415793418884,2.1359734535217285
42,0.8976733088493347,0.24570472538471222,0.5032467246055603,2.1527035236358643
43,0.8990978002548218,0.2613310217857361,0.5952380895614624,1.343601107597351
44,0.9012345671653748,0.2521403133869171,0.548701286315918,2.4383528232574463
45,0.9026590585708618,0.23778696358203888,0.6017315983772278,1.5785658359527588
