epoch,accuracy,loss,val_accuracy,val_loss
0,0.5408356785774231,1.1873153448104858,0.1872294396162033,1.893611192703247
1,0.6284425258636475,0.9581212997436523,0.3419913351535797,1.9045076370239258
2,0.6633428335189819,0.8567363619804382,0.5670995712280273,1.0481210947036743
3,0.6764007806777954,0.801216721534729,0.6547619104385376,0.9164204001426697
4,0.704178512096405,0.7364837527275085,0.6428571343421936,0.9373302459716797
5,0.7184235453605652,0.696397066116333,0.6861472129821777,0.9632661938667297
6,0.7210351228713989,0.6754847168922424,0.6677489280700684,1.2721946239471436
7,0.7288699150085449,0.6390162110328674,0.6742424368858337,1.3524706363677979
8,0.730294406414032,0.6376543641090393,0.6547619104385376,1.0182242393493652
9,0.7378917336463928,0.623490571975708,0.5422077775001526,0.9441651701927185
10,0.7485755085945129,0.5795071125030518,0.6558441519737244,1.2785592079162598
11,0.7623456716537476,0.5672016739845276,0.6103895902633667,1.0454866886138916
12,0.7670940160751343,0.5426384806632996,0.6569263935089111,1.0721921920776367
13,0.7713675498962402,0.5376940965652466,0.6071428656578064,0.9758619666099548
14,0.7716049551963806,0.5401513576507568,0.5984848737716675,1.0598986148834229
15,0.7801519632339478,0.510398268699646,0.6385281682014465,1.5161349773406982
16,0.8000949621200562,0.47635820508003235,0.6158008575439453,1.0005695819854736
17,0.8005697727203369,0.479289174079895,0.5963203310966492,1.0331100225448608
18,0.8214625120162964,0.43757468461990356,0.6244588494300842,1.2297154664993286
19,0.8167141675949097,0.4509884715080261,0.6060606241226196,1.1332958936691284
20,0.8200379610061646,0.42494717240333557,0.5800865888595581,1.0761842727661133
21,0.8269230723381042,0.42508620023727417,0.5303030014038086,0.9134331345558167
22,0.8314340114593506,0.40885215997695923,0.6017315983772278,1.2815656661987305
23,0.8328585028648376,0.3981681764125824,0.5909090638160706,1.1126097440719604
24,0.8361823558807373,0.39231860637664795,0.6482684016227722,1.2884352207183838
25,0.8454415798187256,0.37046846747398376,0.5822510719299316,1.3306944370269775
26,0.8473409414291382,0.3722703754901886,0.540043294429779,1.3672581911087036
27,0.8494777083396912,0.36027395725250244,0.5735930800437927,1.0512127876281738
28,0.8547008633613586,0.3559281826019287,0.6363636255264282,1.3028779029846191
29,0.8625355958938599,0.3379582166671753,0.576839804649353,1.6940690279006958
30,0.8632478713989258,0.3340831995010376,0.6385281682014465,1.107290506362915
31,0.8656220436096191,0.32904767990112305,0.5909090638160706,1.3625297546386719
32,0.8720322847366333,0.32473060488700867,0.6244588494300842,1.0274845361709595
33,0.8689458966255188,0.32608217000961304,0.5573592782020569,1.6647084951400757
34,0.875356137752533,0.31291520595550537,0.5508658289909363,1.9073338508605957
35,0.8751187324523926,0.2979244887828827,0.5681818127632141,1.3117130994796753
36,0.8729819655418396,0.3056003451347351,0.5649350881576538,1.349555492401123
37,0.8663342595100403,0.3131462335586548,0.5941558480262756,1.1336402893066406
38,0.8846153616905212,0.28024283051490784,0.548701286315918,1.532812237739563
39,0.8822411894798279,0.28633788228034973,0.5779221057891846,1.5448098182678223
40,0.8915004730224609,0.2622763216495514,0.560606062412262,1.5392199754714966
41,0.8891263008117676,0.26889413595199585,0.5194805264472961,1.5101927518844604
42,0.8903133869171143,0.26693445444107056,0.6677489280700684,1.1406428813934326
43,0.8998100757598877,0.25221478939056396,0.6114718317985535,0.9999530911445618
44,0.8912630677223206,0.25123655796051025,0.5844155550003052,2.2836203575134277
45,0.9019468426704407,0.2343568205833435,0.5703462958335876,1.7615255117416382
46,0.8933998346328735,0.2574096620082855,0.6969696879386902,1.2680256366729736
