epoch,accuracy,loss,val_accuracy,val_loss
0,0.49430200457572937,1.2579622268676758,0.24242424964904785,1.61314058303833
1,0.6277303099632263,0.960946798324585,0.4025973975658417,1.6232858896255493
2,0.6564577221870422,0.8672171235084534,0.6114718317985535,0.8987432718276978
3,0.6877967715263367,0.7932396531105042,0.5735930800437927,0.8951032161712646
4,0.7075023651123047,0.7378140091896057,0.5411255359649658,1.4273465871810913
5,0.7089268565177917,0.7154784798622131,0.5898268222808838,1.111518383026123
6,0.7191358208656311,0.6707623600959778,0.5963203310966492,1.2474703788757324
7,0.7348053455352783,0.6389313340187073,0.5963203310966492,1.1939647197723389
8,0.7397910952568054,0.619309663772583,0.6515151262283325,1.0512326955795288
9,0.7426400780677795,0.6038252711296082,0.6450216174125671,0.8157614469528198
10,0.7575973272323608,0.5723740458488464,0.5930736064910889,1.2409800291061401
11,0.7706552743911743,0.559130847454071,0.6677489280700684,0.8844622373580933
12,0.7685185074806213,0.5417218208312988,0.6179653406143188,1.1994779109954834
13,0.7699429988861084,0.5348288416862488,0.6439393758773804,0.9303780794143677
14,0.777540385723114,0.526161789894104,0.7175324559211731,0.7812871336936951
15,0.7905982732772827,0.5058325529098511,0.6461039185523987,0.9567914605140686
16,0.797245979309082,0.49088728427886963,0.6580086350440979,1.0029553174972534
17,0.7965337038040161,0.4828279912471771,0.612554132938385,1.2813186645507812
18,0.8093542456626892,0.45615294575691223,0.6266233921051025,1.1650792360305786
19,0.8034188151359558,0.47301241755485535,0.4826839864253998,1.9613313674926758
20,0.811253547668457,0.44524139165878296,0.6406926512718201,0.8543065786361694
21,0.819088339805603,0.4347459673881531,0.6277056336402893,0.8660609722137451
22,0.8160018920898438,0.4361609220504761,0.5346320271492004,2.0027029514312744
23,0.8292972445487976,0.41611477732658386,0.600649356842041,1.2040104866027832
24,0.8354700803756714,0.3881281018257141,0.6428571343421936,1.3009806871414185
25,0.8326210975646973,0.3961779773235321,0.6287878751754761,1.0708482265472412
26,0.838793933391571,0.38478705286979675,0.6634199023246765,0.8358345627784729
27,0.831671416759491,0.39946702122688293,0.6688311696052551,0.9925995469093323
28,0.8411681056022644,0.36913156509399414,0.5844155550003052,1.7876850366592407
29,0.854938268661499,0.3530018627643585,0.6450216174125671,1.0721052885055542
30,0.8573124408721924,0.34821775555610657,0.6352813839912415,1.1556642055511475
31,0.8520892858505249,0.35146722197532654,0.5324675440788269,1.465246319770813
32,0.8701329827308655,0.33570706844329834,0.7077922224998474,1.021226167678833
33,0.8625355958938599,0.3314666450023651,0.5313853025436401,2.1065073013305664
34,0.8639600872993469,0.3207140266895294,0.5974025726318359,1.3401769399642944
35,0.8717948794364929,0.3129940629005432,0.6428571343421936,1.7623072862625122
36,0.87678062915802,0.30440300703048706,0.6038960814476013,1.5234013795852661
37,0.87678062915802,0.29697901010513306,0.6255411505699158,2.337538242340088
38,0.8748812675476074,0.3158239722251892,0.661255419254303,0.9216391444206238
39,0.8760683536529541,0.28370964527130127,0.5248917937278748,1.93862783908844
