epoch,accuracy,loss,val_accuracy,val_loss
0,0.5204178690910339,1.207537055015564,0.27813851833343506,2.0324747562408447
1,0.628917396068573,0.9627977609634399,0.40584415197372437,1.9144600629806519
2,0.6509971618652344,0.8836719393730164,0.5649350881576538,0.9444504976272583
3,0.6823362112045288,0.7933317422866821,0.6212121248245239,0.8326104879379272
4,0.7058404684066772,0.7492899894714355,0.576839804649353,1.1452672481536865
5,0.704890787601471,0.7151505351066589,0.6179653406143188,1.0710965394973755
6,0.7172364592552185,0.687455952167511,0.6558441519737244,1.0443967580795288
7,0.7400285005569458,0.6434783935546875,0.6807359457015991,1.1296806335449219
8,0.7298195362091064,0.6282048225402832,0.5703462958335876,1.044918417930603
9,0.7476258277893066,0.5991794466972351,0.6396104097366333,0.9871242046356201
10,0.7613959908485413,0.5825962424278259,0.6450216174125671,1.1200536489486694
11,0.7727920413017273,0.5795072913169861,0.6645021438598633,1.1350529193878174
12,0.7611585855484009,0.5605410933494568,0.6720778942108154,1.0295021533966064
13,0.7644824385643005,0.5556807518005371,0.5974025726318359,1.1785058975219727
14,0.7689933776855469,0.5421050190925598,0.6179653406143188,1.426243543624878
15,0.7903608679771423,0.49253708124160767,0.6309523582458496,0.9604940414428711
16,0.7863247990608215,0.5002703070640564,0.5108225345611572,1.156326413154602
17,0.7984330654144287,0.496712327003479,0.6720778942108154,1.14715576171875
18,0.7974833846092224,0.47941020131111145,0.6266233921051025,0.9943996667861938
19,0.8079297542572021,0.4621833562850952,0.6255411505699158,1.4063769578933716
20,0.8069800734519958,0.4592685401439667,0.6439393758773804,1.232232928276062
21,0.8129155039787292,0.43318650126457214,0.5854978561401367,1.8410835266113281
22,0.811253547668457,0.44326698780059814,0.6287878751754761,1.2653006315231323
23,0.8262107968330383,0.4257756471633911,0.5790043473243713,1.418189287185669
24,0.8228870034217834,0.4257727563381195,0.6277056336402893,1.0345706939697266
25,0.8283475637435913,0.4089369475841522,0.6352813839912415,1.1065025329589844
26,0.8167141675949097,0.42678019404411316,0.5811688303947449,1.9428484439849854
27,0.8319088220596313,0.40145808458328247,0.6114718317985535,1.1516562700271606
28,0.8416429162025452,0.3835054337978363,0.6590909361839294,0.8743755221366882
