epoch,accuracy,loss,val_accuracy,val_loss
0,0.5277777910232544,1.2139919996261597,0.36471861600875854,1.8515328168869019
1,0.6320037841796875,0.9646515846252441,0.3311688303947449,1.654983401298523
2,0.6415004730224609,0.8820520639419556,0.5930736064910889,0.9452654719352722
3,0.6783000826835632,0.8037822842597961,0.6201298832893372,0.998073935508728
4,0.6949192881584167,0.7561742067337036,0.6136363744735718,1.0675411224365234
5,0.7034662961959839,0.7252880334854126,0.5952380895614624,1.00977623462677
6,0.7179487347602844,0.6897435784339905,0.6363636255264282,1.1715688705444336
7,0.7250712513923645,0.644700825214386,0.6709956526756287,0.9838510751724243
8,0.7416903972625732,0.6205449104309082,0.6363636255264282,0.9688432812690735
9,0.7431148886680603,0.623978316783905,0.6385281682014465,1.027222752571106
10,0.7585470080375671,0.5994671583175659,0.6309523582458496,1.2501975297927856
11,0.7507122755050659,0.5816701054573059,0.6255411505699158,1.1547107696533203
12,0.7571225166320801,0.5574473142623901,0.6504328846931458,1.0917351245880127
13,0.7635327577590942,0.5453823804855347,0.5638527870178223,1.3501511812210083
14,0.7787274718284607,0.5220242738723755,0.5822510719299316,1.138039231300354
15,0.7761158347129822,0.5282618999481201,0.7229437232017517,0.9442548155784607
16,0.777540385723114,0.5157948136329651,0.5476190447807312,0.9617602229118347
17,0.8003323674201965,0.4847731590270996,0.6320346593856812,1.3162175416946411
18,0.7977207899093628,0.47963130474090576,0.6396104097366333,1.1653133630752563
19,0.8027065396308899,0.46389058232307434,0.6352813839912415,1.303390622138977
20,0.8129155039787292,0.45765748620033264,0.6038960814476013,1.1209874153137207
21,0.819088339805603,0.440012127161026,0.5692640542984009,1.5775455236434937
22,0.8176637887954712,0.4273987114429474,0.6038960814476013,1.2408244609832764
23,0.8188508749008179,0.42988476157188416,0.6298701167106628,1.1477551460266113
24,0.8311966061592102,0.40642985701560974,0.5898268222808838,1.2528759241104126
25,0.8297720551490784,0.3955463767051697,0.6341991424560547,1.1889170408248901
26,0.8283475637435913,0.39475926756858826,0.5573592782020569,1.1555806398391724
27,0.840930700302124,0.38434067368507385,0.5660173296928406,1.3969345092773438
28,0.8444918990135193,0.3716166615486145,0.6807359457015991,0.8841198086738586
29,0.8447293639183044,0.3638526499271393,0.6114718317985535,1.1926254034042358
30,0.8425925970077515,0.36771446466445923,0.6103895902633667,1.4425904750823975
31,0.8520892858505249,0.3468922972679138,0.600649356842041,1.2602018117904663
32,0.853513777256012,0.34776070713996887,0.5541125535964966,1.95683753490448
33,0.8670465350151062,0.33238503336906433,0.6244588494300842,1.080546498298645
34,0.8646723628044128,0.3278610408306122,0.5616883039474487,1.505298137664795
35,0.8653846383094788,0.32889389991760254,0.588744580745697,1.0930039882659912
36,0.8684710264205933,0.3115730881690979,0.5649350881576538,1.7394248247146606
37,0.8782051205635071,0.29442456364631653,0.560606062412262,1.8404103517532349
38,0.8734567761421204,0.2959531843662262,0.5454545617103577,1.267763614654541
39,0.8734567761421204,0.3003447651863098,0.5930736064910889,1.1088582277297974
40,0.8725070953369141,0.2920638620853424,0.6093073487281799,1.5618629455566406
41,0.8881766200065613,0.2770545482635498,0.5844155550003052,1.0917874574661255
42,0.8846153616905212,0.2709445357322693,0.6049783825874329,1.9677742719650269
43,0.8834282755851746,0.2715447247028351,0.5313853025436401,1.5633927583694458
44,0.8874644041061401,0.27314943075180054,0.6190476417541504,1.3098379373550415
45,0.8853276371955872,0.2738708555698395,0.5681818127632141,1.3679280281066895
46,0.8877018094062805,0.2601293921470642,0.5346320271492004,1.793675422668457
47,0.8919752836227417,0.26611098647117615,0.5800865888595581,1.3792941570281982
48,0.900759756565094,0.24356843531131744,0.6515151262283325,1.8825280666351318
49,0.900759756565094,0.23967185616493225,0.6049783825874329,1.4479857683181763
