epoch,accuracy,loss,val_accuracy,val_loss
0,0.4829059839248657,1.2222977876663208,0.2997835576534271,2.2175374031066895
1,0.6265432238578796,0.9539309740066528,0.3517315983772278,2.0564815998077393
2,0.662630558013916,0.8472375273704529,0.6060606241226196,0.8828845620155334
3,0.6858974099159241,0.7793269753456116,0.5909090638160706,0.9263520836830139
4,0.6963437795639038,0.7315126061439514,0.5941558480262756,1.1340739727020264
5,0.7162867784500122,0.6928446888923645,0.5454545617103577,1.10402512550354
6,0.732431173324585,0.6665595173835754,0.5963203310966492,0.9247676134109497
7,0.7295821309089661,0.638584554195404,0.5909090638160706,1.2264025211334229
8,0.7393162250518799,0.6254241466522217,0.6525974273681641,1.142767071723938
9,0.7552231550216675,0.5937540531158447,0.6093073487281799,0.8610516786575317
10,0.7552231550216675,0.5850789546966553,0.637445867061615,1.0465768575668335
11,0.7590218186378479,0.5727030038833618,0.5497835278511047,1.1154118776321411
12,0.7725545763969421,0.5462523102760315,0.612554132938385,1.1228370666503906
13,0.7749287486076355,0.5226624608039856,0.5573592782020569,1.9307143688201904
14,0.7834757566452026,0.5176624059677124,0.6569263935089111,0.9137483835220337
15,0.785849928855896,0.518031656742096,0.6309523582458496,1.1095995903015137
16,0.8017568588256836,0.4693610966205597,0.6515151262283325,0.9960553646087646
17,0.7946344017982483,0.4875129461288452,0.5984848737716675,1.1348682641983032
18,0.8048433065414429,0.4530147910118103,0.6287878751754761,1.3207613229751587
19,0.8079297542572021,0.4592350423336029,0.6320346593856812,1.4392954111099243
20,0.8015194535255432,0.4634951949119568,0.536796510219574,1.357054591178894
21,0.819088339805603,0.4423883855342865,0.5963203310966492,1.2755082845687866
22,0.829534649848938,0.4247734844684601,0.6471861600875854,1.2367442846298218
23,0.8247863054275513,0.41993099451065063,0.5833333134651184,1.0591883659362793
24,0.8262107968330383,0.4098238945007324,0.6569263935089111,1.2030349969863892
25,0.8354700803756714,0.3953099846839905,0.713203489780426,0.8887048959732056
26,0.8349952697753906,0.39328187704086304,0.6796537041664124,1.0033643245697021
27,0.8421177864074707,0.37863191962242126,0.6547619104385376,1.1939480304718018
28,0.8404558300971985,0.3738476037979126,0.5984848737716675,1.3804612159729004
29,0.8516144156455994,0.3496323525905609,0.6028138399124146,1.5994060039520264
30,0.851377010345459,0.35439160466194153,0.6017315983772278,1.6098003387451172
31,0.8518518805503845,0.3693511188030243,0.6190476417541504,1.5766503810882568
32,0.8563627600669861,0.34361398220062256,0.6850649118423462,0.8372458219528198
33,0.8615859746932983,0.33241239190101624,0.5735930800437927,1.1469815969467163
34,0.871082603931427,0.3254297375679016,0.5800865888595581,1.3087859153747559
35,0.8651471734046936,0.32447680830955505,0.6742424368858337,1.2525571584701538
36,0.8708451986312866,0.30806005001068115,0.5898268222808838,1.2482860088348389
37,0.87321937084198,0.30713754892349243,0.5941558480262756,1.7885117530822754
38,0.8694207072257996,0.305196613073349,0.5800865888595581,1.2939790487289429
39,0.8796296119689941,0.29131171107292175,0.5443723201751709,1.1112360954284668
40,0.8772554397583008,0.2894088625907898,0.5465368032455444,1.8160258531570435
41,0.8793922066688538,0.2940366268157959,0.7088744640350342,1.1186872720718384
42,0.8815289735794067,0.2808140814304352,0.6201298832893372,1.3334020376205444
43,0.8979107141494751,0.25137487053871155,0.6558441519737244,1.1256115436553955
44,0.8869895339012146,0.26520422101020813,0.5627705454826355,1.8330684900283813
45,0.8981481194496155,0.25456342101097107,0.6807359457015991,1.4322794675827026
46,0.8943494558334351,0.26216813921928406,0.572510838508606,1.3351342678070068
47,0.9017093777656555,0.24306492507457733,0.5963203310966492,1.1461807489395142
48,0.900759756565094,0.23564928770065308,0.5898268222808838,1.8896663188934326
49,0.9119183421134949,0.2259529083967209,0.5021644830703735,2.1809544563293457
