epoch,accuracy,loss,val_accuracy,val_loss
0,0.5116334557533264,1.2189998626708984,0.31926408410072327,2.1418795585632324
1,0.625356137752533,0.9645352363586426,0.35822510719299316,1.9389429092407227
2,0.6569325923919678,0.8609698414802551,0.5865800976753235,1.0051156282424927
3,0.6759259104728699,0.8013492226600647,0.5963203310966492,0.9765431880950928
4,0.6911206245422363,0.7508829236030579,0.6201298832893372,1.1269736289978027
5,0.714150071144104,0.7068353891372681,0.6623376607894897,0.8802239894866943
6,0.7191358208656311,0.6803410053253174,0.6331169009208679,0.9631885886192322
7,0.7364672422409058,0.639193058013916,0.6504328846931458,0.9961606860160828
8,0.7352801561355591,0.6286342144012451,0.6147186160087585,1.0861515998840332
9,0.7518993616104126,0.6030049324035645,0.6417748928070068,1.105578899383545
10,0.7616334557533264,0.590259313583374,0.6504328846931458,1.1773157119750977
11,0.7618708610534668,0.5697356462478638,0.637445867061615,1.0095549821853638
12,0.768281102180481,0.5584296584129333,0.6482684016227722,1.0660227537155151
13,0.7730294466018677,0.5503808259963989,0.6406926512718201,1.0692417621612549
14,0.7780151963233948,0.5204125046730042,0.6623376607894897,1.2199267148971558
15,0.7867996096611023,0.5192257761955261,0.637445867061615,1.060564637184143
16,0.7863247990608215,0.5028723478317261,0.6017315983772278,1.2658116817474365
17,0.7974833846092224,0.48180094361305237,0.5919913649559021,1.2561073303222656
18,0.8046059012413025,0.47308045625686646,0.6482684016227722,1.2331655025482178
19,0.8053181171417236,0.4573594927787781,0.6915584206581116,1.303884506225586
20,0.8138651251792908,0.4588886499404907,0.661255419254303,1.366504192352295
21,0.8065052032470703,0.45794060826301575,0.5854978561401367,0.9991155862808228
22,0.8174263834953308,0.4441460967063904,0.5584415793418884,1.0754172801971436
23,0.8302469253540039,0.42121177911758423,0.5984848737716675,1.1065585613250732
24,0.8326210975646973,0.40897494554519653,0.6439393758773804,1.5279210805892944
25,0.8304843306541443,0.4063832461833954,0.5844155550003052,1.5071561336517334
26,0.8354700803756714,0.40246114134788513,0.612554132938385,1.4914888143539429
27,0.8383190631866455,0.3785780966281891,0.6049783825874329,1.3618311882019043
28,0.8392687439918518,0.3792248070240021,0.6764069199562073,1.1151847839355469
29,0.8468660712242126,0.37303778529167175,0.5854978561401367,1.0701216459274292
30,0.8497151136398315,0.3698638081550598,0.6331169009208679,0.9906983971595764
