epoch,accuracy,loss,val_accuracy,val_loss
0,0.5287274718284607,1.2047048807144165,0.19264069199562073,2.0405519008636475
1,0.6296296119689941,0.934633731842041,0.3419913351535797,2.1662421226501465
2,0.659069299697876,0.8450135588645935,0.6049783825874329,0.997221827507019
3,0.6823362112045288,0.7785995602607727,0.6298701167106628,0.9399040937423706
4,0.6961063742637634,0.739808201789856,0.6017315983772278,1.0854352712631226
5,0.7150996923446655,0.6883655786514282,0.6677489280700684,1.0225545167922974
6,0.7264957427978516,0.6713933348655701,0.6796537041664124,1.0665225982666016
7,0.7295821309089661,0.6485956907272339,0.6525974273681641,0.9597679972648621
8,0.7355175614356995,0.6219412684440613,0.6406926512718201,0.9163816571235657
9,0.7566476464271545,0.5859875679016113,0.673160195350647,1.0032289028167725
10,0.7516618967056274,0.59604412317276,0.6536796689033508,1.172369360923767
11,0.7552231550216675,0.5857218503952026,0.5995671153068542,1.0208189487457275
12,0.7592592835426331,0.5664061307907104,0.5800865888595581,0.9940546751022339
13,0.7770655155181885,0.532032310962677,0.6504328846931458,1.1991544961929321
14,0.775403618812561,0.5237872004508972,0.6829004287719727,0.9225165247917175
15,0.782288670539856,0.525908887386322,0.6558441519737244,1.1991138458251953
16,0.793684720993042,0.490288108587265,0.5746753215789795,1.1116447448730469
17,0.7896486520767212,0.4890100061893463,0.6277056336402893,1.4638091325759888
18,0.7948718070983887,0.48394453525543213,0.6829004287719727,1.2041833400726318
19,0.8055555820465088,0.4618113338947296,0.5649350881576538,1.2031619548797607
20,0.791547954082489,0.4670446217060089,0.5941558480262756,1.0087674856185913
21,0.8031814098358154,0.4606553912162781,0.5335497856140137,1.4326430559158325
22,0.8157644867897034,0.44053909182548523,0.6277056336402893,1.1575112342834473
23,0.8266856670379639,0.4127225875854492,0.6049783825874329,1.0092226266860962
24,0.8240740895271301,0.4166014790534973,0.5800865888595581,1.9072668552398682
25,0.830959141254425,0.40811559557914734,0.6017315983772278,1.3933985233306885
26,0.835232675075531,0.3914248049259186,0.5876623392105103,1.0457035303115845
27,0.8380816578865051,0.3783533573150635,0.6136363744735718,1.2415822744369507
28,0.8378442525863647,0.3795560598373413,0.5508658289909363,1.1795035600662231
29,0.8416429162025452,0.37896275520324707,0.6190476417541504,1.0761622190475464
30,0.8556505441665649,0.3546481132507324,0.5454545617103577,1.5627905130386353
31,0.8437796831130981,0.36587366461753845,0.5573592782020569,1.4291789531707764
32,0.8599240183830261,0.33097022771835327,0.7045454382896423,1.0994480848312378
33,0.8516144156455994,0.3438125252723694,0.5941558480262756,1.1049755811691284
