epoch,accuracy,loss,val_accuracy,val_loss
0,0.518281102180481,1.2199077606201172,0.3950216472148895,1.9579445123672485
1,0.6317663788795471,0.9521140456199646,0.41233766078948975,1.7235692739486694
2,0.6638176441192627,0.8368618488311768,0.5984848737716675,0.9520079493522644
3,0.6792497634887695,0.7940380573272705,0.6071428656578064,0.9315752387046814
4,0.7006173133850098,0.7348387241363525,0.6287878751754761,1.0277669429779053
5,0.7158119678497314,0.6930029988288879,0.6406926512718201,0.8467094302177429
6,0.7174738645553589,0.6896883845329285,0.6222943663597107,1.0437312126159668
7,0.7364672422409058,0.6203196048736572,0.6515151262283325,1.1091227531433105
8,0.7450142502784729,0.6167173385620117,0.6536796689033508,0.9655700922012329
9,0.7504748106002808,0.6085217595100403,0.661255419254303,1.3812538385391235
10,0.7678062915802002,0.5621597170829773,0.5941558480262756,1.1663681268692017
11,0.7742165327072144,0.5530983805656433,0.5952380895614624,1.2004616260528564
12,0.7704178690910339,0.5486074686050415,0.5876623392105103,0.927776575088501
13,0.7777777910232544,0.5224652886390686,0.6926407217979431,1.0545909404754639
14,0.7889363765716553,0.5105875730514526,0.6331169009208679,1.233568787574768
15,0.7839506268501282,0.5029038786888123,0.6309523582458496,0.8204454183578491
16,0.8060303926467896,0.4726594388484955,0.6179653406143188,1.445737361907959
17,0.7986704707145691,0.4717428684234619,0.6212121248245239,1.1754809617996216
18,0.8029439449310303,0.4681408703327179,0.5779221057891846,1.0333834886550903
19,0.8216999173164368,0.4347103238105774,0.5963203310966492,1.2283283472061157
20,0.8081671595573425,0.45318105816841125,0.6071428656578064,1.1179097890853882
21,0.8228870034217834,0.421665757894516,0.6688311696052551,1.0773801803588867
22,0.8266856670379639,0.4113534092903137,0.6093073487281799,1.8232234716415405
23,0.8271604776382446,0.40340712666511536,0.5833333134651184,1.404802918434143
24,0.8297720551490784,0.4026626944541931,0.6623376607894897,1.0259090662002563
25,0.8307217359542847,0.4046967029571533,0.6915584206581116,0.8962131142616272
26,0.847815752029419,0.3680533468723297,0.5714285969734192,1.2030073404312134
27,0.8468660712242126,0.37593233585357666,0.6233766078948975,1.1091903448104858
28,0.8506647944450378,0.3752595782279968,0.5757575631141663,1.2013170719146729
29,0.8511396050453186,0.365155428647995,0.5551947951316833,1.1739751100540161
30,0.8499525189399719,0.37067025899887085,0.6017315983772278,1.087497591972351
31,0.8620607852935791,0.3350076675415039,0.5984848737716675,1.5624479055404663
32,0.8679962158203125,0.32705816626548767,0.576839804649353,1.6626027822494507
33,0.8656220436096191,0.3294996917247772,0.5692640542984009,1.5895994901657104
34,0.8739316463470459,0.31670457124710083,0.5530303120613098,2.1585896015167236
35,0.8734567761421204,0.3120580017566681,0.649350643157959,1.2677149772644043
36,0.8682336211204529,0.31794920563697815,0.5941558480262756,2.10262131690979
37,0.8770180344581604,0.30125513672828674,0.6071428656578064,1.157999038696289
38,0.8810541033744812,0.2910268008708954,0.6147186160087585,1.60086190700531
39,0.8810541033744812,0.2921139597892761,0.576839804649353,1.6236308813095093
40,0.8736941814422607,0.3000071048736572,0.5757575631141663,1.63901686668396
