epoch,accuracy,loss,lr,val_accuracy,val_loss
0,0.37919825315475464,1.435208797454834,0.001,0.25471699237823486,1.8063631057739258
1,0.5687974095344543,1.0564603805541992,0.001,0.2075471729040146,1.8483046293258667
2,0.6906825304031372,0.7833897471427917,0.001,0.25943395495414734,2.1332814693450928
3,0.7188515663146973,0.6513974070549011,0.001,0.25943395495414734,2.308703899383545
4,0.7394366264343262,0.6284115314483643,0.001,0.23742137849330902,2.1939799785614014
5,0.7583965063095093,0.5519887804985046,0.001,0.14779874682426453,2.321227550506592
6,0.7567713856697083,0.5640188455581665,0.001,0.2688679099082947,2.283088445663452
7,0.7719393372535706,0.5457066893577576,0.001,0.23742137849330902,2.476059913635254
8,0.7638136744499207,0.5459930896759033,0.001,0.22641509771347046,2.5975730419158936
9,0.782231867313385,0.5233734250068665,0.001,0.303459107875824,2.970698595046997
10,0.7881906628608704,0.4903940260410309,0.001,0.2578616440296173,3.5236973762512207
11,0.7854821085929871,0.49913641810417175,0.0003,0.276729553937912,3.6035890579223633
12,0.8093174695968628,0.439739465713501,0.0003,0.2688679099082947,3.9930872917175293
13,0.7979415059089661,0.46369338035583496,0.0003,0.27987420558929443,4.201207160949707
14,0.8125677108764648,0.4444533884525299,0.0003,0.2641509473323822,4.078949451446533
15,0.8049837350845337,0.46049219369888306,0.0003,0.26572325825691223,4.431643486022949
16,0.806067168712616,0.4513115882873535,0.0003,0.2720125913619995,4.407499313354492
17,0.8071506023406982,0.4446331262588501,0.0003,0.2783018946647644,4.050200462341309
18,0.8093174695968628,0.4461234509944916,0.0003,0.2924528419971466,3.9455132484436035
19,0.8125677108764648,0.44099605083465576,0.0003,0.2971698045730591,4.645726203918457
20,0.8212351202964783,0.4192805886268616,0.0003,0.3128930926322937,4.62375020980835
21,0.8174431324005127,0.42548707127571106,9e-05,0.29402515292167664,4.262239456176758
22,0.8255687952041626,0.41343796253204346,9e-05,0.2971698045730591,4.576798439025879
23,0.806067168712616,0.47150543332099915,9e-05,0.28144654631614685,4.370844841003418
24,0.818526566028595,0.41590577363967896,9e-05,0.3050314486026764,4.410989284515381
25,0.823401927947998,0.4128798842430115,9e-05,0.29402515292167664,4.2641730308532715
26,0.8288190960884094,0.41680023074150085,9e-05,0.27987420558929443,4.321410655975342
27,0.8239436745643616,0.41541674733161926,9e-05,0.2783018946647644,4.568850040435791
28,0.8223185539245605,0.4281005263328552,9e-05,0.28144654631614685,4.450795650482178
29,0.8255687952041626,0.415878564119339,9e-05,0.2971698045730591,4.477662086486816
30,0.8125677108764648,0.44191592931747437,9e-05,0.2845911979675293,4.27257776260376
31,0.8206933736801147,0.43365779519081116,2.7e-05,0.2861635088920593,4.402658939361572
32,0.8261104822158813,0.41564756631851196,2.7e-05,0.2861635088920593,4.4191670417785645
33,0.8347778916358948,0.39896538853645325,2.7e-05,0.2861635088920593,4.44798469543457
34,0.8315276503562927,0.40484583377838135,2.7e-05,0.2861635088920593,4.490629196166992
35,0.8239436745643616,0.41929447650909424,2.7e-05,0.28930819034576416,4.4386773109436035
36,0.8190682530403137,0.4136548936367035,2.7e-05,0.2924528419971466,4.5188212394714355
37,0.8147345781326294,0.42913055419921875,2.7e-05,0.2924528419971466,4.418081760406494
38,0.8304442167282104,0.408236026763916,2.7e-05,0.2924528419971466,4.382571220397949
39,0.8320693373680115,0.39439380168914795,2.7e-05,0.28930819034576416,4.389330863952637
40,0.8385698795318604,0.4135861098766327,2.7e-05,0.28930819034576416,4.416524410247803
41,0.8190682530403137,0.4197046756744385,8.1e-06,0.28930819034576416,4.4015631675720215
42,0.8104008436203003,0.43835052847862244,8.1e-06,0.28930819034576416,4.417928218841553
43,0.807692289352417,0.4189358651638031,8.1e-06,0.28930819034576416,4.413392066955566
44,0.8125677108764648,0.42875418066978455,8.1e-06,0.28930819034576416,4.430034160614014
45,0.8136511445045471,0.4473183751106262,8.1e-06,0.28930819034576416,4.418437480926514
46,0.834236204624176,0.42129188776016235,8.1e-06,0.2908805012702942,4.431732177734375
47,0.8271939158439636,0.41337791085243225,8.1e-06,0.2908805012702942,4.404865264892578
48,0.8320693373680115,0.4111740291118622,8.1e-06,0.2861635088920593,4.402215957641602
49,0.7957746386528015,0.45068201422691345,8.1e-06,0.28773584961891174,4.398544788360596
50,0.8212351202964783,0.41551777720451355,8.1e-06,0.28930819034576416,4.408112525939941
51,0.8271939158439636,0.4151831865310669,2.43e-06,0.28930819034576416,4.417363166809082
52,0.8282773494720459,0.41353729367256165,2.43e-06,0.28930819034576416,4.410011291503906
53,0.8391115665435791,0.39366188645362854,2.43e-06,0.28930819034576416,4.412853240966797
54,0.8174431324005127,0.4236415922641754,2.43e-06,0.28930819034576416,4.416440963745117
55,0.8418201804161072,0.40469908714294434,2.43e-06,0.28930819034576416,4.4178290367126465
56,0.8266522288322449,0.40748700499534607,2.43e-06,0.28930819034576416,4.42131233215332
57,0.8288190960884094,0.4045184254646301,2.43e-06,0.28930819034576416,4.408109188079834
58,0.8293607831001282,0.41244834661483765,2.43e-06,0.28930819034576416,4.410027027130127
59,0.835861325263977,0.3956017792224884,2.43e-06,0.28930819034576416,4.413483142852783
60,0.806067168712616,0.4505440890789032,2.43e-06,0.28773584961891174,4.393306732177734
61,0.834236204624176,0.3985441327095032,1e-06,0.28773584961891174,4.390819072723389
62,0.8244853615760803,0.42110225558280945,1e-06,0.28930819034576416,4.394815921783447
63,0.8326110243797302,0.40905511379241943,1e-06,0.28930819034576416,4.394185543060303
64,0.8282773494720459,0.4289604425430298,1e-06,0.28930819034576416,4.395995140075684
65,0.8374864459037781,0.4008016586303711,1e-06,0.28930819034576416,4.401233673095703
66,0.8255687952041626,0.4025900661945343,1e-06,0.28930819034576416,4.40645694732666
67,0.8336944580078125,0.4094720482826233,1e-06,0.28930819034576416,4.4041666984558105
68,0.8277356624603271,0.40935012698173523,1e-06,0.28773584961891174,4.395169258117676
69,0.8169013857841492,0.4171997606754303,1e-06,0.28930819034576416,4.405134677886963
70,0.8049837350845337,0.423968642950058,1e-06,0.28930819034576416,4.410443305969238
71,0.8374864459037781,0.38858407735824585,1e-06,0.28930819034576416,4.420592784881592
72,0.8299024701118469,0.4121560752391815,1e-06,0.28930819034576416,4.409516334533691
73,0.8299024701118469,0.4114430248737335,1e-06,0.28773584961891174,4.395547866821289
74,0.8304442167282104,0.4096067547798157,1e-06,0.28930819034576416,4.404531955718994
75,0.8282773494720459,0.40350964665412903,1e-06,0.28930819034576416,4.40183162689209
76,0.8196099400520325,0.4136475920677185,1e-06,0.28930819034576416,4.409371852874756
77,0.820151686668396,0.4494677782058716,1e-06,0.28930819034576416,4.414632320404053
78,0.8293607831001282,0.3940601050853729,1e-06,0.28930819034576416,4.414606094360352
79,0.8206933736801147,0.4165157079696655,1e-06,0.28930819034576416,4.409032344818115
80,0.8196099400520325,0.4229627251625061,1e-06,0.28930819034576416,4.415524959564209
81,0.8228602409362793,0.4049389958381653,1e-06,0.28930819034576416,4.413759708404541
82,0.8282773494720459,0.39595267176628113,1e-06,0.28930819034576416,4.418333053588867
83,0.8336944580078125,0.3980114459991455,1e-06,0.28930819034576416,4.409856796264648
84,0.8196099400520325,0.41301286220550537,1e-06,0.28930819034576416,4.409562587738037
85,0.8158180117607117,0.43500953912734985,1e-06,0.28930819034576416,4.400941848754883
86,0.843986988067627,0.399738609790802,1e-06,0.28930819034576416,4.4186224937438965
87,0.8239436745643616,0.42999666929244995,1e-06,0.28930819034576416,4.422464847564697
88,0.8255687952041626,0.4153520464897156,1e-06,0.28930819034576416,4.426718711853027
89,0.8288190960884094,0.40239498019218445,1e-06,0.28930819034576416,4.411292552947998
90,0.8347778916358948,0.4083912670612335,1e-06,0.28930819034576416,4.409852027893066
91,0.8407367467880249,0.39484673738479614,1e-06,0.28930819034576416,4.414284706115723
92,0.8331527709960938,0.40917807817459106,1e-06,0.28930819034576416,4.414239883422852
93,0.8374864459037781,0.39645132422447205,1e-06,0.28930819034576416,4.410614490509033
94,0.8353196382522583,0.404895156621933,1e-06,0.28930819034576416,4.404583930969238
95,0.8131093978881836,0.43441954255104065,1e-06,0.28930819034576416,4.408534049987793
96,0.8277356624603271,0.39873480796813965,1e-06,0.28930819034576416,4.413381576538086
97,0.8391115665435791,0.396209180355072,1e-06,0.28930819034576416,4.41477632522583
98,0.8353196382522583,0.3951677978038788,1e-06,0.28930819034576416,4.419268608093262
99,0.8239436745643616,0.4096442759037018,1e-06,0.28930819034576416,4.419727802276611
100,0.8244853615760803,0.41192543506622314,1e-06,0.28930819034576416,4.420764446258545
