epoch,accuracy,loss,lr,val_accuracy,val_loss
0,0.4008667469024658,1.4546784162521362,0.001,0.25471699237823486,1.7930455207824707
1,0.6126760840415955,0.9704902172088623,0.001,0.25943395495414734,1.8836510181427002
2,0.6809317469596863,0.7785359621047974,0.001,0.25943395495414734,2.049729824066162
3,0.7166846990585327,0.666887104511261,0.001,0.25943395495414734,2.1967108249664307
4,0.7340195178985596,0.61918044090271,0.001,0.16981132328510284,2.265744686126709
5,0.7497291564941406,0.5801423788070679,0.001,0.1462264209985733,2.3068928718566895
6,0.7621884942054749,0.5647828578948975,0.001,0.20283019542694092,2.424774169921875
7,0.7551462650299072,0.5517948269844055,0.001,0.10691823810338974,2.885063409805298
8,0.7703142166137695,0.5208397507667542,0.001,0.1808176040649414,2.5979530811309814
9,0.783856987953186,0.5002921223640442,0.001,0.2515723407268524,3.072136402130127
10,0.7973997592926025,0.48520806431770325,0.001,0.29402515292167664,3.309941053390503
11,0.796316385269165,0.4736121594905853,0.0003,0.29559749364852905,4.074043273925781
12,0.7984831929206848,0.47635743021965027,0.0003,0.29402515292167664,3.8988559246063232
13,0.8098591566085815,0.4476977586746216,0.0003,0.2924528419971466,4.340531826019287
14,0.8087757229804993,0.4509870409965515,0.0003,0.27515724301338196,4.0421881675720215
15,0.7995666265487671,0.45624828338623047,0.0003,0.2861635088920593,4.494096279144287
16,0.8017334938049316,0.4635828137397766,0.0003,0.276729553937912,4.29758882522583
17,0.8131093978881836,0.42547670006752014,0.0003,0.32232704758644104,4.495844841003418
18,0.8174431324005127,0.42598387598991394,0.0003,0.2861635088920593,4.659932613372803
19,0.820151686668396,0.45073023438453674,0.0003,0.26100629568099976,4.616455554962158
20,0.8174431324005127,0.432321697473526,0.0003,0.28930819034576416,4.674622535705566
21,0.8082340359687805,0.47188109159469604,9e-05,0.30817610025405884,4.570024013519287
22,0.8223185539245605,0.41559797525405884,9e-05,0.28144654631614685,4.6499247550964355
23,0.8206933736801147,0.4336089789867401,9e-05,0.2830188572406769,4.511048316955566
24,0.8152762651443481,0.41578736901283264,9e-05,0.2704402506351471,4.7106804847717285
25,0.8174431324005127,0.422092467546463,9e-05,0.27515724301338196,4.592735290527344
26,0.807692289352417,0.443349152803421,9e-05,0.2861635088920593,4.4587578773498535
27,0.8266522288322449,0.43826812505722046,9e-05,0.28773584961891174,4.51149845123291
28,0.8282773494720459,0.4150291085243225,9e-05,0.2625786066055298,4.666133403778076
29,0.821776807308197,0.41729435324668884,9e-05,0.27515724301338196,4.714839935302734
30,0.8320693373680115,0.40367716550827026,9e-05,0.2704402506351471,4.621862888336182
31,0.834236204624176,0.3883656859397888,2.7e-05,0.2720125913619995,4.659819602966309
32,0.8304442167282104,0.41303879022598267,2.7e-05,0.27987420558929443,4.732554912567139
33,0.8277356624603271,0.42741578817367554,2.7e-05,0.2783018946647644,4.665849208831787
34,0.8391115665435791,0.39407896995544434,2.7e-05,0.27987420558929443,4.65160608291626
35,0.8109425902366638,0.44355782866477966,2.7e-05,0.2783018946647644,4.674923896789551
36,0.820151686668396,0.4326814115047455,2.7e-05,0.27987420558929443,4.67509126663208
37,0.820151686668396,0.43237465620040894,2.7e-05,0.2783018946647644,4.672022342681885
38,0.8239436745643616,0.4059562385082245,2.7e-05,0.276729553937912,4.650475978851318
39,0.8521126508712769,0.3951941430568695,2.7e-05,0.27358490228652954,4.6523284912109375
40,0.8288190960884094,0.4159839451313019,2.7e-05,0.2783018946647644,4.793920516967773
41,0.8039003014564514,0.4421961307525635,8.1e-06,0.27987420558929443,4.716386795043945
42,0.8277356624603271,0.41006168723106384,8.1e-06,0.276729553937912,4.7175798416137695
43,0.8331527709960938,0.41465267539024353,8.1e-06,0.2783018946647644,4.7140350341796875
44,0.8288190960884094,0.4088893532752991,8.1e-06,0.276729553937912,4.696150302886963
45,0.8174431324005127,0.42963624000549316,8.1e-06,0.2783018946647644,4.684604167938232
46,0.8082340359687805,0.43953946232795715,8.1e-06,0.2783018946647644,4.685909271240234
47,0.8212351202964783,0.40155312418937683,8.1e-06,0.2783018946647644,4.70247220993042
48,0.8364030122756958,0.40151843428611755,8.1e-06,0.276729553937912,4.713706970214844
49,0.8174431324005127,0.4175495505332947,8.1e-06,0.2783018946647644,4.701631546020508
50,0.8374864459037781,0.40980979800224304,8.1e-06,0.27987420558929443,4.683748722076416
51,0.8429035544395447,0.3834526538848877,2.43e-06,0.276729553937912,4.680772304534912
52,0.8304442167282104,0.41530928015708923,2.43e-06,0.276729553937912,4.679405689239502
53,0.8239436745643616,0.4148404598236084,2.43e-06,0.276729553937912,4.677502632141113
54,0.8396533131599426,0.4045376777648926,2.43e-06,0.2783018946647644,4.6861491203308105
55,0.8401950001716614,0.3837355375289917,2.43e-06,0.2783018946647644,4.6909708976745605
56,0.8212351202964783,0.414196252822876,2.43e-06,0.2783018946647644,4.7046732902526855
57,0.835861325263977,0.4085431396961212,2.43e-06,0.2783018946647644,4.695317268371582
58,0.8261104822158813,0.39654117822647095,2.43e-06,0.2783018946647644,4.691979885101318
59,0.8261104822158813,0.4279056191444397,2.43e-06,0.2783018946647644,4.685244560241699
60,0.821776807308197,0.41559019684791565,2.43e-06,0.276729553937912,4.679716110229492
61,0.8288190960884094,0.40300658345222473,1e-06,0.276729553937912,4.679776191711426
62,0.8223185539245605,0.40137189626693726,1e-06,0.2783018946647644,4.682470321655273
63,0.8239436745643616,0.40283116698265076,1e-06,0.2783018946647644,4.6915669441223145
64,0.8309859037399292,0.4176086187362671,1e-06,0.2783018946647644,4.69137716293335
65,0.8309859037399292,0.4112810790538788,1e-06,0.2783018946647644,4.694634914398193
66,0.8212351202964783,0.4160233736038208,1e-06,0.2783018946647644,4.70189094543457
67,0.8266522288322449,0.42677417397499084,1e-06,0.2783018946647644,4.690441608428955
68,0.8277356624603271,0.42512550950050354,1e-06,0.2783018946647644,4.690720558166504
69,0.8261104822158813,0.4123735725879669,1e-06,0.2783018946647644,4.701594829559326
70,0.8315276503562927,0.3905329406261444,1e-06,0.2783018946647644,4.699741363525391
71,0.8347778916358948,0.406595915555954,1e-06,0.2783018946647644,4.698240756988525
72,0.8320693373680115,0.4114896357059479,1e-06,0.2783018946647644,4.694645404815674
73,0.8190682530403137,0.42708584666252136,1e-06,0.2783018946647644,4.697250843048096
74,0.823401927947998,0.4114023447036743,1e-06,0.2783018946647644,4.696608543395996
75,0.8266522288322449,0.4208478033542633,1e-06,0.2783018946647644,4.694388389587402
76,0.8277356624603271,0.4096935987472534,1e-06,0.2783018946647644,4.689422130584717
77,0.8244853615760803,0.4142007529735565,1e-06,0.2783018946647644,4.69364070892334
78,0.8206933736801147,0.4085938036441803,1e-06,0.2783018946647644,4.6855549812316895
79,0.8347778916358948,0.3968043923377991,1e-06,0.2783018946647644,4.686595439910889
80,0.8261104822158813,0.42085281014442444,1e-06,0.2783018946647644,4.686898708343506
81,0.8347778916358948,0.39434945583343506,1e-06,0.2783018946647644,4.6841559410095215
82,0.8244853615760803,0.40857020020484924,1e-06,0.2783018946647644,4.693605422973633
83,0.8271939158439636,0.4057348668575287,1e-06,0.2783018946647644,4.692586421966553
84,0.8228602409362793,0.4172184467315674,1e-06,0.2783018946647644,4.6883063316345215
85,0.8347778916358948,0.3946036398410797,1e-06,0.2783018946647644,4.685887813568115
86,0.820151686668396,0.4012731611728668,1e-06,0.2783018946647644,4.686105251312256
87,0.8223185539245605,0.42907512187957764,1e-06,0.2783018946647644,4.68825101852417
88,0.8364030122756958,0.4104764759540558,1e-06,0.2783018946647644,4.67771577835083
89,0.8250271081924438,0.4067540466785431,1e-06,0.2783018946647644,4.67751932144165
90,0.8293607831001282,0.4168093204498291,1e-06,0.276729553937912,4.670759677886963
91,0.8255687952041626,0.40535783767700195,1e-06,0.276729553937912,4.67421293258667
92,0.8136511445045471,0.4189687967300415,1e-06,0.2783018946647644,4.686624050140381
93,0.8369447588920593,0.3965194523334503,1e-06,0.2783018946647644,4.680269241333008
94,0.8374864459037781,0.4043147563934326,1e-06,0.2783018946647644,4.679335117340088
95,0.8299024701118469,0.40782180428504944,1e-06,0.2783018946647644,4.687694072723389
96,0.8277356624603271,0.4131683111190796,1e-06,0.2783018946647644,4.6901702880859375
97,0.8385698795318604,0.38305923342704773,1e-06,0.2783018946647644,4.693203449249268
98,0.8331527709960938,0.4164923131465912,1e-06,0.2783018946647644,4.690641403198242
99,0.8282773494720459,0.41635242104530334,1e-06,0.2783018946647644,4.699895858764648
100,0.8255687952041626,0.41738709807395935,1e-06,0.2783018946647644,4.694476127624512
