epoch,accuracy,loss,lr,val_accuracy,val_loss
0,0.3819068372249603,1.4700303077697754,0.001,0.26100629568099976,1.7548614740371704
1,0.5780065059661865,1.0104106664657593,0.001,0.25943395495414734,1.8511054515838623
2,0.6592632532119751,0.8174847364425659,0.001,0.25943395495414734,1.9783819913864136
3,0.7091007828712463,0.6703375577926636,0.001,0.25943395495414734,2.4515981674194336
4,0.7426868677139282,0.5980319976806641,0.001,0.25943395495414734,2.4991676807403564
5,0.7416034936904907,0.5720966458320618,0.001,0.07547169923782349,2.2767558097839355
6,0.7757313251495361,0.563632607460022,0.001,0.06132075563073158,2.3964552879333496
7,0.7762730121612549,0.5383895635604858,0.001,0.20597484707832336,2.780754566192627
8,0.7881906628608704,0.4882705509662628,0.001,0.2830188572406769,2.7785773277282715
9,0.7865655422210693,0.49739429354667664,0.001,0.24213837087154388,3.1828196048736572
10,0.7865655422210693,0.48771700263023376,0.001,0.23113207519054413,3.5449841022491455
11,0.8022751808166504,0.46575719118118286,0.0003,0.30817610025405884,3.929476022720337
12,0.8093174695968628,0.442017138004303,0.0003,0.2625786066055298,3.979123592376709
13,0.8098591566085815,0.4422147870063782,0.0003,0.2562893033027649,4.24711275100708
14,0.8098591566085815,0.4395486116409302,0.0003,0.2830188572406769,4.22268533706665
15,0.8066088557243347,0.4603728950023651,0.0003,0.276729553937912,4.341346740722656
16,0.8001083135604858,0.4562098979949951,0.0003,0.26729559898376465,4.6610846519470215
17,0.8109425902366638,0.44607555866241455,0.0003,0.2704402506351471,4.188605308532715
18,0.8141928315162659,0.43576762080192566,0.0003,0.30031445622444153,4.664094924926758
19,0.8255687952041626,0.42695385217666626,0.0003,0.25314465165138245,4.258087635040283
20,0.8098591566085815,0.4277489483356476,0.0003,0.2971698045730591,4.3251051902771
21,0.8109425902366638,0.44199860095977783,9e-05,0.2861635088920593,4.716904163360596
22,0.8282773494720459,0.39816200733184814,9e-05,0.2861635088920593,4.674006938934326
23,0.823401927947998,0.41361454129219055,9e-05,0.2924528419971466,4.647669315338135
24,0.8271939158439636,0.4060611128807068,9e-05,0.2908805012702942,4.6206536293029785
25,0.8136511445045471,0.44378572702407837,9e-05,0.2704402506351471,4.550414085388184
26,0.8212351202964783,0.43108728528022766,9e-05,0.27987420558929443,4.684659957885742
27,0.8255687952041626,0.42649224400520325,9e-05,0.28773584961891174,4.694484710693359
28,0.8206933736801147,0.41883787512779236,9e-05,0.26100629568099976,4.553095817565918
29,0.8212351202964783,0.41348791122436523,9e-05,0.28773584961891174,4.6593499183654785
30,0.8293607831001282,0.3961404263973236,9e-05,0.2924528419971466,4.718254089355469
31,0.8353196382522583,0.4034743309020996,2.7e-05,0.2908805012702942,4.66336727142334
32,0.823401927947998,0.41819268465042114,2.7e-05,0.2845911979675293,4.61237907409668
33,0.8158180117607117,0.41361308097839355,2.7e-05,0.2830188572406769,4.624594688415527
34,0.834236204624176,0.3878308832645416,2.7e-05,0.28930819034576416,4.684804439544678
35,0.823401927947998,0.4184125065803528,2.7e-05,0.2845911979675293,4.611389636993408
36,0.8104008436203003,0.4447048008441925,2.7e-05,0.2861635088920593,4.648785591125488
37,0.8261104822158813,0.3985790014266968,2.7e-05,0.2845911979675293,4.688088417053223
38,0.8364030122756958,0.4059264063835144,2.7e-05,0.2830188572406769,4.60422945022583
39,0.8347778916358948,0.3922485113143921,2.7e-05,0.2783018946647644,4.661315441131592
40,0.8374864459037781,0.39352843165397644,2.7e-05,0.28144654631614685,4.63798189163208
41,0.8353196382522583,0.40395525097846985,8.1e-06,0.2830188572406769,4.64863395690918
42,0.8288190960884094,0.39604252576828003,8.1e-06,0.2830188572406769,4.62749719619751
43,0.8223185539245605,0.4198285639286041,8.1e-06,0.2845911979675293,4.641706466674805
44,0.8380281925201416,0.38910695910453796,8.1e-06,0.2830188572406769,4.655055522918701
45,0.835861325263977,0.398983895778656,8.1e-06,0.2861635088920593,4.659666061401367
46,0.8412784337997437,0.386190801858902,8.1e-06,0.2861635088920593,4.662700653076172
47,0.821776807308197,0.40476587414741516,8.1e-06,0.2861635088920593,4.651547908782959
48,0.8434453010559082,0.3853282034397125,8.1e-06,0.2861635088920593,4.645771503448486
49,0.8309859037399292,0.39408737421035767,8.1e-06,0.28773584961891174,4.669615745544434
50,0.8320693373680115,0.39655691385269165,8.1e-06,0.28930819034576416,4.6887688636779785
51,0.8374864459037781,0.38636377453804016,2.43e-06,0.2861635088920593,4.66883659362793
52,0.8271939158439636,0.4222969114780426,2.43e-06,0.2845911979675293,4.6537346839904785
53,0.8169013857841492,0.43987104296684265,2.43e-06,0.2861635088920593,4.669946670532227
54,0.8315276503562927,0.4081147611141205,2.43e-06,0.2861635088920593,4.666163444519043
55,0.8331527709960938,0.4084799289703369,2.43e-06,0.2861635088920593,4.661966800689697
56,0.8331527709960938,0.4119606018066406,2.43e-06,0.2861635088920593,4.662973880767822
57,0.8277356624603271,0.4070955514907837,2.43e-06,0.2861635088920593,4.677160263061523
58,0.8293607831001282,0.39892852306365967,2.43e-06,0.2861635088920593,4.670495510101318
59,0.8255687952041626,0.4145953953266144,2.43e-06,0.2861635088920593,4.670241832733154
60,0.8353196382522583,0.40020477771759033,2.43e-06,0.2861635088920593,4.661930561065674
61,0.8347778916358948,0.4112950563430786,1e-06,0.2845911979675293,4.66337251663208
62,0.8380281925201416,0.3938134014606476,1e-06,0.2845911979675293,4.655553340911865
63,0.8196099400520325,0.4297591745853424,1e-06,0.2845911979675293,4.651222229003906
64,0.8277356624603271,0.3884704113006592,1e-06,0.2845911979675293,4.652522087097168
65,0.8239436745643616,0.3997628092765808,1e-06,0.2845911979675293,4.660691738128662
66,0.8206933736801147,0.4112361669540405,1e-06,0.2845911979675293,4.6631083488464355
67,0.8282773494720459,0.3965301215648651,1e-06,0.2845911979675293,4.665455341339111
68,0.823401927947998,0.4075322151184082,1e-06,0.2845911979675293,4.663045883178711
69,0.8206933736801147,0.4095243811607361,1e-06,0.2845911979675293,4.663990497589111
70,0.8336944580078125,0.4029935896396637,1e-06,0.2845911979675293,4.6631245613098145
71,0.8299024701118469,0.3901016414165497,1e-06,0.2845911979675293,4.651138782501221
72,0.8429035544395447,0.38037797808647156,1e-06,0.2845911979675293,4.652035236358643
73,0.8488624095916748,0.36496907472610474,1e-06,0.2845911979675293,4.660478115081787
74,0.8228602409362793,0.42199310660362244,1e-06,0.2845911979675293,4.650331020355225
75,0.8250271081924438,0.41947928071022034,1e-06,0.2845911979675293,4.648745059967041
76,0.8331527709960938,0.40412595868110657,1e-06,0.2845911979675293,4.649130821228027
77,0.8418201804161072,0.3738279938697815,1e-06,0.2845911979675293,4.6553730964660645
78,0.8304442167282104,0.39901289343833923,1e-06,0.2845911979675293,4.659585952758789
79,0.8293607831001282,0.41220515966415405,1e-06,0.2845911979675293,4.66142463684082
80,0.8304442167282104,0.4105146527290344,1e-06,0.2845911979675293,4.660881042480469
81,0.8277356624603271,0.414481520652771,1e-06,0.2845911979675293,4.662508010864258
82,0.8299024701118469,0.38649553060531616,1e-06,0.2845911979675293,4.65980863571167
83,0.8282773494720459,0.4137643277645111,1e-06,0.2845911979675293,4.651090621948242
84,0.820151686668396,0.4358648657798767,1e-06,0.2845911979675293,4.663118362426758
85,0.8131093978881836,0.4417552053928375,1e-06,0.2845911979675293,4.656094074249268
86,0.8206933736801147,0.41002726554870605,1e-06,0.2845911979675293,4.65008544921875
87,0.8152762651443481,0.4249648451805115,1e-06,0.2845911979675293,4.6536664962768555
88,0.8309859037399292,0.3998046815395355,1e-06,0.2845911979675293,4.659374713897705
89,0.8239436745643616,0.43053916096687317,1e-06,0.2845911979675293,4.660038948059082
90,0.8391115665435791,0.3894633948802948,1e-06,0.2845911979675293,4.655453205108643
91,0.8299024701118469,0.4002453684806824,1e-06,0.2845911979675293,4.660567760467529
92,0.8331527709960938,0.4056645929813385,1e-06,0.2845911979675293,4.662956714630127
93,0.8326110243797302,0.3857182264328003,1e-06,0.2845911979675293,4.658066272735596
94,0.8255687952041626,0.4026063084602356,1e-06,0.2845911979675293,4.657100677490234
95,0.8380281925201416,0.40814679861068726,1e-06,0.2845911979675293,4.645878791809082
96,0.8261104822158813,0.39805808663368225,1e-06,0.2845911979675293,4.649728298187256
97,0.820151686668396,0.43646612763404846,1e-06,0.2845911979675293,4.653857231140137
98,0.8504875302314758,0.385461688041687,1e-06,0.2845911979675293,4.6561126708984375
99,0.8299024701118469,0.40601983666419983,1e-06,0.2845911979675293,4.661320686340332
100,0.8271939158439636,0.4098522961139679,1e-06,0.2845911979675293,4.656689643859863
