epoch,accuracy,loss,lr,val_accuracy,val_loss
0,0.5980498194694519,1.0742446184158325,0.001,0.25471699237823486,1.8374083042144775
1,0.730227530002594,0.6442230939865112,0.001,0.25471699237823486,3.393437623977661
2,0.7751895785331726,0.5231173038482666,0.001,0.25471699237823486,5.412661552429199
3,0.7968580722808838,0.47652775049209595,0.001,0.25471699237823486,8.392266273498535
4,0.8169013857841492,0.4297787845134735,0.001,0.25471699237823486,8.932904243469238
5,0.8407367467880249,0.3595276176929474,0.001,0.25471699237823486,8.77664852142334
6,0.8651137351989746,0.3301485776901245,0.001,0.25471699237823486,9.756000518798828
7,0.8851571083068848,0.30328240990638733,0.001,0.25471699237823486,8.380868911743164
8,0.8764896988868713,0.31588801741600037,0.001,0.22484277188777924,6.95448637008667
9,0.8786565661430359,0.30420786142349243,0.001,0.2987421452999115,7.395932197570801
10,0.8965330719947815,0.2828395664691925,0.001,0.2971698045730591,4.841987133026123
11,0.908450722694397,0.23982828855514526,0.0003,0.3191823959350586,5.591098785400391
12,0.9127843976020813,0.22812329232692719,0.0003,0.42138364911079407,4.692393779754639
13,0.9144095182418823,0.2350701242685318,0.0003,0.3113207519054413,5.140737056732178
14,0.9274106025695801,0.21436357498168945,0.0003,0.3883647918701172,4.941188812255859
15,0.9247020483016968,0.20718304812908173,0.0003,0.3317610025405884,4.7536468505859375
16,0.9317443370819092,0.18872320652008057,0.0003,0.27987420558929443,6.464157581329346
17,0.9198266267776489,0.20540396869182587,0.0003,0.4654088020324707,5.067185878753662
18,0.924160361289978,0.1925414502620697,0.0003,0.42767295241355896,4.720038414001465
19,0.9284940361976624,0.18001626431941986,0.0003,0.2908805012702942,6.739660263061523
20,0.933911144733429,0.18227872252464294,0.0003,0.2783018946647644,6.5796637535095215
21,0.9404116868972778,0.17186880111694336,9e-05,0.28773584961891174,5.652746200561523
22,0.9420368075370789,0.16390396654605865,9e-05,0.35062894225120544,4.955311298370361
23,0.9404116868972778,0.16387006640434265,9e-05,0.2971698045730591,6.034665107727051
24,0.946370542049408,0.14531868696212769,9e-05,0.2845911979675293,6.556230068206787
25,0.9458287954330444,0.15058626234531403,9e-05,0.3191823959350586,5.68693208694458
26,0.9349945783615112,0.161415696144104,9e-05,0.276729553937912,6.352248668670654
27,0.9404116868972778,0.1579190492630005,9e-05,0.28930819034576416,6.68232536315918
28,0.9523293375968933,0.14102385938167572,9e-05,0.2861635088920593,6.127668380737305
29,0.9414951205253601,0.1607588529586792,9e-05,0.32232704758644104,5.9694342613220215
30,0.9414951205253601,0.1523750126361847,9e-05,0.2861635088920593,6.36890172958374
31,0.9469122290611267,0.15123805403709412,2.7e-05,0.29402515292167664,6.097325801849365
32,0.9404116868972778,0.15575486421585083,2.7e-05,0.2924528419971466,6.22108268737793
33,0.9517876505851746,0.14848549664020538,2.7e-05,0.29402515292167664,6.128328800201416
34,0.947995662689209,0.14330190420150757,2.7e-05,0.3254716992378235,5.847031116485596
35,0.9544962048530579,0.14017565548419952,2.7e-05,0.3176100552082062,5.692105293273926
36,0.9436619877815247,0.1494389921426773,2.7e-05,0.29559749364852905,6.147708415985107
37,0.9561213254928589,0.13529592752456665,2.7e-05,0.29559749364852905,6.318802833557129
38,0.9474539756774902,0.1325630396604538,2.7e-05,0.2924528419971466,6.373071670532227
39,0.9507042169570923,0.13584375381469727,2.7e-05,0.3270440399646759,5.69467306137085
40,0.9474539756774902,0.13431154191493988,2.7e-05,0.3128930926322937,6.0193376541137695
41,0.9507042169570923,0.13618780672550201,8.1e-06,0.30974844098091125,5.943326473236084
42,0.947995662689209,0.14793987572193146,8.1e-06,0.31603774428367615,5.848811149597168
43,0.9544962048530579,0.1358851194381714,8.1e-06,0.303459107875824,6.098663806915283
44,0.9387865662574768,0.15411372482776642,8.1e-06,0.30188679695129395,6.093506336212158
45,0.9528710842132568,0.14501580595970154,8.1e-06,0.2971698045730591,6.174667835235596
46,0.9387865662574768,0.1690315455198288,8.1e-06,0.2971698045730591,6.2114481925964355
47,0.9544962048530579,0.1292860209941864,8.1e-06,0.3050314486026764,5.964060306549072
48,0.9534127712249756,0.13139016926288605,8.1e-06,0.30817610025405884,5.982245445251465
49,0.9501625299453735,0.13698597252368927,8.1e-06,0.30188679695129395,6.0867695808410645
50,0.9512459635734558,0.14161880314350128,8.1e-06,0.3113207519054413,6.001049041748047
51,0.9674972891807556,0.11398179829120636,2.43e-06,0.30817610025405884,6.0265793800354
52,0.9501625299453735,0.13110016286373138,2.43e-06,0.30031445622444153,6.07891321182251
53,0.9523293375968933,0.13311490416526794,2.43e-06,0.2987421452999115,6.1357245445251465
54,0.9447454214096069,0.14547894895076752,2.43e-06,0.2987421452999115,6.157093524932861
55,0.947995662689209,0.14046864211559296,2.43e-06,0.2987421452999115,6.159510135650635
56,0.9485373497009277,0.13840697705745697,2.43e-06,0.2987421452999115,6.173817157745361
57,0.947995662689209,0.14155742526054382,2.43e-06,0.2987421452999115,6.189830780029297
58,0.9615384340286255,0.1340610831975937,2.43e-06,0.30031445622444153,6.19812536239624
59,0.9512459635734558,0.14840616285800934,2.43e-06,0.2987421452999115,6.18881368637085
60,0.9517876505851746,0.14506228268146515,2.43e-06,0.30188679695129395,6.160856246948242
61,0.9512459635734558,0.13790588080883026,1e-06,0.30188679695129395,6.15617561340332
62,0.94962078332901,0.13475626707077026,1e-06,0.30031445622444153,6.1860504150390625
63,0.9512459635734558,0.13249541819095612,1e-06,0.30188679695129395,6.16136360168457
64,0.9458287954330444,0.14742879569530487,1e-06,0.30188679695129395,6.1436543464660645
65,0.9523293375968933,0.1258673071861267,1e-06,0.30817610025405884,6.117584228515625
66,0.9588298797607422,0.12344919145107269,1e-06,0.30974844098091125,6.1233649253845215
67,0.9474539756774902,0.14325612783432007,1e-06,0.30031445622444153,6.136255264282227
68,0.9507042169570923,0.13633902370929718,1e-06,0.30817610025405884,6.104706287384033
69,0.9555796384811401,0.13561727106571198,1e-06,0.30817610025405884,6.121531963348389
70,0.9544962048530579,0.13610434532165527,1e-06,0.30817610025405884,6.119757652282715
71,0.9501625299453735,0.1404648721218109,1e-06,0.30817610025405884,6.115188121795654
72,0.9512459635734558,0.13655097782611847,1e-06,0.30817610025405884,6.116829872131348
73,0.947995662689209,0.13931551575660706,1e-06,0.30817610025405884,6.111085414886475
74,0.9599133133888245,0.12275837361812592,1e-06,0.3050314486026764,6.120297431945801
75,0.9539545178413391,0.12735475599765778,1e-06,0.30817610025405884,6.0982537269592285
76,0.9447454214096069,0.14789921045303345,1e-06,0.30817610025405884,6.0986785888671875
77,0.9561213254928589,0.12244471162557602,1e-06,0.3066037595272064,6.106733322143555
78,0.9490790963172913,0.1405533403158188,1e-06,0.30974844098091125,6.101003170013428
79,0.960455060005188,0.12299038469791412,1e-06,0.30974844098091125,6.0871262550354
80,0.9474539756774902,0.1430024802684784,1e-06,0.30817610025405884,6.1035990715026855
81,0.9490790963172913,0.1447499543428421,1e-06,0.30188679695129395,6.119802951812744
82,0.9490790963172913,0.14513812959194183,1e-06,0.30974844098091125,6.082708358764648
83,0.9485373497009277,0.141512930393219,1e-06,0.30817610025405884,6.091552257537842
84,0.960455060005188,0.12012685090303421,1e-06,0.30817610025405884,6.100126266479492
85,0.9561213254928589,0.13078559935092926,1e-06,0.30188679695129395,6.120372295379639
86,0.9582881927490234,0.12479572743177414,1e-06,0.30188679695129395,6.1230010986328125
87,0.9490790963172913,0.13673119246959686,1e-06,0.30188679695129395,6.123835563659668
88,0.9507042169570923,0.13236284255981445,1e-06,0.30188679695129395,6.143680572509766
89,0.9523293375968933,0.13276250660419464,1e-06,0.30974844098091125,6.117653846740723
90,0.9452871084213257,0.14138098061084747,1e-06,0.30974844098091125,6.102543830871582
91,0.9452871084213257,0.15297628939151764,1e-06,0.30974844098091125,6.089354515075684
92,0.9517876505851746,0.1426093429327011,1e-06,0.30974844098091125,6.079740047454834
93,0.9512459635734558,0.13411502540111542,1e-06,0.30974844098091125,6.076376914978027
94,0.9485373497009277,0.1363563984632492,1e-06,0.30974844098091125,6.085510730743408
95,0.9485373497009277,0.14061124622821808,1e-06,0.30974844098091125,6.0870490074157715
96,0.9588298797607422,0.13173224031925201,1e-06,0.30974844098091125,6.09007453918457
97,0.9523293375968933,0.13364173471927643,1e-06,0.30974844098091125,6.100333213806152
98,0.9550378918647766,0.13288110494613647,1e-06,0.30974844098091125,6.086729526519775
99,0.9431202411651611,0.14581093192100525,1e-06,0.30974844098091125,6.103340148925781
100,0.9528710842132568,0.14529265463352203,1e-06,0.30974844098091125,6.097151756286621
