epoch,accuracy,loss,lr,val_accuracy,val_loss
0,0.5839653015136719,1.0860508680343628,0.001,0.25471699237823486,1.8532060384750366
1,0.7296857833862305,0.6717004179954529,0.001,0.25471699237823486,3.704322338104248
2,0.7816901206970215,0.526174008846283,0.001,0.25471699237823486,5.696977138519287
3,0.8055254817008972,0.48088571429252625,0.001,0.25471699237823486,7.68186616897583
4,0.8136511445045471,0.4495718479156494,0.001,0.25471699237823486,8.730340003967285
5,0.8374864459037781,0.4041377305984497,0.001,0.25471699237823486,8.703176498413086
6,0.8526543974876404,0.38113638758659363,0.001,0.25471699237823486,8.853391647338867
7,0.8689057230949402,0.32346832752227783,0.001,0.25471699237823486,8.138742446899414
8,0.8878656625747681,0.29869988560676575,0.001,0.2562893033027649,7.9383721351623535
9,0.8949078917503357,0.283348023891449,0.001,0.17767295241355896,7.643279075622559
10,0.8997833132743835,0.2637629806995392,0.001,0.26729559898376465,7.029729843139648
11,0.9274106025695801,0.21184401214122772,0.0003,0.3050314486026764,5.867783069610596
12,0.9279523491859436,0.19246381521224976,0.0003,0.42767295241355896,5.159665584564209
13,0.9290357232093811,0.2081710249185562,0.0003,0.3113207519054413,5.24121618270874
14,0.9274106025695801,0.2139052301645279,0.0003,0.23113207519054413,5.638138294219971
15,0.9219934940338135,0.20677022635936737,0.0003,0.3616352081298828,5.144072532653809
16,0.9387865662574768,0.16880960762500763,0.0003,0.3050314486026764,6.076101779937744
17,0.9387865662574768,0.18195360898971558,0.0003,0.27358490228652954,5.626900672912598
18,0.9279523491859436,0.19654381275177002,0.0003,0.4575471580028534,5.247847080230713
19,0.9312025904655457,0.1813042014837265,0.0003,0.34433960914611816,5.789778232574463
20,0.9409534335136414,0.16861145198345184,0.0003,0.4386792480945587,4.478515148162842
21,0.9442036747932434,0.1575394719839096,9e-05,0.2924528419971466,6.37512731552124
22,0.9436619877815247,0.153266042470932,9e-05,0.28144654631614685,6.456673622131348
23,0.9452871084213257,0.15613648295402527,9e-05,0.3663522005081177,5.021533489227295
24,0.9512459635734558,0.14552779495716095,9e-05,0.3333333432674408,5.454797744750977
25,0.9577465057373047,0.13471795618534088,9e-05,0.4103773534297943,4.932579040527344
26,0.9534127712249756,0.13873997330665588,9e-05,0.32389935851097107,5.784409046173096
27,0.9572047591209412,0.1396828442811966,9e-05,0.28930819034576416,6.162197589874268
28,0.9566630721092224,0.1385369598865509,9e-05,0.27515724301338196,5.908608436584473
29,0.9528710842132568,0.1357022076845169,9e-05,0.3600628972053528,5.393604278564453
30,0.9582881927490234,0.1298675239086151,9e-05,0.23270440101623535,7.029386520385742
31,0.9544962048530579,0.12416449934244156,2.7e-05,0.30188679695129395,6.057604789733887
32,0.9572047591209412,0.13312159478664398,2.7e-05,0.3459119498729706,5.594669818878174
33,0.947995662689209,0.14603804051876068,2.7e-05,0.30188679695129395,6.108763217926025
34,0.9555796384811401,0.12907841801643372,2.7e-05,0.30974844098091125,6.032596111297607
35,0.9566630721092224,0.13153846561908722,2.7e-05,0.32232704758644104,5.894564151763916
36,0.9544962048530579,0.1330232173204422,2.7e-05,0.26100629568099976,6.4139509201049805
37,0.9539545178413391,0.13565103709697723,2.7e-05,0.3191823959350586,5.837337017059326
38,0.9561213254928589,0.13321857154369354,2.7e-05,0.3113207519054413,6.192577362060547
39,0.9664138555526733,0.11477331817150116,2.7e-05,0.2987421452999115,6.358639240264893
40,0.9582881927490234,0.1293310821056366,2.7e-05,0.33647799491882324,5.677978038787842
41,0.9588298797607422,0.12978871166706085,8.1e-06,0.3176100552082062,5.965756416320801
42,0.9544962048530579,0.14082597196102142,8.1e-06,0.3191823959350586,6.013246536254883
43,0.9501625299453735,0.1444973647594452,8.1e-06,0.31446540355682373,6.042367935180664
44,0.9582881927490234,0.12492316216230392,8.1e-06,0.31446540355682373,6.0928473472595215
45,0.9469122290611267,0.13644921779632568,8.1e-06,0.3128930926322937,6.129058361053467
46,0.960455060005188,0.1232626736164093,8.1e-06,0.3191823959350586,6.055403232574463
47,0.9572047591209412,0.12334928661584854,8.1e-06,0.3191823959350586,6.069591522216797
48,0.9555796384811401,0.13808362185955048,8.1e-06,0.3176100552082062,6.075829029083252
49,0.9566630721092224,0.1278192400932312,8.1e-06,0.3207547068595886,5.9957499504089355
50,0.9685807228088379,0.11294224858283997,8.1e-06,0.32232704758644104,5.976232528686523
51,0.9572047591209412,0.12328492850065231,2.43e-06,0.31603774428367615,6.026582717895508
52,0.9572047591209412,0.13047803938388824,2.43e-06,0.31446540355682373,6.038109302520752
53,0.962080180644989,0.11450982838869095,2.43e-06,0.31603774428367615,6.05883264541626
54,0.9642470479011536,0.11199846118688583,2.43e-06,0.3191823959350586,6.0658650398254395
55,0.9566630721092224,0.1252739578485489,2.43e-06,0.31603774428367615,6.0608744621276855
56,0.9501625299453735,0.14082340896129608,2.43e-06,0.3176100552082062,6.017979621887207
57,0.9674972891807556,0.10960189253091812,2.43e-06,0.3191823959350586,6.034962177276611
58,0.9550378918647766,0.1315079629421234,2.43e-06,0.3176100552082062,6.043430328369141
59,0.9609967470169067,0.12073468416929245,2.43e-06,0.31446540355682373,6.067704677581787
60,0.9561213254928589,0.12838204205036163,2.43e-06,0.31446540355682373,6.044310569763184
61,0.9566630721092224,0.11699538677930832,1e-06,0.31603774428367615,6.045930862426758
62,0.9577465057373047,0.12531565129756927,1e-06,0.3176100552082062,6.041108131408691
63,0.9561213254928589,0.1289254128932953,1e-06,0.31603774428367615,6.049976825714111
64,0.94962078332901,0.135187566280365,1e-06,0.31603774428367615,6.095308780670166
65,0.9588298797607422,0.11972188949584961,1e-06,0.31603774428367615,6.053731441497803
66,0.9615384340286255,0.12310090661048889,1e-06,0.31603774428367615,6.024437427520752
67,0.9626218676567078,0.11155067384243011,1e-06,0.31603774428367615,6.021278381347656
68,0.9539545178413391,0.13764476776123047,1e-06,0.3176100552082062,6.05102014541626
69,0.9588298797607422,0.12169141322374344,1e-06,0.3176100552082062,6.035786151885986
70,0.9631636142730713,0.11791705340147018,1e-06,0.31603774428367615,6.044963359832764
71,0.9577465057373047,0.12429188191890717,1e-06,0.31603774428367615,6.038780212402344
72,0.962080180644989,0.11054534465074539,1e-06,0.31603774428367615,6.054792404174805
73,0.96370530128479,0.11483512818813324,1e-06,0.3176100552082062,6.047220230102539
74,0.9626218676567078,0.11766059696674347,1e-06,0.31603774428367615,6.029779434204102
75,0.9539545178413391,0.1308407336473465,1e-06,0.31603774428367615,6.045072555541992
76,0.9539545178413391,0.136886328458786,1e-06,0.3128930926322937,6.0705084800720215
77,0.9588298797607422,0.1273508071899414,1e-06,0.31603774428367615,6.055956840515137
78,0.9642470479011536,0.10680367797613144,1e-06,0.3176100552082062,6.0381693840026855
79,0.9539545178413391,0.12769587337970734,1e-06,0.3176100552082062,6.068228721618652
80,0.9593716263771057,0.11610440909862518,1e-06,0.3176100552082062,6.034156799316406
81,0.9582881927490234,0.12043105065822601,1e-06,0.3176100552082062,6.033224105834961
82,0.9561213254928589,0.12680721282958984,1e-06,0.3176100552082062,6.045529842376709
83,0.9582881927490234,0.12195540219545364,1e-06,0.31603774428367615,6.041335582733154
84,0.9512459635734558,0.1322275996208191,1e-06,0.31446540355682373,6.043375492095947
85,0.9642470479011536,0.1188569962978363,1e-06,0.31446540355682373,6.050136566162109
86,0.9599133133888245,0.12560014426708221,1e-06,0.31603774428367615,6.041914939880371
87,0.9566630721092224,0.12795989215373993,1e-06,0.3176100552082062,6.032918453216553
88,0.962080180644989,0.11777373403310776,1e-06,0.3191823959350586,6.023613929748535
89,0.9691224098205566,0.10867168754339218,1e-06,0.3191823959350586,6.040605545043945
90,0.9642470479011536,0.11728667467832565,1e-06,0.3176100552082062,6.057068347930908
91,0.962080180644989,0.11552230268716812,1e-06,0.3191823959350586,6.053676605224609
92,0.9534127712249756,0.1221444383263588,1e-06,0.3191823959350586,6.051826000213623
93,0.9566630721092224,0.12109268456697464,1e-06,0.31603774428367615,6.055481433868408
94,0.962080180644989,0.11962885409593582,1e-06,0.3176100552082062,6.054565906524658
95,0.9615384340286255,0.11898242682218552,1e-06,0.31603774428367615,6.075899124145508
96,0.9664138555526733,0.11293337494134903,1e-06,0.3191823959350586,6.060550689697266
97,0.9555796384811401,0.1210407167673111,1e-06,0.3191823959350586,6.067892074584961
98,0.9631636142730713,0.11449898034334183,1e-06,0.3191823959350586,6.0598978996276855
99,0.9664138555526733,0.11365730315446854,1e-06,0.3191823959350586,6.052274703979492
100,0.9588298797607422,0.1304655224084854,1e-06,0.3191823959350586,6.041541576385498
