epoch,accuracy,loss,lr,val_accuracy,val_loss
0,0.6126760840415955,1.0420094728469849,0.001,0.25471699237823486,1.8893920183181763
1,0.7416034936904907,0.6187301874160767,0.001,0.25471699237823486,3.2953603267669678
2,0.7914409637451172,0.49292099475860596,0.001,0.25471699237823486,5.3397440910339355
3,0.8228602409362793,0.437934011220932,0.001,0.25471699237823486,6.147405624389648
4,0.8299024701118469,0.41028764843940735,0.001,0.25471699237823486,7.417511940002441
5,0.8461538553237915,0.37762966752052307,0.001,0.25471699237823486,7.751554012298584
6,0.8672806024551392,0.34471216797828674,0.001,0.25471699237823486,8.177610397338867
7,0.8634886145591736,0.3500273525714874,0.001,0.25471699237823486,7.810831069946289
8,0.8770314455032349,0.3117470145225525,0.001,0.25471699237823486,7.9267401695251465
9,0.886240541934967,0.2841265797615051,0.001,0.1462264209985733,8.188417434692383
10,0.9079089760780334,0.24718235433101654,0.001,0.21698112785816193,7.4451069831848145
11,0.8997833132743835,0.2510472238063812,0.0003,0.32389935851097107,5.465504169464111
12,0.9219934940338135,0.20772391557693481,0.0003,0.303459107875824,5.348609447479248
13,0.9274106025695801,0.20483508706092834,0.0003,0.276729553937912,6.550856590270996
14,0.9263271689414978,0.19799140095710754,0.0003,0.2688679099082947,5.3087568283081055
15,0.9387865662574768,0.17875643074512482,0.0003,0.303459107875824,5.8372979164123535
16,0.9322860240936279,0.18310996890068054,0.0003,0.2861635088920593,5.3351826667785645
17,0.925785481929779,0.21458572149276733,0.0003,0.3191823959350586,4.994565010070801
18,0.9317443370819092,0.17621059715747833,0.0003,0.31603774428367615,4.7127909660339355
19,0.9306609034538269,0.1805625706911087,0.0003,0.31446540355682373,6.280126094818115
20,0.9306609034538269,0.181205615401268,0.0003,0.3600628972053528,5.077907562255859
21,0.9387865662574768,0.16860376298427582,9e-05,0.2720125913619995,6.2604546546936035
22,0.93553626537323,0.1665138304233551,9e-05,0.3333333432674408,5.153432846069336
23,0.9447454214096069,0.15668822824954987,9e-05,0.2688679099082947,6.220505714416504
24,0.9333694577217102,0.16726598143577576,9e-05,0.28930819034576416,6.1724066734313965
25,0.9420368075370789,0.15846674144268036,9e-05,0.2908805012702942,5.888490200042725
26,0.9387865662574768,0.16326327621936798,9e-05,0.3349056541919708,5.512833118438721
27,0.9458287954330444,0.14590775966644287,9e-05,0.25943395495414734,6.7128777503967285
28,0.9425785541534424,0.16135567426681519,9e-05,0.3191823959350586,5.7168426513671875
29,0.946370542049408,0.1481383740901947,9e-05,0.26572325825691223,6.287899017333984
30,0.9458287954330444,0.14819097518920898,9e-05,0.3317610025405884,5.580737590789795
31,0.947995662689209,0.15096716582775116,2.7e-05,0.30188679695129395,5.753706932067871
32,0.9474539756774902,0.1406741440296173,2.7e-05,0.2861635088920593,6.05927038192749
33,0.9371614456176758,0.16162851452827454,2.7e-05,0.3050314486026764,5.669442653656006
34,0.9404116868972778,0.1589888483285904,2.7e-05,0.30974844098091125,5.66318941116333
35,0.9490790963172913,0.14364753663539886,2.7e-05,0.30188679695129395,5.7131195068359375
36,0.947995662689209,0.14590410888195038,2.7e-05,0.29559749364852905,6.080641746520996
37,0.9458287954330444,0.14345668256282806,2.7e-05,0.2845911979675293,6.010672092437744
38,0.9550378918647766,0.1343381255865097,2.7e-05,0.29402515292167664,6.058605670928955
39,0.9534127712249756,0.13844084739685059,2.7e-05,0.30974844098091125,5.852720260620117
40,0.9517876505851746,0.13967446982860565,2.7e-05,0.33647799491882324,5.771891117095947
41,0.9572047591209412,0.13931365311145782,8.1e-06,0.3113207519054413,5.844650745391846
42,0.9469122290611267,0.14664995670318604,8.1e-06,0.3066037595272064,5.927995681762695
43,0.94962078332901,0.1462579071521759,8.1e-06,0.30188679695129395,5.964409351348877
44,0.9539545178413391,0.13140353560447693,8.1e-06,0.3066037595272064,5.953594207763672
45,0.9447454214096069,0.14526695013046265,8.1e-06,0.30188679695129395,5.883944034576416
46,0.9501625299453735,0.14645792543888092,8.1e-06,0.3050314486026764,5.847553253173828
47,0.9512459635734558,0.14527766406536102,8.1e-06,0.3066037595272064,5.923470973968506
48,0.9431202411651611,0.15795715153217316,8.1e-06,0.303459107875824,5.869943618774414
49,0.9582881927490234,0.12573790550231934,8.1e-06,0.303459107875824,5.965521812438965
50,0.9534127712249756,0.13474656641483307,8.1e-06,0.2987421452999115,6.111170768737793
51,0.9447454214096069,0.1462702453136444,2.43e-06,0.30188679695129395,5.999143123626709
52,0.9523293375968933,0.13094015419483185,2.43e-06,0.3050314486026764,5.9622321128845215
53,0.9555796384811401,0.13890589773654938,2.43e-06,0.3050314486026764,5.983510494232178
54,0.9501625299453735,0.14542466402053833,2.43e-06,0.3050314486026764,5.981424331665039
55,0.9582881927490234,0.12298673391342163,2.43e-06,0.3050314486026764,5.980641841888428
56,0.947995662689209,0.1472112387418747,2.43e-06,0.3050314486026764,5.975332736968994
57,0.9566630721092224,0.1397157609462738,2.43e-06,0.3066037595272064,5.9667487144470215
58,0.9517876505851746,0.1334235817193985,2.43e-06,0.3066037595272064,5.971320152282715
59,0.9458287954330444,0.14474157989025116,2.43e-06,0.303459107875824,5.973631858825684
60,0.9458287954330444,0.14672724902629852,2.43e-06,0.30817610025405884,5.960799694061279
61,0.9393282532691956,0.15252913534641266,1e-06,0.3066037595272064,5.969634532928467
62,0.9534127712249756,0.13890448212623596,1e-06,0.3066037595272064,5.978015422821045
63,0.9517876505851746,0.1386841982603073,1e-06,0.3066037595272064,5.973382949829102
64,0.9431202411651611,0.15903113782405853,1e-06,0.3066037595272064,5.968058109283447
65,0.9512459635734558,0.13964316248893738,1e-06,0.3050314486026764,5.97380256652832
66,0.9577465057373047,0.13021282851696014,1e-06,0.3066037595272064,5.969113826751709
67,0.960455060005188,0.11795391887426376,1e-06,0.3066037595272064,5.980584621429443
68,0.9615384340286255,0.12984734773635864,1e-06,0.3066037595272064,5.990699768066406
69,0.9507042169570923,0.1326608806848526,1e-06,0.3066037595272064,5.981274604797363
70,0.9507042169570923,0.14293824136257172,1e-06,0.3066037595272064,5.9698615074157715
71,0.9507042169570923,0.1496393084526062,1e-06,0.30817610025405884,5.970474720001221
72,0.9588298797607422,0.12528176605701447,1e-06,0.3066037595272064,5.954629421234131
73,0.9626218676567078,0.1234608069062233,1e-06,0.3050314486026764,5.98721981048584
74,0.9485373497009277,0.14610032737255096,1e-06,0.3066037595272064,5.96550989151001
75,0.947995662689209,0.14553430676460266,1e-06,0.3050314486026764,5.972662448883057
76,0.9572047591209412,0.11829356849193573,1e-06,0.3066037595272064,5.9764018058776855
77,0.9582881927490234,0.11888860911130905,1e-06,0.30817610025405884,5.971067428588867
78,0.9517876505851746,0.13778173923492432,1e-06,0.3050314486026764,5.985614776611328
79,0.9507042169570923,0.14467540383338928,1e-06,0.3050314486026764,5.966002464294434
80,0.9490790963172913,0.14316856861114502,1e-06,0.3050314486026764,5.99201774597168
81,0.9572047591209412,0.1254003942012787,1e-06,0.3066037595272064,5.9735426902771
82,0.9485373497009277,0.14861051738262177,1e-06,0.3066037595272064,5.970951080322266
83,0.9528710842132568,0.1292792111635208,1e-06,0.30817610025405884,5.975539684295654
84,0.9523293375968933,0.13198113441467285,1e-06,0.3050314486026764,5.987820148468018
85,0.947995662689209,0.14609308540821075,1e-06,0.30817610025405884,5.967592239379883
86,0.94962078332901,0.15013600885868073,1e-06,0.30817610025405884,5.955488681793213
87,0.9420368075370789,0.15727689862251282,1e-06,0.3066037595272064,5.965804100036621
88,0.9523293375968933,0.13272912800312042,1e-06,0.3066037595272064,5.959284782409668
89,0.946370542049408,0.147156223654747,1e-06,0.3050314486026764,5.971149921417236
90,0.9474539756774902,0.1426663100719452,1e-06,0.3066037595272064,5.96216344833374
91,0.9469122290611267,0.14187577366828918,1e-06,0.3050314486026764,5.966546058654785
92,0.9544962048530579,0.12846404314041138,1e-06,0.3050314486026764,5.964346408843994
93,0.9469122290611267,0.14049236476421356,1e-06,0.3066037595272064,5.970158576965332
94,0.9572047591209412,0.1335444152355194,1e-06,0.3066037595272064,5.961277008056641
95,0.9550378918647766,0.13586126267910004,1e-06,0.3066037595272064,5.974330902099609
96,0.9517876505851746,0.1405087262392044,1e-06,0.3066037595272064,5.988109111785889
97,0.9534127712249756,0.14405132830142975,1e-06,0.3066037595272064,5.974691390991211
98,0.9561213254928589,0.12872710824012756,1e-06,0.3050314486026764,5.998823642730713
99,0.9582881927490234,0.1261274218559265,1e-06,0.3066037595272064,5.982452869415283
100,0.9599133133888245,0.12634490430355072,1e-06,0.3066037595272064,5.987274646759033
