epoch,accuracy,loss,lr,val_accuracy,val_loss
0,0.6565546989440918,0.8758531212806702,0.001,0.25471699237823486,2.924191474914551
1,0.768147349357605,0.5659919381141663,0.001,0.25471699237823486,6.163405418395996
2,0.8033586144447327,0.46637868881225586,0.001,0.25471699237823486,9.397826194763184
3,0.8466955423355103,0.36916154623031616,0.001,0.25471699237823486,10.26417064666748
4,0.8553629517555237,0.36768805980682373,0.001,0.25471699237823486,10.723867416381836
5,0.8759480118751526,0.3044653534889221,0.001,0.28930819034576416,11.017398834228516
6,0.8889490962028503,0.2899528741836548,0.001,0.35691824555397034,10.87238597869873
7,0.8878656625747681,0.278298944234848,0.001,0.25,10.731993675231934
8,0.9122427105903625,0.21984757483005524,0.001,0.2783018946647644,8.897128105163574
9,0.9165763854980469,0.2152862846851349,0.001,0.3663522005081177,7.217694282531738
10,0.9322860240936279,0.1772998720407486,0.001,0.19654087722301483,5.407424449920654
11,0.9458287954330444,0.15186119079589844,0.0003,0.24685534834861755,5.382259845733643
12,0.9561213254928589,0.12638437747955322,0.0003,0.4088050425052643,4.355563163757324
13,0.9555796384811401,0.12433166801929474,0.0003,0.43553459644317627,4.75554084777832
14,0.9582881927490234,0.1210407018661499,0.0003,0.42138364911079407,4.538954734802246
15,0.9561213254928589,0.11532337963581085,0.0003,0.44025155901908875,5.979432582855225
16,0.9550378918647766,0.10533617436885834,0.0003,0.3663522005081177,9.614936828613281
17,0.9631636142730713,0.11215568333864212,0.0003,0.30974844098091125,5.063302040100098
18,0.9674972891807556,0.10095521807670593,0.0003,0.4182389974594116,8.23901653289795
19,0.9642470479011536,0.09412626922130585,0.0003,0.3349056541919708,6.938286304473877
20,0.9680389761924744,0.09710709005594254,0.0003,0.400943398475647,5.6983160972595215
21,0.9756229519844055,0.07688222080469131,9e-05,0.28144654631614685,5.845080375671387
22,0.9691224098205566,0.08313389867544174,9e-05,0.29402515292167664,6.372960090637207
23,0.9734561443328857,0.0737437903881073,9e-05,0.4528301954269409,5.648763179779053
24,0.976164698600769,0.07815304398536682,9e-05,0.3176100552082062,6.2549567222595215
25,0.9810400605201721,0.06764639914035797,9e-05,0.4449685513973236,6.562880039215088
26,0.9702058434486389,0.0787813812494278,9e-05,0.40566039085388184,6.284819602966309
27,0.9734561443328857,0.07839056104421616,9e-05,0.4575471580028534,7.420680522918701
28,0.9799566864967346,0.06935587525367737,9e-05,0.35849055647850037,6.988875389099121
29,0.9729143977165222,0.07329611480236053,9e-05,0.349056601524353,10.777860641479492
30,0.9658721685409546,0.08264867216348648,9e-05,0.37735849618911743,6.075925350189209
31,0.9734561443328857,0.0713244080543518,2.7e-05,0.3663522005081177,6.422603130340576
32,0.9772481322288513,0.06673633307218552,2.7e-05,0.37893080711364746,6.2913689613342285
33,0.9788732528686523,0.06645556539297104,2.7e-05,0.375786155462265,6.24671745300293
34,0.9788732528686523,0.06953399628400803,2.7e-05,0.34276729822158813,6.2484965324401855
35,0.9788732528686523,0.06497398018836975,2.7e-05,0.347484290599823,6.3277974128723145
36,0.9810400605201721,0.05445326864719391,2.7e-05,0.3820754587650299,6.477327346801758
37,0.9739978313446045,0.07670353353023529,2.7e-05,0.37893080711364746,6.52140474319458
38,0.9821234941482544,0.055960800498723984,2.7e-05,0.39937105774879456,6.303980827331543
39,0.9723727107048035,0.06978381425142288,2.7e-05,0.3537735939025879,6.8335347175598145
40,0.9799566864967346,0.05705280974507332,2.7e-05,0.375786155462265,6.7496843338012695
41,0.9799566864967346,0.05829128250479698,8.1e-06,0.37264150381088257,6.668221950531006
42,0.976164698600769,0.07568404078483582,8.1e-06,0.37106919288635254,6.523242473602295
43,0.9788732528686523,0.06146320700645447,8.1e-06,0.3616352081298828,6.701840400695801
44,0.9832069277763367,0.056002188473939896,8.1e-06,0.36320754885673523,6.752081394195557
45,0.9734561443328857,0.07370691001415253,8.1e-06,0.3616352081298828,6.643213272094727
46,0.9777898192405701,0.062426790595054626,8.1e-06,0.36477985978126526,6.587950706481934
47,0.9799566864967346,0.06300225108861923,8.1e-06,0.36477985978126526,6.64345121383667
48,0.9810400605201721,0.06132058799266815,8.1e-06,0.36320754885673523,6.635590076446533
49,0.9783315062522888,0.05946214869618416,8.1e-06,0.3459119498729706,6.715697288513184
50,0.976164698600769,0.06069950759410858,8.1e-06,0.35062894225120544,6.794640064239502
51,0.984290361404419,0.060146480798721313,2.43e-06,0.35691824555397034,6.765621185302734
52,0.9804983735084534,0.059443604201078415,2.43e-06,0.3600628972053528,6.763179779052734
53,0.9788732528686523,0.06297949701547623,2.43e-06,0.3600628972053528,6.743127822875977
54,0.9810400605201721,0.05429087206721306,2.43e-06,0.3600628972053528,6.7950215339660645
55,0.9799566864967346,0.06427449733018875,2.43e-06,0.3600628972053528,6.776121616363525
56,0.9799566864967346,0.057640355080366135,2.43e-06,0.3600628972053528,6.761979103088379
57,0.9685807228088379,0.08065026998519897,2.43e-06,0.3616352081298828,6.716363906860352
58,0.9837486743927002,0.05935675650835037,2.43e-06,0.3616352081298828,6.740365505218506
59,0.9804983735084534,0.06115608662366867,2.43e-06,0.35849055647850037,6.699260234832764
60,0.9815818071365356,0.05113697797060013,2.43e-06,0.35691824555397034,6.73928689956665
61,0.9783315062522888,0.05842647701501846,1e-06,0.3600628972053528,6.7408270835876465
62,0.9810400605201721,0.0550047867000103,1e-06,0.3600628972053528,6.74143123626709
63,0.9907909035682678,0.04426325112581253,1e-06,0.3600628972053528,6.744383335113525
64,0.9832069277763367,0.05292316898703575,1e-06,0.3600628972053528,6.7330145835876465
65,0.9772481322288513,0.06162015348672867,1e-06,0.3600628972053528,6.748324871063232
66,0.9864572286605835,0.04623444005846977,1e-06,0.3600628972053528,6.770493984222412
67,0.9853737950325012,0.05024106800556183,1e-06,0.3600628972053528,6.745659351348877
68,0.9810400605201721,0.0615953728556633,1e-06,0.3600628972053528,6.748652458190918
69,0.9832069277763367,0.05207541584968567,1e-06,0.3600628972053528,6.736361980438232
70,0.9777898192405701,0.06006406620144844,1e-06,0.3616352081298828,6.742177486419678
71,0.9788732528686523,0.05847656726837158,1e-06,0.3616352081298828,6.736667633056641
72,0.9772481322288513,0.058559808880090714,1e-06,0.3600628972053528,6.754305362701416
73,0.9804983735084534,0.05864071846008301,1e-06,0.3616352081298828,6.729796886444092
74,0.9821234941482544,0.06083693727850914,1e-06,0.3600628972053528,6.742111682891846
75,0.9837486743927002,0.05471602827310562,1e-06,0.3600628972053528,6.7455058097839355
76,0.9821234941482544,0.06002354249358177,1e-06,0.3616352081298828,6.72861385345459
77,0.976164698600769,0.06430306285619736,1e-06,0.36320754885673523,6.714447498321533
78,0.9794149398803711,0.05640081688761711,1e-06,0.3616352081298828,6.71553373336792
79,0.98591548204422,0.057993337512016296,1e-06,0.3616352081298828,6.720353603363037
80,0.9804983735084534,0.053943414241075516,1e-06,0.3616352081298828,6.722959518432617
81,0.9739978313446045,0.06654159724712372,1e-06,0.3616352081298828,6.702946186065674
82,0.9837486743927002,0.056297287344932556,1e-06,0.3616352081298828,6.705303192138672
83,0.9799566864967346,0.060956962406635284,1e-06,0.3616352081298828,6.705446720123291
84,0.9799566864967346,0.05593438446521759,1e-06,0.36320754885673523,6.701523303985596
85,0.9837486743927002,0.04826979711651802,1e-06,0.36320754885673523,6.693994998931885
86,0.9804983735084534,0.06650379300117493,1e-06,0.3616352081298828,6.70808744430542
87,0.9777898192405701,0.06973263621330261,1e-06,0.3600628972053528,6.713007926940918
88,0.984290361404419,0.0559849739074707,1e-06,0.3600628972053528,6.716092109680176
89,0.9664138555526733,0.08803693950176239,1e-06,0.3616352081298828,6.679716110229492
90,0.9815818071365356,0.057805467396974564,1e-06,0.3616352081298828,6.69921350479126
91,0.9815818071365356,0.06278901547193527,1e-06,0.3616352081298828,6.6955790519714355
92,0.9777898192405701,0.06174616515636444,1e-06,0.3616352081298828,6.7031121253967285
93,0.9799566864967346,0.06364122033119202,1e-06,0.3616352081298828,6.720642566680908
94,0.9810400605201721,0.06283990293741226,1e-06,0.3616352081298828,6.716648578643799
95,0.9794149398803711,0.06381672620773315,1e-06,0.3600628972053528,6.733555793762207
96,0.9756229519844055,0.0709463506937027,1e-06,0.3600628972053528,6.749292850494385
97,0.9821234941482544,0.057533491402864456,1e-06,0.3600628972053528,6.729873180389404
98,0.9739978313446045,0.07574556022882462,1e-06,0.3616352081298828,6.729873180389404
99,0.9804983735084534,0.05957493185997009,1e-06,0.3616352081298828,6.737174987792969
100,0.9794149398803711,0.06518178433179855,1e-06,0.3616352081298828,6.730800628662109
