epoch,accuracy,loss,lr,val_accuracy,val_loss
0,0.6251354217529297,0.9425203800201416,0.001,0.25471699237823486,3.0817067623138428
1,0.7638136744499207,0.5688104033470154,0.001,0.25471699237823486,6.116425037384033
2,0.7800650000572205,0.5299254655838013,0.001,0.25471699237823486,9.2210693359375
3,0.8082340359687805,0.4534863531589508,0.001,0.25471699237823486,11.584745407104492
4,0.8261104822158813,0.40668419003486633,0.001,0.25471699237823486,12.446348190307617
5,0.8559046387672424,0.3509189784526825,0.001,0.25471699237823486,12.96248722076416
6,0.872156023979187,0.3064635097980499,0.001,0.25471699237823486,13.384057998657227
7,0.8699891567230225,0.3434043824672699,0.001,0.25471699237823486,10.216476440429688
8,0.8916576504707336,0.2671700119972229,0.001,0.25471699237823486,7.013762474060059
9,0.9198266267776489,0.224564328789711,0.001,0.21226415038108826,4.933148384094238
10,0.9214518070220947,0.21833965182304382,0.001,0.13522012531757355,9.080592155456543
11,0.94962078332901,0.14674000442028046,0.0003,0.22641509771347046,5.11234712600708
12,0.94962078332901,0.13563627004623413,0.0003,0.4779874086380005,4.701997756958008
13,0.9555796384811401,0.11504383385181427,0.0003,0.3270440399646759,5.795694351196289
14,0.9615384340286255,0.1161034032702446,0.0003,0.2783018946647644,5.698742389678955
15,0.9626218676567078,0.11683406680822372,0.0003,0.5235849022865295,5.794934272766113
16,0.9528710842132568,0.1276296079158783,0.0003,0.3396226465702057,6.115871906280518
17,0.9588298797607422,0.1199803277850151,0.0003,0.3553459048271179,7.487919807434082
18,0.9550378918647766,0.10989709198474884,0.0003,0.42138364911079407,5.461328506469727
19,0.9669556021690369,0.09677673876285553,0.0003,0.25943395495414734,7.916330337524414
20,0.9626218676567078,0.10358056426048279,0.0003,0.4449685513973236,7.274709701538086
21,0.9767063856124878,0.07437179237604141,9e-05,0.4811320900917053,6.51754903793335
22,0.9680389761924744,0.08163141459226608,9e-05,0.42138364911079407,6.126889705657959
23,0.9739978313446045,0.08193322271108627,9e-05,0.48427674174308777,5.557122230529785
24,0.9658721685409546,0.08920632302761078,9e-05,0.3553459048271179,7.031799793243408
25,0.9767063856124878,0.06674456596374512,9e-05,0.4292452931404114,5.593700408935547
26,0.9734561443328857,0.07539033144712448,9e-05,0.3333333432674408,6.15455961227417
27,0.9788732528686523,0.07352955639362335,9e-05,0.3679245412349701,6.089051723480225
28,0.9788732528686523,0.06924215704202652,9e-05,0.4103773534297943,6.495083332061768
29,0.9783315062522888,0.05783023312687874,9e-05,0.29402515292167664,6.046746253967285
30,0.9826652407646179,0.056655269116163254,9e-05,0.4512578547000885,6.555003643035889
31,0.9794149398803711,0.06411918252706528,2.7e-05,0.4088050425052643,6.29070520401001
32,0.9794149398803711,0.06959440559148788,2.7e-05,0.37106919288635254,6.321884632110596
33,0.9799566864967346,0.05927242338657379,2.7e-05,0.4088050425052643,6.452034950256348
34,0.9783315062522888,0.06208215281367302,2.7e-05,0.39150944352149963,6.598621368408203
35,0.9799566864967346,0.05926908925175667,2.7e-05,0.3962264060974121,6.623205184936523
36,0.9810400605201721,0.06369853764772415,2.7e-05,0.3128930926322937,6.702551364898682
37,0.9832069277763367,0.06210365146398544,2.7e-05,0.3962264060974121,6.182248592376709
38,0.9848320484161377,0.052863284945487976,2.7e-05,0.33647799491882324,6.61477518081665
39,0.9794149398803711,0.06034400314092636,2.7e-05,0.374213844537735,6.27175235748291
40,0.9794149398803711,0.054112907499074936,2.7e-05,0.347484290599823,7.336706638336182
41,0.9826652407646179,0.05320191755890846,8.1e-06,0.36477985978126526,6.9602227210998535
42,0.9864572286605835,0.047007005661726,8.1e-06,0.37264150381088257,6.819364547729492
43,0.9848320484161377,0.04912339150905609,8.1e-06,0.37735849618911743,6.721008777618408
44,0.984290361404419,0.05464504286646843,8.1e-06,0.375786155462265,6.57838773727417
45,0.9804983735084534,0.057143837213516235,8.1e-06,0.3820754587650299,6.753511428833008
46,0.984290361404419,0.049143750220537186,8.1e-06,0.3899371027946472,6.703882694244385
47,0.9853737950325012,0.05234353616833687,8.1e-06,0.3899371027946472,6.747750759124756
48,0.9832069277763367,0.048811174929142,8.1e-06,0.3899371027946472,6.59505033493042
49,0.9815818071365356,0.05772656574845314,8.1e-06,0.37106919288635254,6.843997955322266
50,0.9832069277763367,0.054926540702581406,8.1e-06,0.3836477994918823,6.683188438415527
51,0.984290361404419,0.05433041602373123,2.43e-06,0.3805031478404999,6.639034271240234
52,0.9810400605201721,0.06028949096798897,2.43e-06,0.375786155462265,6.687994956970215
53,0.98591548204422,0.05009572580456734,2.43e-06,0.37735849618911743,6.681319713592529
54,0.9794149398803711,0.05252423882484436,2.43e-06,0.374213844537735,6.687994480133057
55,0.9826652407646179,0.054665520787239075,2.43e-06,0.3694968521595001,6.720164775848389
56,0.9777898192405701,0.060278527438640594,2.43e-06,0.37106919288635254,6.72663688659668
57,0.9794149398803711,0.05983922630548477,2.43e-06,0.3805031478404999,6.671006679534912
58,0.9777898192405701,0.06096296384930611,2.43e-06,0.3820754587650299,6.664967060089111
59,0.9815818071365356,0.0547601655125618,2.43e-06,0.374213844537735,6.684996604919434
60,0.9848320484161377,0.05542838200926781,2.43e-06,0.37735849618911743,6.749627590179443
61,0.987540602684021,0.05092843994498253,1e-06,0.37735849618911743,6.727814674377441
62,0.9832069277763367,0.04617391526699066,1e-06,0.37735849618911743,6.723541259765625
63,0.9853737950325012,0.04866601899266243,1e-06,0.375786155462265,6.744685173034668
64,0.9815818071365356,0.05719893425703049,1e-06,0.37735849618911743,6.727476119995117
65,0.9804983735084534,0.055664435029029846,1e-06,0.374213844537735,6.754678726196289
66,0.9897074699401855,0.04421823099255562,1e-06,0.374213844537735,6.770741939544678
67,0.987540602684021,0.04616151005029678,1e-06,0.374213844537735,6.787665367126465
68,0.9864572286605835,0.04983031004667282,1e-06,0.374213844537735,6.807540416717529
69,0.9815818071365356,0.05810326710343361,1e-06,0.375786155462265,6.784165859222412
70,0.9821234941482544,0.05451713129878044,1e-06,0.37735849618911743,6.772349834442139
71,0.9821234941482544,0.0564764142036438,1e-06,0.375786155462265,6.789881706237793
72,0.9794149398803711,0.0640019029378891,1e-06,0.374213844537735,6.790154933929443
73,0.9815818071365356,0.0622035413980484,1e-06,0.37735849618911743,6.78373908996582
74,0.9880823493003845,0.04813144728541374,1e-06,0.37106919288635254,6.794425010681152
75,0.9794149398803711,0.05802245810627937,1e-06,0.37264150381088257,6.77839994430542
76,0.9837486743927002,0.05572072044014931,1e-06,0.37264150381088257,6.785182952880859
77,0.984290361404419,0.05223590135574341,1e-06,0.37264150381088257,6.7844719886779785
78,0.9821234941482544,0.05183342471718788,1e-06,0.37264150381088257,6.7892374992370605
79,0.9848320484161377,0.053517911583185196,1e-06,0.374213844537735,6.7704033851623535
80,0.9794149398803711,0.060547225177288055,1e-06,0.375786155462265,6.759161949157715
81,0.9880823493003845,0.044732339680194855,1e-06,0.37735849618911743,6.759954452514648
82,0.9869989156723022,0.046438463032245636,1e-06,0.374213844537735,6.788896560668945
83,0.9794149398803711,0.06161559745669365,1e-06,0.374213844537735,6.780148506164551
84,0.9799566864967346,0.06085658073425293,1e-06,0.375786155462265,6.7748284339904785
85,0.9837486743927002,0.04609331488609314,1e-06,0.375786155462265,6.774325847625732
86,0.9772481322288513,0.06751507520675659,1e-06,0.37735849618911743,6.755252838134766
87,0.9821234941482544,0.05355805531144142,1e-06,0.37735849618911743,6.765706539154053
88,0.987540602684021,0.04914692044258118,1e-06,0.37735849618911743,6.771432399749756
89,0.9810400605201721,0.0562945231795311,1e-06,0.374213844537735,6.792491436004639
90,0.9799566864967346,0.05423879250884056,1e-06,0.375786155462265,6.785637855529785
91,0.98591548204422,0.04773193597793579,1e-06,0.37735849618911743,6.77260684967041
92,0.9880823493003845,0.04226187244057655,1e-06,0.37735849618911743,6.743496417999268
93,0.984290361404419,0.056323084980249405,1e-06,0.375786155462265,6.758065223693848
94,0.9869989156723022,0.04967288300395012,1e-06,0.37106919288635254,6.741352081298828
95,0.984290361404419,0.050848525017499924,1e-06,0.37106919288635254,6.75617790222168
96,0.9750812649726868,0.07350462675094604,1e-06,0.375786155462265,6.742481708526611
97,0.9777898192405701,0.06392887979745865,1e-06,0.37735849618911743,6.714827537536621
98,0.9810400605201721,0.05517911911010742,1e-06,0.37893080711364746,6.6998820304870605
99,0.9799566864967346,0.054977212101221085,1e-06,0.37735849618911743,6.700953960418701
100,0.9810400605201721,0.05413215234875679,1e-06,0.37735849618911743,6.729905128479004
