epoch,accuracy,loss,lr,val_accuracy,val_loss
0,0.6489707231521606,0.8721794486045837,0.001,0.25471699237823486,2.926079034805298
1,0.7648970484733582,0.5667282342910767,0.001,0.25471699237823486,6.5374932289123535
2,0.8120260238647461,0.47053658962249756,0.001,0.25471699237823486,9.584667205810547
3,0.8412784337997437,0.3776151239871979,0.001,0.25471699237823486,12.094975471496582
4,0.8602383732795715,0.3498609960079193,0.001,0.25471699237823486,12.706852912902832
5,0.8764896988868713,0.3145262598991394,0.001,0.3820754587650299,11.841902732849121
6,0.8732394576072693,0.3022662103176117,0.001,0.37264150381088257,11.44895076751709
7,0.8954496383666992,0.26521819829940796,0.001,0.26100629568099976,13.051271438598633
8,0.9003250002861023,0.24286004900932312,0.001,0.4669811427593231,10.340231895446777
9,0.9187432527542114,0.2135523557662964,0.001,0.46855345368385315,11.967846870422363
10,0.911700963973999,0.21156425774097443,0.001,0.08018867671489716,7.96322774887085
11,0.9393282532691956,0.1724189966917038,0.0003,0.3333333432674408,4.541634559631348
12,0.9490790963172913,0.13182923197746277,0.0003,0.22798742353916168,4.49049186706543
13,0.9490790963172913,0.1352342963218689,0.0003,0.3207547068595886,4.765081882476807
14,0.9593716263771057,0.11872515082359314,0.0003,0.3537735939025879,4.3566083908081055
15,0.94962078332901,0.1416168510913849,0.0003,0.40723270177841187,6.39784574508667
16,0.960455060005188,0.11045490950345993,0.0003,0.29559749364852905,5.541314125061035
17,0.9609967470169067,0.10989033430814743,0.0003,0.2358490526676178,6.694134712219238
18,0.94962078332901,0.12375102937221527,0.0003,0.31603774428367615,5.816866874694824
19,0.9609967470169067,0.10741698741912842,0.0003,0.3254716992378235,7.385682106018066
20,0.9626218676567078,0.09863592684268951,0.0003,0.2987421452999115,5.3819403648376465
21,0.9712892770767212,0.08766122162342072,9e-05,0.3679245412349701,5.888500213623047
22,0.9674972891807556,0.09155087918043137,9e-05,0.3270440399646759,6.302567958831787
23,0.9685807228088379,0.08585277199745178,9e-05,0.36320754885673523,5.477228164672852
24,0.9691224098205566,0.08240225166082382,9e-05,0.35691824555397034,6.272946834564209
25,0.9718309640884399,0.08046107739210129,9e-05,0.3663522005081177,5.832826614379883
26,0.9696641564369202,0.08291459828615189,9e-05,0.32232704758644104,5.925014495849609
27,0.9772481322288513,0.06736510246992111,9e-05,0.33018869161605835,5.89979362487793
28,0.9680389761924744,0.09457725286483765,9e-05,0.400943398475647,5.433437347412109
29,0.9750812649726868,0.07392476499080658,9e-05,0.3176100552082062,5.94893217086792
30,0.9772481322288513,0.0666397213935852,9e-05,0.4528301954269409,5.422606945037842
31,0.9707475900650024,0.07706601917743683,2.7e-05,0.3883647918701172,6.239572048187256
32,0.9712892770767212,0.07207366824150085,2.7e-05,0.36477985978126526,5.9962382316589355
33,0.9767063856124878,0.06903520226478577,2.7e-05,0.374213844537735,6.322981357574463
34,0.9750812649726868,0.06758832186460495,2.7e-05,0.39308175444602966,6.018254280090332
35,0.9750812649726868,0.07245010137557983,2.7e-05,0.4103773534297943,5.887661457061768
36,0.976164698600769,0.0695917159318924,2.7e-05,0.37264150381088257,6.072146415710449
37,0.9799566864967346,0.060226574540138245,2.7e-05,0.3459119498729706,6.466958045959473
38,0.9691224098205566,0.08103065937757492,2.7e-05,0.3836477994918823,6.268332004547119
39,0.9750812649726868,0.06679418683052063,2.7e-05,0.38679245114326477,5.996264934539795
40,0.9804983735084534,0.05395110324025154,2.7e-05,0.4040880501270294,6.0169501304626465
41,0.9804983735084534,0.06071879342198372,8.1e-06,0.36477985978126526,6.163573265075684
42,0.9810400605201721,0.057748571038246155,8.1e-06,0.33805030584335327,6.169405937194824
43,0.9772481322288513,0.06178256869316101,8.1e-06,0.3522012531757355,6.2000651359558105
44,0.9832069277763367,0.05750567093491554,8.1e-06,0.3694968521595001,6.256494998931885
45,0.9745395183563232,0.07064446806907654,8.1e-06,0.38522014021873474,6.193718433380127
46,0.9783315062522888,0.06177076697349548,8.1e-06,0.3899371027946472,6.160312652587891
47,0.9767063856124878,0.06581748276948929,8.1e-06,0.38522014021873474,6.277307510375977
48,0.9772481322288513,0.06603646278381348,8.1e-06,0.3899371027946472,6.223626136779785
49,0.9712892770767212,0.06615252792835236,8.1e-06,0.37893080711364746,6.302735328674316
50,0.9783315062522888,0.06409421563148499,8.1e-06,0.3663522005081177,6.320364475250244
51,0.9799566864967346,0.060250166803598404,2.43e-06,0.37264150381088257,6.293745517730713
52,0.9799566864967346,0.06315986067056656,2.43e-06,0.375786155462265,6.275160312652588
53,0.9837486743927002,0.06205877289175987,2.43e-06,0.374213844537735,6.272494792938232
54,0.9788732528686523,0.06077403575181961,2.43e-06,0.37735849618911743,6.27280855178833
55,0.9799566864967346,0.0643962100148201,2.43e-06,0.37735849618911743,6.296738147735596
56,0.9756229519844055,0.06827611476182938,2.43e-06,0.37735849618911743,6.2905707359313965
57,0.9756229519844055,0.06388763338327408,2.43e-06,0.374213844537735,6.2978129386901855
58,0.9821234941482544,0.062150999903678894,2.43e-06,0.374213844537735,6.269999027252197
59,0.9794149398803711,0.06864670664072037,2.43e-06,0.37893080711364746,6.253471374511719
60,0.9788732528686523,0.06576897203922272,2.43e-06,0.3820754587650299,6.188824653625488
61,0.976164698600769,0.06588443368673325,1e-06,0.37893080711364746,6.208273410797119
62,0.9826652407646179,0.05720488354563713,1e-06,0.37735849618911743,6.225519180297852
63,0.9799566864967346,0.059477366507053375,1e-06,0.37735849618911743,6.247695446014404
64,0.9777898192405701,0.06242961063981056,1e-06,0.37735849618911743,6.272280216217041
65,0.9794149398803711,0.06276670843362808,1e-06,0.37735849618911743,6.270658016204834
66,0.9794149398803711,0.06499073654413223,1e-06,0.37735849618911743,6.247086524963379
67,0.9712892770767212,0.06664136052131653,1e-06,0.37735849618911743,6.241086483001709
68,0.9767063856124878,0.06395626068115234,1e-06,0.37735849618911743,6.249111175537109
69,0.9783315062522888,0.06358969956636429,1e-06,0.374213844537735,6.259338855743408
70,0.9712892770767212,0.07155457139015198,1e-06,0.375786155462265,6.267872333526611
71,0.9739978313446045,0.06533540040254593,1e-06,0.375786155462265,6.274453163146973
72,0.976164698600769,0.06534291058778763,1e-06,0.375786155462265,6.275125503540039
73,0.9799566864967346,0.057948850095272064,1e-06,0.375786155462265,6.300445079803467
74,0.9707475900650024,0.07442940771579742,1e-06,0.37735849618911743,6.273076057434082
75,0.9767063856124878,0.05804814025759697,1e-06,0.375786155462265,6.301178932189941
76,0.9734561443328857,0.066534623503685,1e-06,0.374213844537735,6.290695667266846
77,0.9729143977165222,0.06447964906692505,1e-06,0.374213844537735,6.262701034545898
78,0.9756229519844055,0.06663823127746582,1e-06,0.37893080711364746,6.228580474853516
79,0.9734561443328857,0.06666281074285507,1e-06,0.37735849618911743,6.249819278717041
80,0.9788732528686523,0.0643295869231224,1e-06,0.37735849618911743,6.251463890075684
81,0.9723727107048035,0.06958611309528351,1e-06,0.37735849618911743,6.275352478027344
82,0.9783315062522888,0.06013549864292145,1e-06,0.37735849618911743,6.2642340660095215
83,0.9767063856124878,0.06572914123535156,1e-06,0.37735849618911743,6.265070915222168
84,0.9853737950325012,0.04965323954820633,1e-06,0.37735849618911743,6.26585054397583
85,0.9837486743927002,0.05304134264588356,1e-06,0.37735849618911743,6.25698184967041
86,0.9804983735084534,0.05399415269494057,1e-06,0.37735849618911743,6.254033088684082
87,0.9756229519844055,0.06599023938179016,1e-06,0.375786155462265,6.271009922027588
88,0.9729143977165222,0.0696745440363884,1e-06,0.375786155462265,6.2471795082092285
89,0.9837486743927002,0.05245717987418175,1e-06,0.375786155462265,6.2422614097595215
90,0.9821234941482544,0.05592801794409752,1e-06,0.375786155462265,6.250310897827148
91,0.9723727107048035,0.06896907836198807,1e-06,0.37893080711364746,6.2421650886535645
92,0.9804983735084534,0.05663027614355087,1e-06,0.3805031478404999,6.21169376373291
93,0.9810400605201721,0.06014828383922577,1e-06,0.37893080711364746,6.223042011260986
94,0.9826652407646179,0.05186671018600464,1e-06,0.37735849618911743,6.236081123352051
95,0.9718309640884399,0.07527536153793335,1e-06,0.37735849618911743,6.216192245483398
96,0.9810400605201721,0.05260230600833893,1e-06,0.37735849618911743,6.205650806427002
97,0.9837486743927002,0.058314114809036255,1e-06,0.37735849618911743,6.234408378601074
98,0.976164698600769,0.05612672492861748,1e-06,0.37735849618911743,6.24772834777832
99,0.9777898192405701,0.06667062640190125,1e-06,0.375786155462265,6.2582292556762695
100,0.9772481322288513,0.0628625676035881,1e-06,0.37735849618911743,6.260484218597412
