epoch,accuracy,loss,lr,val_accuracy,val_loss
0,0.6679306626319885,0.8377463221549988,0.001,0.25471699237823486,4.676384449005127
1,0.7724810242652893,0.5357556343078613,0.001,0.25471699237823486,8.161212921142578
2,0.807692289352417,0.47431468963623047,0.001,0.25471699237823486,13.225998878479004
3,0.8418201804161072,0.39622917771339417,0.001,0.25471699237823486,17.638872146606445
4,0.8678222894668579,0.3375297784805298,0.001,0.25471699237823486,18.701345443725586
5,0.8634886145591736,0.31284287571907043,0.001,0.24685534834861755,7.680403232574463
6,0.911700963973999,0.2430415004491806,0.001,0.25471699237823486,21.273529052734375
7,0.925785481929779,0.21030481159687042,0.001,0.11949685215950012,5.374777317047119
8,0.9149512648582458,0.21881043910980225,0.001,0.25471699237823486,7.447508335113525
9,0.9333694577217102,0.19994403421878815,0.001,0.25471699237823486,10.703564643859863
10,0.9284940361976624,0.19077862799167633,0.001,0.18238992989063263,6.8678202629089355
11,0.9609967470169067,0.10911547392606735,0.0003,0.1808176040649414,7.223941326141357
12,0.9647887349128723,0.10126686096191406,0.0003,0.2578616440296173,4.23861837387085
13,0.9718309640884399,0.08154378831386566,0.0003,0.29559749364852905,5.189406394958496
14,0.9734561443328857,0.07960263639688492,0.0003,0.4811320900917053,4.973743915557861
15,0.9772481322288513,0.07690887898206711,0.0003,0.47484275698661804,7.17387056350708
16,0.9794149398803711,0.06174898520112038,0.0003,0.35062894225120544,6.63815975189209
17,0.9772481322288513,0.06321106106042862,0.0003,0.5157232880592346,5.800327777862549
18,0.9837486743927002,0.04968182370066643,0.0003,0.3820754587650299,4.7151780128479
19,0.9745395183563232,0.06386221945285797,0.0003,0.4371069073677063,6.384490489959717
20,0.9853737950325012,0.041737910360097885,0.0003,0.3317610025405884,7.624934196472168
21,0.984290361404419,0.043690264225006104,0.0003,0.48427674174308777,6.52775764465332
22,0.987540602684021,0.03748632222414017,0.0003,0.4874213933944702,7.218092918395996
23,0.9886240363121033,0.03338926285505295,9e-05,0.4433962404727936,6.767749309539795
24,0.9913325905799866,0.02872338704764843,9e-05,0.3694968521595001,7.531458854675293
25,0.9924160242080688,0.026943976059556007,9e-05,0.37893080711364746,7.839676380157471
26,0.9934994578361511,0.0226258784532547,9e-05,0.3663522005081177,8.325528144836426
27,0.9929577708244324,0.022763486951589584,9e-05,0.37106919288635254,6.721934795379639
28,0.9956663250923157,0.01971086673438549,9e-05,0.39937105774879456,7.409883499145508
29,0.9940411448478699,0.023448316380381584,9e-05,0.3663522005081177,7.082008361816406
30,0.9929577708244324,0.023034999147057533,9e-05,0.38679245114326477,6.497928619384766
31,0.9848320484161377,0.03172890841960907,9e-05,0.3899371027946472,7.722102165222168
32,0.9924160242080688,0.02622152678668499,9e-05,0.37106919288635254,6.661624908447266
33,0.9924160242080688,0.023703938350081444,2.7e-05,0.37735849618911743,6.798130989074707
34,0.9934994578361511,0.02321164496243,2.7e-05,0.374213844537735,7.517577171325684
35,0.9907909035682678,0.027562206611037254,2.7e-05,0.3805031478404999,7.330347061157227
36,0.998374879360199,0.014022128656506538,2.7e-05,0.37264150381088257,7.383612632751465
37,0.9940411448478699,0.01968427747488022,2.7e-05,0.39937105774879456,7.120671272277832
38,0.9934994578361511,0.020526865497231483,2.7e-05,0.3679245412349701,7.52626895904541
39,0.9962080121040344,0.016206076368689537,2.7e-05,0.3820754587650299,7.748713493347168
40,0.9962080121040344,0.014468761160969734,2.7e-05,0.375786155462265,7.376006603240967
41,0.9940411448478699,0.01919401064515114,2.7e-05,0.3600628972053528,7.69379997253418
42,0.9951245784759521,0.015112766996026039,2.7e-05,0.3663522005081177,7.509731292724609
43,0.9962080121040344,0.016123490408062935,8.1e-06,0.3663522005081177,7.344670295715332
44,0.9962080121040344,0.013672678731381893,8.1e-06,0.36320754885673523,7.588753700256348
45,0.9929577708244324,0.024362560361623764,8.1e-06,0.374213844537735,7.2663373947143555
46,0.9956663250923157,0.014813633635640144,8.1e-06,0.3679245412349701,7.408769607543945
47,0.9934994578361511,0.02290775626897812,8.1e-06,0.3663522005081177,7.52405309677124
48,0.996749758720398,0.013155151158571243,8.1e-06,0.3694968521595001,7.393318176269531
49,0.9962080121040344,0.015104425139725208,8.1e-06,0.36320754885673523,7.735598564147949
50,0.9934994578361511,0.018925819545984268,8.1e-06,0.3663522005081177,7.596658229827881
51,0.996749758720398,0.013696587644517422,8.1e-06,0.3663522005081177,7.516391277313232
52,0.9962080121040344,0.018103914335370064,8.1e-06,0.36477985978126526,7.555403709411621
53,0.996749758720398,0.012436346150934696,2.43e-06,0.3663522005081177,7.559098243713379
54,0.9978331327438354,0.013055716641247272,2.43e-06,0.3663522005081177,7.540750980377197
55,0.996749758720398,0.013272938318550587,2.43e-06,0.3663522005081177,7.57336950302124
56,0.9972914457321167,0.015006775967776775,2.43e-06,0.3679245412349701,7.517459869384766
57,0.996749758720398,0.013942334800958633,2.43e-06,0.3663522005081177,7.5716423988342285
58,0.9945828914642334,0.017265984788537025,2.43e-06,0.3663522005081177,7.592398166656494
59,0.996749758720398,0.015390516258776188,2.43e-06,0.36477985978126526,7.602339267730713
60,0.9962080121040344,0.012930866330862045,2.43e-06,0.3663522005081177,7.604254722595215
61,0.998374879360199,0.012710322625935078,2.43e-06,0.3663522005081177,7.602853775024414
62,0.9956663250923157,0.017711183056235313,2.43e-06,0.3663522005081177,7.697290420532227
63,0.996749758720398,0.013776307925581932,1e-06,0.3663522005081177,7.695231914520264
64,0.9940411448478699,0.018194003030657768,1e-06,0.3663522005081177,7.606762409210205
65,0.9978331327438354,0.011682303622364998,1e-06,0.3663522005081177,7.617343902587891
66,0.9972914457321167,0.012423033826053143,1e-06,0.3663522005081177,7.661298751831055
67,0.998374879360199,0.011334789916872978,1e-06,0.3663522005081177,7.638918876647949
68,0.9956663250923157,0.015085062012076378,1e-06,0.3663522005081177,7.625497341156006
69,0.9945828914642334,0.017550809308886528,1e-06,0.3663522005081177,7.59519100189209
70,0.9934994578361511,0.02034364826977253,1e-06,0.3679245412349701,7.588772773742676
71,0.9972914457321167,0.012160749174654484,1e-06,0.3663522005081177,7.6081013679504395
72,1.0,0.009066934697329998,1e-06,0.3663522005081177,7.635608673095703
73,0.9940411448478699,0.024991707876324654,1e-06,0.3663522005081177,7.644445419311523
74,0.996749758720398,0.013283374719321728,1e-06,0.3663522005081177,7.623473167419434
75,0.996749758720398,0.012744992040097713,1e-06,0.3663522005081177,7.627553462982178
76,0.9951245784759521,0.015137332491576672,1e-06,0.3663522005081177,7.585392475128174
77,0.9924160242080688,0.021802818402647972,1e-06,0.3663522005081177,7.629263877868652
78,0.9940411448478699,0.020554326474666595,1e-06,0.3663522005081177,7.604817867279053
79,0.9956663250923157,0.016512831673026085,1e-06,0.3679245412349701,7.576850414276123
80,0.9945828914642334,0.01653742417693138,1e-06,0.3663522005081177,7.5812602043151855
81,0.9945828914642334,0.01669798232614994,1e-06,0.3663522005081177,7.582480430603027
82,0.9978331327438354,0.010974541306495667,1e-06,0.3663522005081177,7.598907470703125
83,0.9956663250923157,0.015884730964899063,1e-06,0.3663522005081177,7.680861949920654
84,0.998374879360199,0.01147404219955206,1e-06,0.3663522005081177,7.6884765625
85,0.9929577708244324,0.01870940439403057,1e-06,0.3679245412349701,7.635684490203857
86,0.9962080121040344,0.013885206542909145,1e-06,0.3679245412349701,7.563913345336914
87,0.9989165663719177,0.00962223019450903,1e-06,0.3679245412349701,7.566246509552002
88,0.9951245784759521,0.0158269964158535,1e-06,0.3679245412349701,7.580847263336182
89,0.9945828914642334,0.01933414302766323,1e-06,0.3679245412349701,7.584468841552734
90,0.9962080121040344,0.01413718145340681,1e-06,0.3679245412349701,7.59018611907959
91,0.9962080121040344,0.015450871549546719,1e-06,0.3679245412349701,7.586960792541504
92,0.9945828914642334,0.018348822370171547,1e-06,0.3663522005081177,7.59782600402832
93,0.9989165663719177,0.012060082517564297,1e-06,0.3663522005081177,7.582128524780273
94,0.9972914457321167,0.010998468846082687,1e-06,0.3663522005081177,7.568155765533447
95,0.9956663250923157,0.01570555940270424,1e-06,0.3679245412349701,7.543407917022705
96,0.998374879360199,0.01058636512607336,1e-06,0.3679245412349701,7.530641078948975
97,0.996749758720398,0.012100334279239178,1e-06,0.3679245412349701,7.548070430755615
98,0.996749758720398,0.014265773817896843,1e-06,0.3679245412349701,7.573268890380859
99,0.9962080121040344,0.015537953935563564,1e-06,0.3663522005081177,7.568484306335449
100,0.9940411448478699,0.025007713586091995,1e-06,0.3663522005081177,7.568092346191406
101,0.9956663250923157,0.012433568947017193,1e-06,0.3663522005081177,7.570406913757324
102,0.9929577708244324,0.022219516336917877,1e-06,0.3663522005081177,7.607369899749756
103,0.9945828914642334,0.02336771972477436,1e-06,0.3679245412349701,7.612941265106201
104,0.9940411448478699,0.0188390351831913,1e-06,0.3663522005081177,7.635227680206299
105,0.9972914457321167,0.011073312722146511,1e-06,0.3679245412349701,7.583863258361816
106,0.998374879360199,0.011034688912332058,1e-06,0.3663522005081177,7.615942001342773
107,0.996749758720398,0.013485267758369446,1e-06,0.3663522005081177,7.614614009857178
108,0.998374879360199,0.01228726003319025,1e-06,0.3679245412349701,7.644176006317139
109,0.998374879360199,0.008459341712296009,1e-06,0.3679245412349701,7.645259857177734
110,0.9956663250923157,0.014176882803440094,1e-06,0.3663522005081177,7.6751909255981445
111,0.9972914457321167,0.014061182737350464,1e-06,0.3679245412349701,7.657109260559082
112,0.9951245784759521,0.01781328395009041,1e-06,0.3679245412349701,7.635983467102051
