epoch,accuracy,loss,lr,val_accuracy,val_loss
0,0.6836403012275696,0.8260103464126587,0.001,0.25471699237823486,4.42360782623291
1,0.7573131322860718,0.5773656368255615,0.001,0.25471699237823486,10.394474029541016
2,0.8244853615760803,0.4522298276424408,0.001,0.25471699237823486,12.57091999053955
3,0.8347778916358948,0.4387855529785156,0.001,0.25471699237823486,14.01881217956543
4,0.8477789759635925,0.36434999108314514,0.001,0.25471699237823486,12.297993659973145
5,0.8710725903511047,0.3172180950641632,0.001,0.37106919288635254,14.999003410339355
6,0.8667389154434204,0.34476152062416077,0.001,0.47641509771347046,13.295876502990723
7,0.8764896988868713,0.309636652469635,0.001,0.3522012531757355,8.593140602111816
8,0.8992416262626648,0.25120916962623596,0.001,0.2295597493648529,3.3431196212768555
9,0.9176598191261292,0.20462453365325928,0.001,0.3128930926322937,8.477668762207031
10,0.9322860240936279,0.18411794304847717,0.001,0.21855345368385315,6.451724529266357
11,0.9230769276618958,0.21836206316947937,0.001,0.2830188572406769,6.465856552124023
12,0.9312025904655457,0.19935588538646698,0.001,0.2861635088920593,6.237879753112793
13,0.9398699998855591,0.18441031873226166,0.001,0.3600628972053528,15.898228645324707
14,0.9507042169570923,0.133627787232399,0.001,0.26100629568099976,34.545040130615234
15,0.9609967470169067,0.10660042613744736,0.001,0.3899371027946472,4.642956733703613
16,0.9469122290611267,0.16312722861766815,0.001,0.22012577950954437,9.621377944946289
17,0.9685807228088379,0.09170223027467728,0.001,0.17610062658786774,6.289324760437012
18,0.9609967470169067,0.0965905636548996,0.001,0.4449685513973236,6.065216541290283
19,0.9750812649726868,0.06790214776992798,0.0003,0.4386792480945587,6.749319553375244
20,0.984290361404419,0.044199906289577484,0.0003,0.40723270177841187,6.821368217468262
21,0.9880823493003845,0.04352423548698425,0.0003,0.41981130838394165,6.589425563812256
22,0.9880823493003845,0.03592432662844658,0.0003,0.3176100552082062,7.254763603210449
23,0.9902492165565491,0.032419513911008835,0.0003,0.40723270177841187,4.868785381317139
24,0.9832069277763367,0.05025894567370415,0.0003,0.23742137849330902,13.836191177368164
25,0.9891657829284668,0.02996749058365822,0.0003,0.276729553937912,5.496410846710205
26,0.9864572286605835,0.03581499680876732,0.0003,0.37264150381088257,9.418305397033691
27,0.9934994578361511,0.022689227014780045,0.0003,0.26572325825691223,6.284682273864746
28,0.9897074699401855,0.027539119124412537,0.0003,0.3396226465702057,5.393061637878418
29,0.9913325905799866,0.028276611119508743,9e-05,0.4811320900917053,5.914360046386719
30,0.9907909035682678,0.02695614844560623,9e-05,0.46226415038108826,8.20350456237793
31,0.9853737950325012,0.04409487172961235,9e-05,0.5204402804374695,7.310755729675293
32,0.9897074699401855,0.03499789908528328,9e-05,0.30188679695129395,8.648846626281738
33,0.9945828914642334,0.017516283318400383,9e-05,0.2987421452999115,9.825414657592773
34,0.9934994578361511,0.020159104838967323,9e-05,0.31446540355682373,9.1795015335083
35,0.9972914457321167,0.015043994411826134,9e-05,0.42138364911079407,9.300694465637207
36,0.9945828914642334,0.0204988531768322,9e-05,0.374213844537735,8.7265043258667
37,0.9940411448478699,0.018870923668146133,9e-05,0.375786155462265,7.019859790802002
38,0.9945828914642334,0.01602962426841259,9e-05,0.33018869161605835,9.247124671936035
39,0.9940411448478699,0.02194000408053398,2.7e-05,0.41352200508117676,8.142477035522461
40,0.9956663250923157,0.017087990418076515,2.7e-05,0.3600628972053528,8.69179630279541
41,0.9962080121040344,0.013667965307831764,2.7e-05,0.3553459048271179,8.882768630981445
42,0.9929577708244324,0.020942145958542824,2.7e-05,0.4433962404727936,8.743682861328125
43,0.9972914457321167,0.01332003716379404,2.7e-05,0.3805031478404999,8.191108703613281
44,0.9929577708244324,0.02256769686937332,2.7e-05,0.3836477994918823,7.776803970336914
45,0.9972914457321167,0.013510311022400856,2.7e-05,0.4103773534297943,7.440621852874756
46,0.9918743371963501,0.022141240537166595,2.7e-05,0.36320754885673523,7.551425457000732
47,0.9962080121040344,0.0187905915081501,2.7e-05,0.4229559600353241,7.797934532165527
48,0.9972914457321167,0.012446478940546513,2.7e-05,0.402515709400177,8.104153633117676
49,0.998374879360199,0.00940585508942604,8.1e-06,0.3836477994918823,8.212528228759766
50,0.9945828914642334,0.015611018985509872,8.1e-06,0.3616352081298828,8.451133728027344
51,0.9989165663719177,0.009610560722649097,8.1e-06,0.3883647918701172,8.193860054016113
52,0.9940411448478699,0.017629768699407578,8.1e-06,0.39150944352149963,8.15335750579834
53,0.9945828914642334,0.01786496490240097,8.1e-06,0.39308175444602966,8.205140113830566
54,0.9956663250923157,0.014075051993131638,8.1e-06,0.3836477994918823,8.377928733825684
55,0.9945828914642334,0.015777207911014557,8.1e-06,0.400943398475647,8.271166801452637
56,0.9989165663719177,0.008940686471760273,8.1e-06,0.3977987468242645,8.212390899658203
57,0.9956663250923157,0.016277477145195007,8.1e-06,0.3836477994918823,8.185259819030762
58,0.9962080121040344,0.01668340526521206,8.1e-06,0.3962264060974121,8.25283432006836
59,0.9951245784759521,0.020618079230189323,2.43e-06,0.400943398475647,8.23286247253418
60,0.9972914457321167,0.012027326039969921,2.43e-06,0.400943398475647,8.18707275390625
61,0.9940411448478699,0.016669340431690216,2.43e-06,0.39937105774879456,8.173787117004395
62,0.9945828914642334,0.0166750680655241,2.43e-06,0.400943398475647,8.159229278564453
63,0.9951245784759521,0.01597670465707779,2.43e-06,0.400943398475647,8.177502632141113
64,0.9972914457321167,0.016433436423540115,2.43e-06,0.400943398475647,8.166823387145996
65,0.998374879360199,0.009067708626389503,2.43e-06,0.3977987468242645,8.176366806030273
66,0.996749758720398,0.011876893229782581,2.43e-06,0.3977987468242645,8.185017585754395
67,0.9972914457321167,0.012687203474342823,2.43e-06,0.3962264060974121,8.207100868225098
68,0.9956663250923157,0.011811255477368832,2.43e-06,0.3899371027946472,8.222071647644043
69,0.9945828914642334,0.018616916611790657,1e-06,0.39308175444602966,8.1636323928833
70,0.9929577708244324,0.023674963042140007,1e-06,0.3899371027946472,8.193278312683105
71,0.9956663250923157,0.021280944347381592,1e-06,0.3946540951728821,8.163786888122559
72,0.996749758720398,0.010401527397334576,1e-06,0.3899371027946472,8.159012794494629
73,0.9956663250923157,0.01505751721560955,1e-06,0.39308175444602966,8.169727325439453
74,0.9951245784759521,0.023204969242215157,1e-06,0.3946540951728821,8.153440475463867
75,0.996749758720398,0.016838733106851578,1e-06,0.3946540951728821,8.13752269744873
76,0.9940411448478699,0.023382356390357018,1e-06,0.3962264060974121,8.136031150817871
77,0.9978331327438354,0.01281274389475584,1e-06,0.3946540951728821,8.142858505249023
78,0.9956663250923157,0.016251778230071068,1e-06,0.3946540951728821,8.134758949279785
79,0.9962080121040344,0.01591368019580841,1e-06,0.3899371027946472,8.122254371643066
80,0.9994583129882812,0.007787539158016443,1e-06,0.39308175444602966,8.161227226257324
81,0.9945828914642334,0.01582128182053566,1e-06,0.3946540951728821,8.149519920349121
82,0.9951245784759521,0.018164999783039093,1e-06,0.3899371027946472,8.147622108459473
83,0.996749758720398,0.009534303098917007,1e-06,0.3946540951728821,8.128697395324707
84,0.9962080121040344,0.014766519889235497,1e-06,0.3946540951728821,8.127649307250977
85,0.9951245784759521,0.016409870237112045,1e-06,0.3946540951728821,8.115687370300293
86,0.9956663250923157,0.014083960093557835,1e-06,0.3946540951728821,8.145419120788574
87,0.9956663250923157,0.015540544874966145,1e-06,0.3962264060974121,8.133421897888184
88,0.9924160242080688,0.021200988441705704,1e-06,0.3962264060974121,8.113727569580078
89,0.996749758720398,0.014438202604651451,1e-06,0.3977987468242645,8.13937759399414
90,0.9972914457321167,0.009523933753371239,1e-06,0.3977987468242645,8.175566673278809
91,0.996749758720398,0.01121449377387762,1e-06,0.3977987468242645,8.182138442993164
92,0.9956663250923157,0.014687751419842243,1e-06,0.3962264060974121,8.21777057647705
93,0.9929577708244324,0.021077198907732964,1e-06,0.3962264060974121,8.148030281066895
94,0.9951245784759521,0.01727711595594883,1e-06,0.3977987468242645,8.154789924621582
95,0.996749758720398,0.012514235451817513,1e-06,0.3977987468242645,8.103740692138672
96,0.996749758720398,0.01279823761433363,1e-06,0.3977987468242645,8.091156959533691
97,0.9972914457321167,0.012121622450649738,1e-06,0.3946540951728821,8.105159759521484
98,0.9956663250923157,0.012027738615870476,1e-06,0.3899371027946472,8.143171310424805
99,0.998374879360199,0.009776114486157894,1e-06,0.3899371027946472,8.158634185791016
100,0.996749758720398,0.015031663700938225,1e-06,0.3899371027946472,8.193863868713379
101,0.9962080121040344,0.01335813570767641,1e-06,0.3899371027946472,8.170211791992188
102,0.9978331327438354,0.01062046829611063,1e-06,0.3899371027946472,8.188250541687012
103,0.9945828914642334,0.01710522174835205,1e-06,0.3899371027946472,8.208436012268066
104,0.9962080121040344,0.012090537697076797,1e-06,0.3946540951728821,8.165521621704102
105,0.9962080121040344,0.01372659020125866,1e-06,0.3899371027946472,8.200447082519531
106,0.9934994578361511,0.018562331795692444,1e-06,0.3977987468242645,8.125250816345215
107,0.9951245784759521,0.01403915323317051,1e-06,0.3946540951728821,8.174320220947266
108,0.9951245784759521,0.015469089150428772,1e-06,0.3899371027946472,8.19011116027832
