epoch,accuracy,loss,lr,val_accuracy,val_loss
0,0.6744312047958374,0.819010317325592,0.001,0.303459107875824,4.535442352294922
1,0.7632719278335571,0.5786334276199341,0.001,0.2845911979675293,9.4661226272583
2,0.8098591566085815,0.4848850965499878,0.001,0.2861635088920593,14.396453857421875
3,0.8423618674278259,0.39797013998031616,0.001,0.402515709400177,14.408822059631348
4,0.8678222894668579,0.35822978615760803,0.001,0.3805031478404999,15.673905372619629
5,0.8775731325149536,0.32226887345314026,0.001,0.37893080711364746,14.456045150756836
6,0.8840736746788025,0.2923470139503479,0.001,0.39150944352149963,18.94518280029297
7,0.9073672890663147,0.2515382766723633,0.001,0.42610064148902893,15.97221851348877
8,0.9003250002861023,0.2540918290615082,0.001,0.3899371027946472,15.419108390808105
9,0.908450722694397,0.23792621493339539,0.001,0.276729553937912,7.494969844818115
10,0.9366196990013123,0.16793841123580933,0.001,0.12421383708715439,5.471498012542725
11,0.9517876505851746,0.13728410005569458,0.0003,0.349056601524353,4.696357250213623
12,0.960455060005188,0.11848343908786774,0.0003,0.45440250635147095,9.889016151428223
13,0.9647887349128723,0.11116883903741837,0.0003,0.30974844098091125,4.809250831604004
14,0.9674972891807556,0.09126555174589157,0.0003,0.4245283007621765,5.534882068634033
15,0.976164698600769,0.07799525558948517,0.0003,0.44182389974594116,6.5786519050598145
16,0.9696641564369202,0.08485082536935806,0.0003,0.3396226465702057,6.764667510986328
17,0.9685807228088379,0.07733170688152313,0.0003,0.3459119498729706,6.115111827850342
18,0.9712892770767212,0.07659179717302322,0.0003,0.3270440399646759,7.952948570251465
19,0.9723727107048035,0.07667865604162216,0.0003,0.3946540951728821,4.985747814178467
20,0.9772481322288513,0.06772183626890182,0.0003,0.27515724301338196,7.062596797943115
21,0.9810400605201721,0.05511516332626343,9e-05,0.41352200508117676,6.097956657409668
22,0.9826652407646179,0.05041546747088432,9e-05,0.44025155901908875,6.734338283538818
23,0.9783315062522888,0.0653119757771492,9e-05,0.46226415038108826,8.37801742553711
24,0.984290361404419,0.04754737764596939,9e-05,0.4166666567325592,7.687551975250244
25,0.9804983735084534,0.06036955863237381,9e-05,0.39308175444602966,6.073178768157959
26,0.9848320484161377,0.05160495266318321,9e-05,0.36320754885673523,7.78036642074585
27,0.9853737950325012,0.043647363781929016,9e-05,0.374213844537735,7.558713436126709
28,0.9826652407646179,0.04748484864830971,9e-05,0.38679245114326477,8.585929870605469
29,0.9864572286605835,0.039367590099573135,9e-05,0.3820754587650299,6.73421049118042
30,0.987540602684021,0.03825559467077255,9e-05,0.41981130838394165,8.692730903625488
31,0.9913325905799866,0.028989654034376144,2.7e-05,0.4182389974594116,7.869835376739502
32,0.9897074699401855,0.028487693518400192,2.7e-05,0.3946540951728821,7.864085674285889
33,0.9897074699401855,0.037292126566171646,2.7e-05,0.4088050425052643,8.006311416625977
34,0.9902492165565491,0.0335160568356514,2.7e-05,0.3820754587650299,7.709042072296143
35,0.98591548204422,0.0417831614613533,2.7e-05,0.4088050425052643,6.9743804931640625
36,0.9913325905799866,0.03368920832872391,2.7e-05,0.42610064148902893,7.2825798988342285
37,0.9902492165565491,0.03310681879520416,2.7e-05,0.3805031478404999,7.878353595733643
38,0.9891657829284668,0.03060324303805828,2.7e-05,0.3820754587650299,8.219508171081543
39,0.9956663250923157,0.02521715685725212,2.7e-05,0.4292452931404114,7.555237293243408
40,0.9897074699401855,0.032271858304739,2.7e-05,0.4103773534297943,7.892415523529053
41,0.9907909035682678,0.027917925268411636,8.1e-06,0.3836477994918823,7.687013149261475
42,0.9880823493003845,0.03351389989256859,8.1e-06,0.4088050425052643,7.611782073974609
43,0.9897074699401855,0.035243600606918335,8.1e-06,0.39150944352149963,7.4745097160339355
44,0.9891657829284668,0.034854233264923096,8.1e-06,0.3805031478404999,7.481853008270264
45,0.9897074699401855,0.03311866521835327,8.1e-06,0.37893080711364746,7.881807327270508
46,0.9945828914642334,0.02372976392507553,8.1e-06,0.3820754587650299,7.8227763175964355
47,0.9886240363121033,0.03434349223971367,8.1e-06,0.38679245114326477,7.864747047424316
48,0.9907909035682678,0.03080996870994568,8.1e-06,0.3820754587650299,7.7908244132995605
49,0.9934994578361511,0.025733234360814095,8.1e-06,0.375786155462265,7.991253852844238
50,0.9918743371963501,0.030226683244109154,8.1e-06,0.37893080711364746,7.9345903396606445
51,0.9897074699401855,0.029475005343556404,2.43e-06,0.37893080711364746,7.995354652404785
52,0.9880823493003845,0.03732273355126381,2.43e-06,0.3836477994918823,7.946907043457031
53,0.9897074699401855,0.03447003290057182,2.43e-06,0.3820754587650299,7.938835144042969
54,0.98591548204422,0.040515489876270294,2.43e-06,0.3820754587650299,7.954996585845947
55,0.9934994578361511,0.024527035653591156,2.43e-06,0.3820754587650299,7.930364608764648
56,0.9902492165565491,0.02817939594388008,2.43e-06,0.3820754587650299,7.975113868713379
57,0.9886240363121033,0.03396731615066528,2.43e-06,0.3820754587650299,7.991960048675537
58,0.9891657829284668,0.036455459892749786,2.43e-06,0.38679245114326477,7.9304423332214355
59,0.9907909035682678,0.028955908492207527,2.43e-06,0.38679245114326477,7.915369987487793
60,0.9907909035682678,0.02997223101556301,2.43e-06,0.3836477994918823,7.928308486938477
61,0.9924160242080688,0.02580447681248188,1e-06,0.3836477994918823,7.939342498779297
62,0.9929577708244324,0.025944767519831657,1e-06,0.3820754587650299,7.962757587432861
63,0.9864572286605835,0.04522494226694107,1e-06,0.3820754587650299,7.970597267150879
64,0.9924160242080688,0.024722862988710403,1e-06,0.3820754587650299,7.972496509552002
65,0.9934994578361511,0.027227552607655525,1e-06,0.3820754587650299,7.9621405601501465
66,0.9945828914642334,0.02138417214155197,1e-06,0.3820754587650299,7.9307475090026855
67,0.9886240363121033,0.03134565427899361,1e-06,0.3820754587650299,7.959482669830322
68,0.9924160242080688,0.027523798868060112,1e-06,0.3820754587650299,8.002301216125488
69,0.9918743371963501,0.0283657293766737,1e-06,0.3820754587650299,8.004973411560059
70,0.9918743371963501,0.031209178268909454,1e-06,0.3805031478404999,8.015461921691895
71,0.9918743371963501,0.02840801700949669,1e-06,0.3820754587650299,7.982121467590332
72,0.98591548204422,0.04009879752993584,1e-06,0.37893080711364746,7.949406623840332
73,0.9880823493003845,0.02833062969148159,1e-06,0.37893080711364746,7.987912178039551
74,0.9945828914642334,0.0219193696975708,1e-06,0.37893080711364746,8.028388023376465
75,0.9918743371963501,0.03167976438999176,1e-06,0.37893080711364746,8.025540351867676
76,0.9940411448478699,0.023030705749988556,1e-06,0.3805031478404999,8.03743839263916
77,0.9880823493003845,0.03214079886674881,1e-06,0.3820754587650299,8.047213554382324
78,0.9880823493003845,0.03267939016222954,1e-06,0.3820754587650299,8.010711669921875
79,0.9902492165565491,0.03013671562075615,1e-06,0.3820754587650299,7.966489791870117
80,0.9891657829284668,0.03844813257455826,1e-06,0.3820754587650299,7.960737228393555
81,0.9918743371963501,0.026224350556731224,1e-06,0.3820754587650299,7.9871697425842285
82,0.9907909035682678,0.031419556587934494,1e-06,0.3805031478404999,8.019107818603516
83,0.9918743371963501,0.025907892733812332,1e-06,0.3805031478404999,8.044677734375
84,0.9918743371963501,0.026413120329380035,1e-06,0.3805031478404999,8.045234680175781
85,0.9891657829284668,0.03391706943511963,1e-06,0.3805031478404999,7.985562801361084
86,0.987540602684021,0.03329038992524147,1e-06,0.3805031478404999,7.984833240509033
87,0.9880823493003845,0.035643577575683594,1e-06,0.3820754587650299,7.972864151000977
88,0.9945828914642334,0.022502517327666283,1e-06,0.3820754587650299,7.9870405197143555
89,0.9924160242080688,0.023949719965457916,1e-06,0.3820754587650299,7.957633018493652
90,0.9945828914642334,0.020742299035191536,1e-06,0.3820754587650299,7.972856521606445
91,0.9918743371963501,0.02926643379032612,1e-06,0.3820754587650299,7.993622303009033
92,0.9913325905799866,0.030077647417783737,1e-06,0.3820754587650299,7.98925256729126
93,0.9918743371963501,0.02927972748875618,1e-06,0.3820754587650299,7.958198070526123
94,0.9945828914642334,0.022848056629300117,1e-06,0.3805031478404999,7.987398147583008
95,0.9929577708244324,0.026013026013970375,1e-06,0.3805031478404999,7.9879350662231445
96,0.9886240363121033,0.03605268895626068,1e-06,0.3820754587650299,7.994792461395264
97,0.9924160242080688,0.02341841347515583,1e-06,0.3820754587650299,8.00708293914795
98,0.9902492165565491,0.030735833570361137,1e-06,0.3820754587650299,7.986828804016113
99,0.9902492165565491,0.02684110589325428,1e-06,0.3820754587650299,7.991477966308594
100,0.9913325905799866,0.03656700253486633,1e-06,0.3805031478404999,7.971234321594238
