epoch,accuracy,loss,lr,val_accuracy,val_loss
0,0.6473456025123596,0.9452387690544128,0.001,0.25471699237823486,8.843072891235352
1,0.780606746673584,0.5546624064445496,0.001,0.2971698045730591,14.57552433013916
2,0.818526566028595,0.4872417449951172,0.001,0.3820754587650299,12.640876770019531
3,0.8158180117607117,0.49767035245895386,0.001,0.3694968521595001,10.949899673461914
4,0.8488624095916748,0.3661983609199524,0.001,0.27987420558929443,16.109771728515625
5,0.861321747303009,0.3667678236961365,0.001,0.39937105774879456,13.954030990600586
6,0.8873239159584045,0.300996333360672,0.001,0.36320754885673523,14.959117889404297
7,0.9068255424499512,0.24618645012378693,0.001,0.30188679695129395,14.783117294311523
8,0.9192849397659302,0.2277636080980301,0.001,0.45440250635147095,10.720072746276855
9,0.9398699998855591,0.17127662897109985,0.001,0.2091194987297058,9.13284969329834
10,0.933911144733429,0.19321401417255402,0.001,0.2625786066055298,10.050809860229492
11,0.9588298797607422,0.10952736437320709,0.0003,0.32861635088920593,5.468121528625488
12,0.9718309640884399,0.08181546628475189,0.0003,0.3050314486026764,4.928780555725098
13,0.976164698600769,0.09223543852567673,0.0003,0.4386792480945587,5.373363018035889
14,0.9767063856124878,0.06372112780809402,0.0003,0.30974844098091125,6.218334197998047
15,0.98591548204422,0.050981149077415466,0.0003,0.42138364911079407,8.31794548034668
16,0.9837486743927002,0.04489315673708916,0.0003,0.3836477994918823,6.161696910858154
17,0.9886240363121033,0.04109376296401024,0.0003,0.43553459644317627,5.358890056610107
18,0.9886240363121033,0.031876884400844574,0.0003,0.4308176040649414,8.280010223388672
19,0.9837486743927002,0.052978258579969406,0.0003,0.3537735939025879,5.931947231292725
20,0.9886240363121033,0.042402513325214386,0.0003,0.47484275698661804,5.755848407745361
21,0.9880823493003845,0.038630180060863495,0.0003,0.39937105774879456,6.789831161499023
22,0.9918743371963501,0.024464694783091545,0.0003,0.4669811427593231,5.8552069664001465
23,0.9929577708244324,0.027564123272895813,9e-05,0.44025155901908875,7.825849533081055
24,0.9897074699401855,0.02724473737180233,9e-05,0.4292452931404114,5.93510103225708
25,0.9962080121040344,0.014905449002981186,9e-05,0.3459119498729706,7.152923583984375
26,0.9962080121040344,0.01579216867685318,9e-05,0.35062894225120544,7.299887657165527
27,0.9956663250923157,0.01736871339380741,9e-05,0.3946540951728821,6.346803188323975
28,0.9934994578361511,0.01759778894484043,9e-05,0.4308176040649414,6.595101356506348
29,0.9972914457321167,0.011124694719910622,9e-05,0.446540892124176,6.512993812561035
30,0.9929577708244324,0.02024928107857704,9e-05,0.3820754587650299,6.948092460632324
31,0.9951245784759521,0.01643279381096363,9e-05,0.3537735939025879,6.706166744232178
32,0.9934994578361511,0.018247701227664948,9e-05,0.4433962404727936,7.5411577224731445
33,0.9989165663719177,0.008205993101000786,2.7e-05,0.3883647918701172,7.40023946762085
34,0.998374879360199,0.012652904726564884,2.7e-05,0.4040880501270294,7.318545341491699
35,0.9978331327438354,0.008620535023510456,2.7e-05,0.400943398475647,7.283437252044678
36,0.9972914457321167,0.009435545653104782,2.7e-05,0.400943398475647,7.393716812133789
37,0.9989165663719177,0.008429793640971184,2.7e-05,0.4150943458080292,7.373434543609619
38,0.996749758720398,0.012117819860577583,2.7e-05,0.41194969415664673,6.766629219055176
39,0.9972914457321167,0.009560354985296726,2.7e-05,0.41194969415664673,7.170133113861084
40,0.9934994578361511,0.01912650838494301,2.7e-05,0.41352200508117676,7.974050998687744
41,0.9951245784759521,0.013458873145282269,2.7e-05,0.3977987468242645,7.756904125213623
42,0.996749758720398,0.009336840361356735,2.7e-05,0.4166666567325592,7.735636234283447
43,0.9934994578361511,0.02132270485162735,8.1e-06,0.44025155901908875,7.259000778198242
44,0.998374879360199,0.007735513616353273,8.1e-06,0.4323899447917938,7.1435065269470215
45,0.9956663250923157,0.012412354350090027,8.1e-06,0.4433962404727936,6.937601566314697
46,0.998374879360199,0.006786372046917677,8.1e-06,0.43396225571632385,7.038694858551025
47,0.996749758720398,0.009272824972867966,8.1e-06,0.4088050425052643,7.011483669281006
48,0.998374879360199,0.007867267355322838,8.1e-06,0.4040880501270294,7.060328006744385
49,0.9989165663719177,0.0074979024939239025,8.1e-06,0.41981130838394165,7.038640975952148
50,0.9994583129882812,0.0036861326079815626,8.1e-06,0.4150943458080292,7.150636196136475
51,0.9972914457321167,0.012911731377243996,8.1e-06,0.4166666567325592,7.264552593231201
52,0.9951245784759521,0.019522128626704216,8.1e-06,0.4229559600353241,7.27400016784668
53,0.998374879360199,0.0088141318410635,2.43e-06,0.4103773534297943,7.227988243103027
54,0.9962080121040344,0.009972142055630684,2.43e-06,0.40723270177841187,7.219426155090332
55,0.9962080121040344,0.01184755377471447,2.43e-06,0.4040880501270294,7.195937633514404
56,0.9972914457321167,0.008036978542804718,2.43e-06,0.40566039085388184,7.242561340332031
57,0.9962080121040344,0.012678967788815498,2.43e-06,0.40566039085388184,7.2702412605285645
58,0.996749758720398,0.009652319364249706,2.43e-06,0.40723270177841187,7.201405048370361
59,0.998374879360199,0.007286618463695049,2.43e-06,0.40566039085388184,7.244281768798828
60,1.0,0.0054247514344751835,2.43e-06,0.40566039085388184,7.240031719207764
61,0.998374879360199,0.007339910604059696,2.43e-06,0.402515709400177,7.300775051116943
62,1.0,0.005936035420745611,2.43e-06,0.402515709400177,7.324398517608643
63,0.998374879360199,0.0067785694263875484,1e-06,0.402515709400177,7.306728839874268
64,0.998374879360199,0.007718723267316818,1e-06,0.4040880501270294,7.335492134094238
65,0.9978331327438354,0.006899041123688221,1e-06,0.40566039085388184,7.3310041427612305
66,0.9978331327438354,0.00952672865241766,1e-06,0.40566039085388184,7.362968921661377
67,0.9978331327438354,0.006939425598829985,1e-06,0.40566039085388184,7.349318504333496
68,0.998374879360199,0.008936670608818531,1e-06,0.40566039085388184,7.325714111328125
69,0.9978331327438354,0.010680830106139183,1e-06,0.4103773534297943,7.3124260902404785
70,0.9994583129882812,0.0052015106193721294,1e-06,0.4103773534297943,7.3210296630859375
71,0.9978331327438354,0.007520498242229223,1e-06,0.40566039085388184,7.332998752593994
72,0.9972914457321167,0.011617971584200859,1e-06,0.40566039085388184,7.383551597595215
73,0.996749758720398,0.012048352509737015,1e-06,0.40566039085388184,7.376901626586914
74,0.9978331327438354,0.00964378658682108,1e-06,0.40566039085388184,7.340087890625
75,0.9962080121040344,0.009996228851377964,1e-06,0.40566039085388184,7.366631507873535
76,0.9962080121040344,0.012147100642323494,1e-06,0.41194969415664673,7.366138935089111
77,0.9972914457321167,0.007630333304405212,1e-06,0.41194969415664673,7.324350833892822
78,0.9962080121040344,0.014663953334093094,1e-06,0.4103773534297943,7.3032050132751465
79,0.9972914457321167,0.012180348858237267,1e-06,0.4103773534297943,7.326457500457764
80,0.998374879360199,0.006409668363630772,1e-06,0.4103773534297943,7.351059436798096
81,0.9972914457321167,0.007015842013061047,1e-06,0.40566039085388184,7.351558685302734
82,0.998374879360199,0.007110171485692263,1e-06,0.40566039085388184,7.365625381469727
83,0.9978331327438354,0.006763850338757038,1e-06,0.40566039085388184,7.367058753967285
84,1.0,0.0064610973931849,1e-06,0.40566039085388184,7.369787693023682
85,0.9994583129882812,0.005590998567640781,1e-06,0.40566039085388184,7.380767822265625
86,0.996749758720398,0.011925053782761097,1e-06,0.4088050425052643,7.374390602111816
87,0.9978331327438354,0.008715610019862652,1e-06,0.40566039085388184,7.40757417678833
88,0.9994583129882812,0.007239717524498701,1e-06,0.40566039085388184,7.392518997192383
89,0.9972914457321167,0.008694080635905266,1e-06,0.40566039085388184,7.399038791656494
90,0.9972914457321167,0.008097538724541664,1e-06,0.40566039085388184,7.41499662399292
91,0.9956663250923157,0.013290103524923325,1e-06,0.4103773534297943,7.418691158294678
92,0.9972914457321167,0.01273268274962902,1e-06,0.40723270177841187,7.367487907409668
93,0.9962080121040344,0.015754910185933113,1e-06,0.40566039085388184,7.401913642883301
94,0.9972914457321167,0.011169316247105598,1e-06,0.40566039085388184,7.402787685394287
95,0.9972914457321167,0.007296002469956875,1e-06,0.40566039085388184,7.354733467102051
96,1.0,0.0043688262812793255,1e-06,0.40566039085388184,7.371987342834473
97,0.9978331327438354,0.007666232995688915,1e-06,0.40566039085388184,7.44258451461792
98,0.9978331327438354,0.009206225164234638,1e-06,0.40566039085388184,7.457002639770508
99,0.996749758720398,0.01107749529182911,1e-06,0.40566039085388184,7.478607654571533
100,0.9989165663719177,0.005383235402405262,1e-06,0.40566039085388184,7.442052841186523
101,0.9962080121040344,0.014409386552870274,1e-06,0.40723270177841187,7.419183254241943
102,0.9994583129882812,0.006982798222452402,1e-06,0.40723270177841187,7.384165287017822
103,0.998374879360199,0.007677091285586357,1e-06,0.40566039085388184,7.415355205535889
104,0.9978331327438354,0.0067067514173686504,1e-06,0.40566039085388184,7.414797306060791
105,0.998374879360199,0.007408533710986376,1e-06,0.40566039085388184,7.408117771148682
106,0.9994583129882812,0.005725186318159103,1e-06,0.40566039085388184,7.400145053863525
107,0.998374879360199,0.005367768928408623,1e-06,0.40566039085388184,7.4105424880981445
108,0.998374879360199,0.006990345660597086,1e-06,0.40566039085388184,7.430667877197266
109,0.998374879360199,0.0076819234527647495,1e-06,0.40566039085388184,7.4223504066467285
110,0.9994583129882812,0.004667934030294418,1e-06,0.40566039085388184,7.444015979766846
111,0.9978331327438354,0.0064574675634503365,1e-06,0.40566039085388184,7.476154804229736
112,0.9972914457321167,0.008830718696117401,1e-06,0.40566039085388184,7.426459789276123
