epoch,accuracy,loss,lr,val_accuracy,val_loss
0,0.664138674736023,0.897885799407959,0.001,0.25471699237823486,11.47004508972168
1,0.7567713856697083,0.5850270390510559,0.001,0.25471699237823486,20.614248275756836
2,0.8141928315162659,0.45066794753074646,0.001,0.25471699237823486,22.175622940063477
3,0.8526543974876404,0.3683205246925354,0.001,0.25471699237823486,30.934091567993164
4,0.820151686668396,0.45831355452537537,0.001,0.36320754885673523,18.704326629638672
5,0.8407367467880249,0.4131561517715454,0.001,0.39937105774879456,16.71284294128418
6,0.8732394576072693,0.331066370010376,0.001,0.41981130838394165,12.295619010925293
7,0.9073672890663147,0.21575699746608734,0.001,0.4308176040649414,10.556663513183594
8,0.8894907832145691,0.2829970419406891,0.001,0.3128930926322937,6.35141134262085
9,0.895991325378418,0.2854078412055969,0.001,0.223270446062088,4.455404758453369
10,0.9322860240936279,0.1819096803665161,0.001,0.1745283007621765,7.266526222229004
11,0.9079089760780334,0.24584385752677917,0.001,0.23899370431900024,7.741318225860596
12,0.9322860240936279,0.1748853176832199,0.001,0.35849055647850037,10.85400390625
13,0.9414951205253601,0.1775643229484558,0.001,0.46226415038108826,11.974050521850586
14,0.9387865662574768,0.16749054193496704,0.001,0.33018869161605835,31.666820526123047
15,0.9360780119895935,0.17708639800548553,0.001,0.32232704758644104,6.139826774597168
16,0.9474539756774902,0.13363195955753326,0.001,0.3522012531757355,5.228907108306885
17,0.9534127712249756,0.11449991911649704,0.001,0.3836477994918823,11.152099609375
18,0.9588298797607422,0.10812607407569885,0.001,0.31446540355682373,6.992009162902832
19,0.9501625299453735,0.156762033700943,0.001,0.33018869161605835,11.443511009216309
20,0.9582881927490234,0.11640891432762146,0.0003,0.4512578547000885,9.460294723510742
21,0.9745395183563232,0.08085531741380692,0.0003,0.48270440101623535,11.60636043548584
22,0.9696641564369202,0.0802386924624443,0.0003,0.38522014021873474,5.926926136016846
23,0.9783315062522888,0.06341145932674408,0.0003,0.36477985978126526,8.706860542297363
24,0.976164698600769,0.05990545451641083,0.0003,0.5172955989837646,10.97867202758789
25,0.9853737950325012,0.0474865585565567,0.0003,0.37735849618911743,7.866239547729492
26,0.9837486743927002,0.05417044833302498,0.0003,0.45440250635147095,7.038838863372803
27,0.9826652407646179,0.04621559754014015,0.0003,0.37264150381088257,11.835693359375
28,0.9767063856124878,0.05840788781642914,0.0003,0.39308175444602966,10.653129577636719
29,0.9832069277763367,0.04859359189867973,0.0003,0.44968554377555847,11.33002758026123
30,0.9848320484161377,0.042258962988853455,9e-05,0.45440250635147095,11.022246360778809
31,0.984290361404419,0.04826958850026131,9e-05,0.42610064148902893,10.825166702270508
32,0.9832069277763367,0.049307823181152344,9e-05,0.3977987468242645,10.654925346374512
33,0.987540602684021,0.03354846313595772,9e-05,0.43396225571632385,10.750609397888184
34,0.98591548204422,0.03679933026432991,9e-05,0.4182389974594116,11.124980926513672
35,0.9853737950325012,0.033876657485961914,9e-05,0.3946540951728821,10.336477279663086
36,0.9864572286605835,0.035237930715084076,9e-05,0.39150944352149963,9.94981861114502
37,0.9832069277763367,0.05138101428747177,9e-05,0.3977987468242645,12.911805152893066
38,0.9902492165565491,0.028151534497737885,9e-05,0.4371069073677063,13.993412971496582
39,0.9907909035682678,0.024946803227066994,9e-05,0.4308176040649414,12.121332168579102
40,0.9848320484161377,0.03826368227601051,2.7e-05,0.41981130838394165,11.278605461120605
41,0.9891657829284668,0.03011137619614601,2.7e-05,0.4166666567325592,10.866069793701172
42,0.9902492165565491,0.02568722516298294,2.7e-05,0.41981130838394165,10.625626564025879
43,0.9918743371963501,0.024655696004629135,2.7e-05,0.3946540951728821,11.271394729614258
44,0.9907909035682678,0.026141786947846413,2.7e-05,0.4088050425052643,11.26763916015625
45,0.9918743371963501,0.02523428574204445,2.7e-05,0.41981130838394165,11.472558975219727
46,0.9897074699401855,0.03170904517173767,2.7e-05,0.44968554377555847,10.429936408996582
47,0.9897074699401855,0.028471972793340683,2.7e-05,0.39150944352149963,10.537659645080566
48,0.9913325905799866,0.02655567042529583,2.7e-05,0.3820754587650299,11.744844436645508
49,0.9897074699401855,0.02651754952967167,2.7e-05,0.39308175444602966,11.824841499328613
50,0.9918743371963501,0.02477768249809742,8.1e-06,0.3977987468242645,11.796926498413086
51,0.9918743371963501,0.02189938724040985,8.1e-06,0.4040880501270294,11.55065631866455
52,0.9886240363121033,0.03469153866171837,8.1e-06,0.4103773534297943,11.338516235351562
53,0.9891657829284668,0.02649972401559353,8.1e-06,0.4103773534297943,11.173078536987305
54,0.9924160242080688,0.019076276570558548,8.1e-06,0.40723270177841187,11.554449081420898
55,0.9907909035682678,0.02510559931397438,8.1e-06,0.4088050425052643,11.349449157714844
56,0.9951245784759521,0.016629129648208618,8.1e-06,0.39937105774879456,11.570125579833984
57,0.9918743371963501,0.02017025649547577,8.1e-06,0.3977987468242645,11.372164726257324
58,0.9913325905799866,0.03051570989191532,8.1e-06,0.40566039085388184,11.518006324768066
59,0.9886240363121033,0.029131663963198662,8.1e-06,0.4088050425052643,11.541447639465332
60,0.9902492165565491,0.030004821717739105,2.43e-06,0.41352200508117676,11.583345413208008
61,0.9918743371963501,0.02118992991745472,2.43e-06,0.41194969415664673,11.623641967773438
62,0.9924160242080688,0.02386474423110485,2.43e-06,0.4103773534297943,11.678959846496582
63,0.9924160242080688,0.022195307537913322,2.43e-06,0.41194969415664673,11.67819595336914
64,0.9951245784759521,0.017805863171815872,2.43e-06,0.41194969415664673,11.65829086303711
65,0.9897074699401855,0.02459810860455036,2.43e-06,0.41194969415664673,11.556744575500488
66,0.9897074699401855,0.026530778035521507,2.43e-06,0.41194969415664673,11.585862159729004
67,0.9951245784759521,0.018216565251350403,2.43e-06,0.41194969415664673,11.503360748291016
68,0.9934994578361511,0.025277767330408096,2.43e-06,0.4103773534297943,11.544565200805664
69,0.9929577708244324,0.02390701323747635,2.43e-06,0.40566039085388184,11.546102523803711
70,0.9907909035682678,0.027593843638896942,1e-06,0.4088050425052643,11.615165710449219
71,0.9891657829284668,0.026509694755077362,1e-06,0.4103773534297943,11.579241752624512
72,0.9918743371963501,0.02743074856698513,1e-06,0.4103773534297943,11.551335334777832
73,0.9880823493003845,0.02497527003288269,1e-06,0.4088050425052643,11.566492080688477
74,0.9897074699401855,0.02502797171473503,1e-06,0.4103773534297943,11.547719955444336
75,0.9924160242080688,0.021283317357301712,1e-06,0.4088050425052643,11.568941116333008
76,0.9918743371963501,0.023091593757271767,1e-06,0.4088050425052643,11.569710731506348
77,0.9907909035682678,0.022472994402050972,1e-06,0.4088050425052643,11.60882568359375
78,0.9907909035682678,0.025234710425138474,1e-06,0.4088050425052643,11.621244430541992
79,0.9902492165565491,0.019775882363319397,1e-06,0.4103773534297943,11.527344703674316
80,0.9891657829284668,0.027501452714204788,1e-06,0.4088050425052643,11.57239818572998
81,0.9902492165565491,0.02839481830596924,1e-06,0.4103773534297943,11.586557388305664
82,0.9902492165565491,0.021843288093805313,1e-06,0.4088050425052643,11.610591888427734
83,0.9924160242080688,0.025293361395597458,1e-06,0.4103773534297943,11.578178405761719
84,0.9918743371963501,0.023151176050305367,1e-06,0.4103773534297943,11.608054161071777
85,0.9940411448478699,0.018384890630841255,1e-06,0.4088050425052643,11.667715072631836
86,0.9918743371963501,0.02132769487798214,1e-06,0.4103773534297943,11.617499351501465
87,0.9913325905799866,0.024352993816137314,1e-06,0.40723270177841187,11.584346771240234
88,0.9918743371963501,0.030319491401314735,1e-06,0.40723270177841187,11.576231002807617
89,0.9907909035682678,0.02248714491724968,1e-06,0.40723270177841187,11.616579055786133
90,0.9902492165565491,0.026676367968320847,1e-06,0.40723270177841187,11.62691879272461
91,0.9951245784759521,0.01577223651111126,1e-06,0.4088050425052643,11.618941307067871
92,0.9934994578361511,0.02027297019958496,1e-06,0.4088050425052643,11.587491035461426
93,0.9940411448478699,0.0162807684391737,1e-06,0.40723270177841187,11.619226455688477
94,0.9897074699401855,0.026590760797262192,1e-06,0.40723270177841187,11.640172958374023
95,0.9945828914642334,0.019432218745350838,1e-06,0.40723270177841187,11.666265487670898
96,0.9918743371963501,0.02159867249429226,1e-06,0.40566039085388184,11.717925071716309
97,0.9913325905799866,0.020733559504151344,1e-06,0.40566039085388184,11.751834869384766
98,0.9924160242080688,0.01925657130777836,1e-06,0.40566039085388184,11.722162246704102
99,0.9902492165565491,0.027243943884968758,1e-06,0.40723270177841187,11.726320266723633
100,0.9902492165565491,0.032646942883729935,1e-06,0.40723270177841187,11.687612533569336
101,0.9940411448478699,0.0178449098020792,1e-06,0.40566039085388184,11.66189193725586
102,0.9951245784759521,0.02193411812186241,1e-06,0.40723270177841187,11.625494003295898
103,0.9934994578361511,0.016584010794758797,1e-06,0.4088050425052643,11.645846366882324
104,0.9907909035682678,0.025327103212475777,1e-06,0.4088050425052643,11.659595489501953
105,0.9924160242080688,0.0190057884901762,1e-06,0.4088050425052643,11.70655632019043
106,0.9913325905799866,0.02708488143980503,1e-06,0.40723270177841187,11.757184028625488
107,0.9869989156723022,0.03236299753189087,1e-06,0.40723270177841187,11.690688133239746
108,0.9924160242080688,0.02252001129090786,1e-06,0.40723270177841187,11.697876930236816
109,0.9940411448478699,0.01783875934779644,1e-06,0.40723270177841187,11.658533096313477
