epoch,accuracy,loss,lr,val_accuracy,val_loss
0,0.6690140962600708,0.9230276346206665,0.001,0.25471699237823486,11.555118560791016
1,0.7524377107620239,0.6153814792633057,0.001,0.25471699237823486,18.23963737487793
2,0.8033586144447327,0.5041843056678772,0.001,0.25471699237823486,13.903196334838867
3,0.8223185539245605,0.452915221452713,0.001,0.25471699237823486,16.085302352905273
4,0.8277356624603271,0.44422897696495056,0.001,0.25471699237823486,14.204264640808105
5,0.8380281925201416,0.3972173035144806,0.001,0.36320754885673523,15.83549690246582
6,0.8732394576072693,0.3127295672893524,0.001,0.3050314486026764,13.1391019821167
7,0.8678222894668579,0.3706476390361786,0.001,0.4654088020324707,9.283648490905762
8,0.8916576504707336,0.2912638783454895,0.001,0.4591194987297058,11.638871192932129
9,0.8992416262626648,0.26927706599235535,0.001,0.402515709400177,12.239171981811523
10,0.9079089760780334,0.2449163943529129,0.001,0.3537735939025879,17.216630935668945
11,0.9014084339141846,0.25735196471214294,0.001,0.4308176040649414,9.237802505493164
12,0.9030336141586304,0.25978216528892517,0.001,0.4371069073677063,3.0526161193847656
13,0.9344528913497925,0.1939138025045395,0.001,0.2720125913619995,8.776203155517578
14,0.9203683733940125,0.21023961901664734,0.001,0.473270446062088,4.3518853187561035
15,0.9328277111053467,0.1738487035036087,0.001,0.3128930926322937,6.3875274658203125
16,0.9474539756774902,0.15204885601997375,0.001,0.1588050276041031,13.041914939880371
17,0.9312025904655457,0.20109352469444275,0.001,0.446540892124176,13.814403533935547
18,0.93553626537323,0.1879790872335434,0.001,0.2908805012702942,7.9998250007629395
19,0.947995662689209,0.15359698235988617,0.001,0.4858490526676178,5.558128356933594
20,0.960455060005188,0.11920714378356934,0.001,0.36320754885673523,7.472524166107178
21,0.9615384340286255,0.11750304698944092,0.001,0.41352200508117676,6.865533828735352
22,0.9609967470169067,0.11246856302022934,0.001,0.2091194987297058,13.574629783630371
23,0.9767063856124878,0.06535690277814865,0.0003,0.28773584961891174,13.031489372253418
24,0.9739978313446045,0.060778699815273285,0.0003,0.18553459644317627,10.1941556930542
25,0.9794149398803711,0.0585516057908535,0.0003,0.49056604504585266,7.840713024139404
26,0.9832069277763367,0.04687153175473213,0.0003,0.5110062956809998,8.035547256469727
27,0.9837486743927002,0.05145680531859398,0.0003,0.4654088020324707,8.15255069732666
28,0.9837486743927002,0.044003088027238846,0.0003,0.4166666567325592,12.104673385620117
29,0.9886240363121033,0.042121656239032745,0.0003,0.37893080711364746,25.385570526123047
30,0.9913325905799866,0.02577982470393181,0.0003,0.3537735939025879,6.917506694793701
31,0.9902492165565491,0.03017553873360157,0.0003,0.25943395495414734,12.712540626525879
32,0.9869989156723022,0.03260272368788719,0.0003,0.46855345368385315,5.625418663024902
33,0.9918743371963501,0.02367415651679039,9e-05,0.37264150381088257,7.072961807250977
34,0.9929577708244324,0.024712039157748222,9e-05,0.43396225571632385,8.223502159118652
35,0.9929577708244324,0.030278852209448814,9e-05,0.41981130838394165,6.963675022125244
36,0.9924160242080688,0.026294047012925148,9e-05,0.44811320304870605,9.980437278747559
37,0.9934994578361511,0.017767123878002167,9e-05,0.4245283007621765,9.03444766998291
38,0.9924160242080688,0.019399378448724747,9e-05,0.37264150381088257,8.518424034118652
39,0.9962080121040344,0.015827063471078873,9e-05,0.3333333432674408,9.621759414672852
40,0.9897074699401855,0.02726449817419052,9e-05,0.4386792480945587,11.764444351196289
41,0.996749758720398,0.016842270269989967,9e-05,0.3191823959350586,10.678873062133789
42,0.9951245784759521,0.014458157122135162,9e-05,0.4528301954269409,8.834065437316895
43,0.996749758720398,0.011310639791190624,2.7e-05,0.402515709400177,9.036111831665039
44,0.9962080121040344,0.012900651432573795,2.7e-05,0.3899371027946472,9.04884147644043
45,0.9945828914642334,0.012999721802771091,2.7e-05,0.4292452931404114,9.087136268615723
46,0.9978331327438354,0.010493109002709389,2.7e-05,0.446540892124176,9.172185897827148
47,0.9924160242080688,0.019535312429070473,2.7e-05,0.39308175444602966,9.197850227355957
48,0.996749758720398,0.013394009321928024,2.7e-05,0.4166666567325592,9.44106674194336
49,0.9945828914642334,0.016864849254488945,2.7e-05,0.446540892124176,8.891182899475098
50,0.9962080121040344,0.014604300260543823,2.7e-05,0.4449685513973236,8.545672416687012
51,0.996749758720398,0.014511958695948124,2.7e-05,0.3522012531757355,8.70613956451416
52,0.998374879360199,0.007824786007404327,2.7e-05,0.42610064148902893,9.500370025634766
53,0.996749758720398,0.0109515730291605,8.1e-06,0.4371069073677063,9.32518196105957
54,0.9972914457321167,0.008725722320377827,8.1e-06,0.4449685513973236,9.392904281616211
55,0.9945828914642334,0.01220768503844738,8.1e-06,0.44025155901908875,9.13914680480957
56,0.9934994578361511,0.01746826060116291,8.1e-06,0.4292452931404114,9.010110855102539
57,0.996749758720398,0.012162978760898113,8.1e-06,0.4433962404727936,9.230626106262207
58,0.996749758720398,0.01237267255783081,8.1e-06,0.4433962404727936,9.450166702270508
59,0.9945828914642334,0.015732428058981895,8.1e-06,0.44182389974594116,9.451347351074219
60,0.996749758720398,0.009512744843959808,8.1e-06,0.446540892124176,9.56348705291748
61,0.998374879360199,0.00681010028347373,8.1e-06,0.44811320304870605,9.462322235107422
62,0.9989165663719177,0.012618781067430973,8.1e-06,0.44968554377555847,9.295737266540527
63,0.9951245784759521,0.023824112489819527,2.43e-06,0.44811320304870605,9.417601585388184
64,0.998374879360199,0.006800137925893068,2.43e-06,0.4449685513973236,9.469935417175293
65,0.9962080121040344,0.014154858887195587,2.43e-06,0.44025155901908875,9.4558744430542
66,0.9972914457321167,0.012589926831424236,2.43e-06,0.4229559600353241,9.460580825805664
67,0.998374879360199,0.010686563327908516,2.43e-06,0.42767295241355896,9.449153900146484
68,0.9940411448478699,0.01624995283782482,2.43e-06,0.41981130838394165,9.43723201751709
69,0.9962080121040344,0.01393290888518095,2.43e-06,0.41981130838394165,9.438101768493652
70,0.9934994578361511,0.02570229023694992,2.43e-06,0.42767295241355896,9.35526180267334
71,0.9945828914642334,0.01609657146036625,2.43e-06,0.44025155901908875,9.415395736694336
72,0.996749758720398,0.01239874679595232,2.43e-06,0.44182389974594116,9.497045516967773
73,0.9978331327438354,0.011664110235869884,1e-06,0.43553459644317627,9.419241905212402
74,0.996749758720398,0.012308942154049873,1e-06,0.43553459644317627,9.50037956237793
75,0.9972914457321167,0.012185430154204369,1e-06,0.43553459644317627,9.476163864135742
76,0.9956663250923157,0.011059178970754147,1e-06,0.43553459644317627,9.527959823608398
77,0.9972914457321167,0.008960459381341934,1e-06,0.43553459644317627,9.509578704833984
78,0.9972914457321167,0.011512120254337788,1e-06,0.43553459644317627,9.462738990783691
79,0.9972914457321167,0.008627738803625107,1e-06,0.44025155901908875,9.384574890136719
80,0.9962080121040344,0.011431180872023106,1e-06,0.44025155901908875,9.370078086853027
81,0.9972914457321167,0.009579346515238285,1e-06,0.44182389974594116,9.363718032836914
82,0.9978331327438354,0.007416853681206703,1e-06,0.4386792480945587,9.369418144226074
83,0.9972914457321167,0.01011490449309349,1e-06,0.44025155901908875,9.457374572753906
84,0.9978331327438354,0.007728950120508671,1e-06,0.44182389974594116,9.437868118286133
85,0.9951245784759521,0.012956940568983555,1e-06,0.44182389974594116,9.32332992553711
86,0.9924160242080688,0.020181888714432716,1e-06,0.43396225571632385,9.323851585388184
87,0.996749758720398,0.013181189075112343,1e-06,0.43396225571632385,9.351408004760742
88,0.9940411448478699,0.015248875133693218,1e-06,0.43553459644317627,9.261053085327148
89,0.9956663250923157,0.017943000420928,1e-06,0.43553459644317627,9.270621299743652
90,0.9924160242080688,0.025367213413119316,1e-06,0.4433962404727936,9.355632781982422
91,0.996749758720398,0.009058477357029915,1e-06,0.4371069073677063,9.341361045837402
92,0.9972914457321167,0.008080154657363892,1e-06,0.4371069073677063,9.296581268310547
93,0.996749758720398,0.013257806189358234,1e-06,0.43553459644317627,9.334321022033691
94,0.9972914457321167,0.00861167162656784,1e-06,0.43553459644317627,9.319009780883789
95,0.9972914457321167,0.007799107115715742,1e-06,0.44182389974594116,9.345502853393555
96,0.9951245784759521,0.012782959267497063,1e-06,0.4371069073677063,9.318881034851074
97,0.9962080121040344,0.020919673144817352,1e-06,0.44182389974594116,9.338644981384277
98,0.998374879360199,0.007958665490150452,1e-06,0.4433962404727936,9.330009460449219
99,0.998374879360199,0.008768339641392231,1e-06,0.44182389974594116,9.32319450378418
100,0.9972914457321167,0.009671359322965145,1e-06,0.44182389974594116,9.39305591583252
101,0.996749758720398,0.011588321067392826,1e-06,0.44182389974594116,9.382970809936523
102,0.9972914457321167,0.011671071872115135,1e-06,0.43553459644317627,9.309356689453125
103,0.998374879360199,0.009650947526097298,1e-06,0.43396225571632385,9.296774864196777
104,0.9956663250923157,0.011000282131135464,1e-06,0.43553459644317627,9.295390129089355
105,0.9994583129882812,0.005910618230700493,1e-06,0.43553459644317627,9.291274070739746
106,0.9945828914642334,0.013165851123631,1e-06,0.43396225571632385,9.24051284790039
107,0.996749758720398,0.010942633263766766,1e-06,0.44025155901908875,9.279208183288574
108,0.9951245784759521,0.014808828011155128,1e-06,0.44182389974594116,9.318778991699219
109,0.9978331327438354,0.009841762483119965,1e-06,0.43553459644317627,9.259594917297363
110,0.9951245784759521,0.013113303110003471,1e-06,0.4433962404727936,9.329265594482422
111,0.998374879360199,0.009817101061344147,1e-06,0.4449685513973236,9.36160945892334
112,0.9940411448478699,0.015411420725286007,1e-06,0.4371069073677063,9.38481330871582
