epoch,accuracy,loss,lr,val_accuracy,val_loss
0,0.6527627110481262,1.0662071704864502,0.001,0.25471699237823486,12.805317878723145
1,0.7502708435058594,0.7155072689056396,0.001,0.25471699237823486,16.311176300048828
2,0.7957746386528015,0.571129560470581,0.001,0.25471699237823486,30.922353744506836
3,0.8087757229804993,0.5148809552192688,0.001,0.25471699237823486,21.05152702331543
4,0.8504875302314758,0.37847891449928284,0.001,0.3317610025405884,20.24298667907715
5,0.8732394576072693,0.3789186477661133,0.001,0.27358490228652954,23.662153244018555
6,0.9095341563224792,0.2594207227230072,0.001,0.31603774428367615,16.783843994140625
7,0.9057421684265137,0.27573922276496887,0.001,0.2924528419971466,16.53075408935547
8,0.9192849397659302,0.25776395201683044,0.001,0.31603774428367615,8.379451751708984
9,0.8997833132743835,0.2705434560775757,0.001,0.3694968521595001,11.78376293182373
10,0.9442036747932434,0.17726579308509827,0.001,0.32389935851097107,10.698310852050781
11,0.9176598191261292,0.2439318746328354,0.001,0.3946540951728821,4.650579452514648
12,0.9149512648582458,0.22956304252147675,0.001,0.1666666716337204,13.244406700134277
13,0.9366196990013123,0.1728743463754654,0.001,0.17924527823925018,15.092249870300293
14,0.9203683733940125,0.22675073146820068,0.001,0.3899371027946472,6.852030277252197
15,0.9474539756774902,0.1508769392967224,0.001,0.22641509771347046,9.707643508911133
16,0.9360780119895935,0.20791219174861908,0.001,0.06132075563073158,10.419037818908691
17,0.9523293375968933,0.12775376439094543,0.001,0.28930819034576416,12.64465618133545
18,0.9647887349128723,0.11471355706453323,0.001,0.3333333432674408,12.186216354370117
19,0.9658721685409546,0.11452573537826538,0.001,0.1871069222688675,11.837289810180664
20,0.9490790963172913,0.1732887178659439,0.001,0.36477985978126526,12.485257148742676
21,0.9707475900650024,0.08669234812259674,0.001,0.28144654631614685,13.85826301574707
22,0.976164698600769,0.06855522096157074,0.0003,0.32389935851097107,9.694198608398438
23,0.9734561443328857,0.061269450932741165,0.0003,0.3522012531757355,14.169347763061523
24,0.9907909035682678,0.02736695669591427,0.0003,0.3522012531757355,13.086333274841309
25,0.984290361404419,0.048336297273635864,0.0003,0.374213844537735,14.562056541442871
26,0.987540602684021,0.03821811452507973,0.0003,0.4040880501270294,10.736417770385742
27,0.98591548204422,0.033302173018455505,0.0003,0.3522012531757355,14.809072494506836
28,0.9821234941482544,0.049374356865882874,0.0003,0.39937105774879456,16.225425720214844
29,0.9821234941482544,0.06191805750131607,0.0003,0.19968552887439728,11.354557037353516
30,0.9864572286605835,0.030905814841389656,0.0003,0.40566039085388184,14.609984397888184
31,0.9902492165565491,0.02432452328503132,0.0003,0.40723270177841187,16.25421905517578
32,0.9891657829284668,0.027193579822778702,9e-05,0.3883647918701172,14.243282318115234
33,0.9972914457321167,0.010550846345722675,9e-05,0.4245283007621765,15.777444839477539
34,0.9956663250923157,0.016445353627204895,9e-05,0.3899371027946472,16.190204620361328
35,0.996749758720398,0.019168343394994736,9e-05,0.33647799491882324,15.63311767578125
36,0.9929577708244324,0.02371746115386486,9e-05,0.3396226465702057,15.260810852050781
37,0.9962080121040344,0.013180059380829334,9e-05,0.347484290599823,15.663045883178711
38,0.9972914457321167,0.00981970876455307,9e-05,0.34433960914611816,16.967761993408203
39,0.9972914457321167,0.010839122347533703,9e-05,0.3333333432674408,17.124069213867188
40,0.9956663250923157,0.015581227838993073,9e-05,0.35062894225120544,19.29812240600586
41,0.9972914457321167,0.009581668302416801,9e-05,0.347484290599823,19.026277542114258
42,0.9989165663719177,0.00746091827750206,2.7e-05,0.34433960914611816,18.14007568359375
43,0.998374879360199,0.008985666558146477,2.7e-05,0.347484290599823,17.926342010498047
44,0.9972914457321167,0.0078610023483634,2.7e-05,0.3411949574947357,17.828142166137695
45,0.9962080121040344,0.009851429611444473,2.7e-05,0.34276729822158813,18.43621063232422
46,0.996749758720398,0.011325073428452015,2.7e-05,0.33805030584335327,17.852041244506836
47,0.996749758720398,0.009482481516897678,2.7e-05,0.33647799491882324,17.637800216674805
48,0.9972914457321167,0.013879599049687386,2.7e-05,0.3396226465702057,17.784170150756836
49,0.998374879360199,0.00599703611806035,2.7e-05,0.3396226465702057,18.05897331237793
50,0.9989165663719177,0.005069989711046219,2.7e-05,0.3349056541919708,17.661848068237305
51,0.9978331327438354,0.007015033159404993,2.7e-05,0.3349056541919708,17.783151626586914
52,0.996749758720398,0.017004046589136124,8.1e-06,0.33647799491882324,17.904329299926758
53,0.998374879360199,0.006804722361266613,8.1e-06,0.3396226465702057,17.96759605407715
54,0.996749758720398,0.009245965629816055,8.1e-06,0.33805030584335327,18.167442321777344
55,0.9978331327438354,0.008129734545946121,8.1e-06,0.33805030584335327,18.081504821777344
56,0.9962080121040344,0.008980819955468178,8.1e-06,0.33805030584335327,17.968839645385742
57,0.9994583129882812,0.005435175262391567,8.1e-06,0.34276729822158813,18.105316162109375
58,0.9972914457321167,0.010853653773665428,8.1e-06,0.33805030584335327,17.581594467163086
59,0.9962080121040344,0.013201415538787842,8.1e-06,0.34276729822158813,17.743623733520508
60,0.9972914457321167,0.006874243728816509,8.1e-06,0.3411949574947357,17.881044387817383
61,0.9989165663719177,0.004755354952067137,8.1e-06,0.33805030584335327,17.789295196533203
62,0.9989165663719177,0.0038724937476217747,2.43e-06,0.3396226465702057,17.691864013671875
63,0.9994583129882812,0.005490956362336874,2.43e-06,0.3396226465702057,17.75731086730957
64,0.998374879360199,0.007241300772875547,2.43e-06,0.33805030584335327,17.903776168823242
65,0.9972914457321167,0.008389073424041271,2.43e-06,0.3396226465702057,17.828828811645508
66,0.9978331327438354,0.006917695049196482,2.43e-06,0.3396226465702057,17.62468147277832
67,0.9972914457321167,0.010707701556384563,2.43e-06,0.3396226465702057,17.510910034179688
68,0.9962080121040344,0.0137706957757473,2.43e-06,0.3396226465702057,17.457242965698242
69,0.9972914457321167,0.00810707826167345,2.43e-06,0.3396226465702057,17.52362060546875
70,0.9972914457321167,0.007444662041962147,2.43e-06,0.3396226465702057,17.527244567871094
71,0.9972914457321167,0.009508183225989342,2.43e-06,0.3396226465702057,17.599376678466797
72,0.9972914457321167,0.010244942270219326,1e-06,0.3396226465702057,17.642181396484375
73,0.9989165663719177,0.006527136545628309,1e-06,0.3396226465702057,17.59921646118164
74,0.9972914457321167,0.008446751162409782,1e-06,0.3396226465702057,17.644495010375977
75,0.998374879360199,0.009339014999568462,1e-06,0.3396226465702057,17.679269790649414
76,0.9978331327438354,0.007541110273450613,1e-06,0.3396226465702057,17.732275009155273
77,0.9972914457321167,0.010110343806445599,1e-06,0.3396226465702057,17.766393661499023
78,0.9972914457321167,0.007929005660116673,1e-06,0.3396226465702057,17.76091194152832
79,0.9994583129882812,0.004264158196747303,1e-06,0.3396226465702057,17.685928344726562
80,0.9994583129882812,0.005785712040960789,1e-06,0.3396226465702057,17.823331832885742
81,0.9989165663719177,0.004960192833095789,1e-06,0.3396226465702057,17.760944366455078
82,0.9962080121040344,0.01619427651166916,1e-06,0.3396226465702057,17.7453556060791
83,0.998374879360199,0.006903703790158033,1e-06,0.3396226465702057,17.624006271362305
84,0.9989165663719177,0.005630020052194595,1e-06,0.3396226465702057,17.74904441833496
85,0.996749758720398,0.00683670025318861,1e-06,0.3411949574947357,17.764314651489258
86,0.998374879360199,0.009469485841691494,1e-06,0.3396226465702057,17.710676193237305
87,0.998374879360199,0.004999533295631409,1e-06,0.3396226465702057,17.74582862854004
88,0.9972914457321167,0.0113142104819417,1e-06,0.3396226465702057,17.757553100585938
89,0.998374879360199,0.006168052554130554,1e-06,0.3411949574947357,17.779516220092773
90,0.9978331327438354,0.013980991207063198,1e-06,0.3396226465702057,17.727153778076172
91,0.9978331327438354,0.00936209224164486,1e-06,0.3396226465702057,17.69462776184082
92,0.998374879360199,0.005163256078958511,1e-06,0.3396226465702057,17.685239791870117
93,0.9978331327438354,0.00561431422829628,1e-06,0.3396226465702057,17.72734260559082
94,0.998374879360199,0.008473380468785763,1e-06,0.3396226465702057,17.787343978881836
95,0.9989165663719177,0.004244035575538874,1e-06,0.3396226465702057,17.786495208740234
96,0.996749758720398,0.011934131383895874,1e-06,0.3396226465702057,17.790714263916016
97,0.9972914457321167,0.005692974664270878,1e-06,0.3396226465702057,17.670677185058594
98,0.9989165663719177,0.00452424818649888,1e-06,0.3396226465702057,17.742002487182617
99,0.996749758720398,0.010606907308101654,1e-06,0.3396226465702057,17.70760154724121
100,0.998374879360199,0.006942891515791416,1e-06,0.3396226465702057,17.67828369140625
101,0.9989165663719177,0.01227501779794693,1e-06,0.3396226465702057,17.76505470275879
102,0.9978331327438354,0.008572843857109547,1e-06,0.3396226465702057,17.743148803710938
103,0.9972914457321167,0.009209574200212955,1e-06,0.3396226465702057,17.79206085205078
104,0.9994583129882812,0.003758256556466222,1e-06,0.3396226465702057,17.803821563720703
105,0.9994583129882812,0.005481792613863945,1e-06,0.3411949574947357,17.758012771606445
106,0.9989165663719177,0.007374666165560484,1e-06,0.3411949574947357,17.766162872314453
107,1.0,0.0046789501793682575,1e-06,0.3411949574947357,17.79629135131836
108,0.9978331327438354,0.007180793210864067,1e-06,0.3411949574947357,17.780838012695312
109,0.9951245784759521,0.014577302150428295,1e-06,0.3396226465702057,17.741477966308594
110,0.998374879360199,0.007146906573325396,1e-06,0.3396226465702057,17.753826141357422
111,0.996749758720398,0.009010081179440022,1e-06,0.3396226465702057,17.76807975769043
