epoch,accuracy,loss,lr,val_accuracy,val_loss
0,0.6208017468452454,1.1198382377624512,0.001,0.25471699237823486,8.845866203308105
1,0.7670639157295227,0.6368617415428162,0.001,0.25471699237823486,14.654267311096191
2,0.8017334938049316,0.5510454773902893,0.001,0.25471699237823486,24.303768157958984
3,0.8385698795318604,0.4455895721912384,0.001,0.25471699237823486,19.930879592895508
4,0.8515709638595581,0.41149526834487915,0.001,0.3836477994918823,17.56979751586914
5,0.8510292768478394,0.4244474768638611,0.001,0.347484290599823,19.639066696166992
6,0.8743228316307068,0.3705485463142395,0.001,0.3113207519054413,17.269372940063477
7,0.8949078917503357,0.285083532333374,0.001,0.34433960914611816,8.922959327697754
8,0.8835319876670837,0.35202786326408386,0.001,0.3270440399646759,15.08255672454834
9,0.9154929518699646,0.22825688123703003,0.001,0.2216981202363968,6.0471062660217285
10,0.9073672890663147,0.26661160588264465,0.001,0.374213844537735,4.726335048675537
11,0.8900325298309326,0.296034038066864,0.001,0.3836477994918823,13.842693328857422
12,0.9312025904655457,0.17441539466381073,0.001,0.43553459644317627,11.378145217895508
13,0.9431202411651611,0.1514740288257599,0.001,0.42610064148902893,13.209156036376953
14,0.9555796384811401,0.12948566675186157,0.001,0.36320754885673523,10.608893394470215
15,0.9366196990013123,0.2124505490064621,0.001,0.3128930926322937,5.763635635375977
16,0.9344528913497925,0.18041372299194336,0.001,0.2358490526676178,7.923894882202148
17,0.946370542049408,0.14529915153980255,0.001,0.25314465165138245,5.4022650718688965
18,0.9680389761924744,0.09020401537418365,0.001,0.3333333432674408,4.765843391418457
19,0.9572047591209412,0.11304690688848495,0.001,0.4512578547000885,5.550075054168701
20,0.947995662689209,0.1483631581068039,0.001,0.23270440101623535,8.149419784545898
21,0.9707475900650024,0.09039183706045151,0.0003,0.3663522005081177,8.181536674499512
22,0.9772481322288513,0.05550430342555046,0.0003,0.33647799491882324,9.665609359741211
23,0.984290361404419,0.04658624529838562,0.0003,0.42138364911079407,7.191064834594727
24,0.9886240363121033,0.036932870745658875,0.0003,0.303459107875824,10.583352088928223
25,0.9864572286605835,0.04042750969529152,0.0003,0.47641509771347046,10.182646751403809
26,0.9880823493003845,0.037327785044908524,0.0003,0.39308175444602966,12.025004386901855
27,0.984290361404419,0.05196326598525047,0.0003,0.31603774428367615,9.664420127868652
28,0.9907909035682678,0.028668586164712906,0.0003,0.45597484707832336,12.317395210266113
29,0.9886240363121033,0.033169008791446686,0.0003,0.37264150381088257,12.463218688964844
30,0.9891657829284668,0.029629617929458618,0.0003,0.39937105774879456,14.644365310668945
31,0.9886240363121033,0.037467148154973984,9e-05,0.37735849618911743,13.542468070983887
32,0.9918743371963501,0.03442532196640968,9e-05,0.3663522005081177,12.89920711517334
33,0.9934994578361511,0.023562438786029816,9e-05,0.3946540951728821,13.041093826293945
34,0.9880823493003845,0.035902343690395355,9e-05,0.3820754587650299,14.677474975585938
35,0.9929577708244324,0.02885085716843605,9e-05,0.3050314486026764,14.71034049987793
36,0.9918743371963501,0.030913420021533966,9e-05,0.38522014021873474,13.69931411743164
37,0.9956663250923157,0.016271190717816353,9e-05,0.402515709400177,13.347915649414062
38,0.9929577708244324,0.02493217960000038,9e-05,0.3977987468242645,14.162184715270996
39,0.9897074699401855,0.03202433884143829,9e-05,0.4229559600353241,14.652724266052246
40,0.9956663250923157,0.022337624803185463,9e-05,0.3977987468242645,13.161182403564453
41,0.9951245784759521,0.02204825170338154,2.7e-05,0.40723270177841187,13.778416633605957
42,0.9940411448478699,0.01877583935856819,2.7e-05,0.4040880501270294,13.702122688293457
43,0.9924160242080688,0.0250959824770689,2.7e-05,0.3977987468242645,13.771355628967285
44,0.9940411448478699,0.014848951250314713,2.7e-05,0.4040880501270294,14.154749870300293
45,0.9978331327438354,0.009893571957945824,2.7e-05,0.4040880501270294,14.3735933303833
46,0.9962080121040344,0.01979881338775158,2.7e-05,0.4040880501270294,14.154790878295898
47,0.9972914457321167,0.010266624391078949,2.7e-05,0.4040880501270294,14.257978439331055
48,0.9972914457321167,0.010409947484731674,2.7e-05,0.4040880501270294,14.246440887451172
49,0.9956663250923157,0.014178459532558918,2.7e-05,0.41194969415664673,14.212800025939941
50,0.9956663250923157,0.013146148063242435,2.7e-05,0.42138364911079407,14.500454902648926
51,0.9962080121040344,0.01412168238312006,8.1e-06,0.41352200508117676,14.46381664276123
52,0.9972914457321167,0.010132660157978535,8.1e-06,0.4150943458080292,14.424342155456543
53,0.9978331327438354,0.009455738589167595,8.1e-06,0.41194969415664673,14.34634017944336
54,0.9972914457321167,0.010134457610547543,8.1e-06,0.40566039085388184,14.220463752746582
55,0.9924160242080688,0.023155566304922104,8.1e-06,0.41352200508117676,14.61305046081543
56,0.9962080121040344,0.01625819131731987,8.1e-06,0.41352200508117676,14.423996925354004
57,0.9924160242080688,0.024419959634542465,8.1e-06,0.4182389974594116,14.482397079467773
58,0.996749758720398,0.011851822957396507,8.1e-06,0.4150943458080292,14.629449844360352
59,0.9962080121040344,0.01544618234038353,8.1e-06,0.4150943458080292,14.616659164428711
60,0.9994583129882812,0.0077373008243739605,8.1e-06,0.4088050425052643,14.60571575164795
61,0.9972914457321167,0.011192872188985348,2.43e-06,0.40723270177841187,14.559616088867188
62,0.9962080121040344,0.010809310711920261,2.43e-06,0.40566039085388184,14.519004821777344
63,0.9951245784759521,0.012515692971646786,2.43e-06,0.402515709400177,14.446497917175293
64,0.9951245784759521,0.01765601336956024,2.43e-06,0.402515709400177,14.42244815826416
65,0.9956663250923157,0.013763469643890858,2.43e-06,0.4040880501270294,14.445564270019531
66,0.9989165663719177,0.009285219945013523,2.43e-06,0.4040880501270294,14.43134880065918
67,0.9972914457321167,0.009422659873962402,2.43e-06,0.4040880501270294,14.424311637878418
68,0.996749758720398,0.011894389986991882,2.43e-06,0.4040880501270294,14.405421257019043
69,0.9978331327438354,0.011626320891082287,2.43e-06,0.40566039085388184,14.40308666229248
70,0.9962080121040344,0.0114962849766016,2.43e-06,0.40566039085388184,14.403803825378418
71,0.996749758720398,0.013670423068106174,1e-06,0.40566039085388184,14.352686882019043
72,0.9945828914642334,0.016704775393009186,1e-06,0.4088050425052643,14.392243385314941
73,0.9951245784759521,0.013005904853343964,1e-06,0.40566039085388184,14.411173820495605
74,0.9962080121040344,0.014526240527629852,1e-06,0.40566039085388184,14.369044303894043
75,0.9956663250923157,0.01566895842552185,1e-06,0.40566039085388184,14.38114070892334
76,0.998374879360199,0.008573022671043873,1e-06,0.40566039085388184,14.332569122314453
77,0.9972914457321167,0.010637039318680763,1e-06,0.40566039085388184,14.363338470458984
78,0.9956663250923157,0.010660337284207344,1e-06,0.40566039085388184,14.337822914123535
79,0.9945828914642334,0.016022365540266037,1e-06,0.4040880501270294,14.436176300048828
80,0.996749758720398,0.011106007732450962,1e-06,0.4040880501270294,14.526161193847656
81,0.9956663250923157,0.015135291032493114,1e-06,0.40566039085388184,14.511937141418457
82,0.9956663250923157,0.011653516441583633,1e-06,0.40566039085388184,14.431818962097168
83,0.9956663250923157,0.014526225626468658,1e-06,0.4103773534297943,14.44029426574707
84,0.9962080121040344,0.00973163265734911,1e-06,0.4103773534297943,14.46352767944336
85,0.9978331327438354,0.010161424987018108,1e-06,0.4088050425052643,14.510220527648926
86,0.996749758720398,0.009277229197323322,1e-06,0.4088050425052643,14.481841087341309
87,0.9978331327438354,0.008863554336130619,1e-06,0.40723270177841187,14.50318717956543
88,0.9940411448478699,0.020403528586030006,1e-06,0.40723270177841187,14.480408668518066
89,0.9940411448478699,0.016900181770324707,1e-06,0.40723270177841187,14.464695930480957
90,0.9945828914642334,0.015017781406641006,1e-06,0.4088050425052643,14.451725959777832
91,0.9924160242080688,0.01889239437878132,1e-06,0.40723270177841187,14.450091361999512
92,0.9978331327438354,0.010020612739026546,1e-06,0.40566039085388184,14.370698928833008
93,0.9972914457321167,0.010108061134815216,1e-06,0.40566039085388184,14.335904121398926
94,0.9951245784759521,0.01382571179419756,1e-06,0.40723270177841187,14.37724494934082
95,0.9940411448478699,0.0199214406311512,1e-06,0.40723270177841187,14.406373977661133
96,0.9962080121040344,0.012385990470647812,1e-06,0.40723270177841187,14.414726257324219
97,0.9951245784759521,0.0121145099401474,1e-06,0.40723270177841187,14.436302185058594
98,0.9978331327438354,0.009525353088974953,1e-06,0.40723270177841187,14.42466926574707
99,0.9956663250923157,0.013357331976294518,1e-06,0.40723270177841187,14.508909225463867
100,0.996749758720398,0.00964429508894682,1e-06,0.40723270177841187,14.552657127380371
101,0.9945828914642334,0.015752021223306656,1e-06,0.40723270177841187,14.534753799438477
102,0.9972914457321167,0.009639868512749672,1e-06,0.40566039085388184,14.555659294128418
103,0.9945828914642334,0.02590297721326351,1e-06,0.4040880501270294,14.519327163696289
104,0.996749758720398,0.010512376204133034,1e-06,0.4088050425052643,14.556536674499512
105,0.9956663250923157,0.017183151096105576,1e-06,0.4088050425052643,14.53515911102295
106,0.9978331327438354,0.010464775376021862,1e-06,0.40723270177841187,14.560972213745117
107,0.998374879360199,0.007480613887310028,1e-06,0.4088050425052643,14.48891544342041
108,0.998374879360199,0.00580791337415576,1e-06,0.4088050425052643,14.504165649414062
109,0.996749758720398,0.009970497339963913,1e-06,0.4088050425052643,14.508162498474121
110,0.998374879360199,0.008564354851841927,1e-06,0.40723270177841187,14.509547233581543
