epoch,accuracy,loss,lr,val_accuracy,val_loss
0,0.641928493976593,1.0670976638793945,0.001,0.32389935851097107,9.244194984436035
1,0.7719393372535706,0.6197951436042786,0.001,0.2987421452999115,15.765761375427246
2,0.7849404215812683,0.5684033036231995,0.001,0.25471699237823486,32.47682571411133
3,0.823401927947998,0.4398045241832733,0.001,0.25471699237823486,30.267547607421875
4,0.8450704216957092,0.4068678915500641,0.001,0.4150943458080292,19.864805221557617
5,0.8407367467880249,0.4506853222846985,0.001,0.36320754885673523,30.877256393432617
6,0.861321747303009,0.4097890853881836,0.001,0.41981130838394165,14.131722450256348
7,0.8835319876670837,0.3107500970363617,0.001,0.5047169923782349,18.42670249938965
8,0.8542795181274414,0.38762009143829346,0.001,0.4669811427593231,12.82116985321045
9,0.8954496383666992,0.2983453869819641,0.001,0.45597484707832336,18.619850158691406
10,0.9133260846138,0.23292887210845947,0.001,0.22641509771347046,9.853135108947754
11,0.9333694577217102,0.18397043645381927,0.0003,0.4150943458080292,11.844527244567871
12,0.9507042169570923,0.15442562103271484,0.0003,0.4779874086380005,11.892223358154297
13,0.9642470479011536,0.11386017501354218,0.0003,0.41194969415664673,9.435738563537598
14,0.9626218676567078,0.10794558376073837,0.0003,0.5078616142272949,10.315217971801758
15,0.9664138555526733,0.09270738810300827,0.0003,0.3899371027946472,10.609012603759766
16,0.9599133133888245,0.11564146727323532,0.0003,0.37264150381088257,8.445516586303711
17,0.9772481322288513,0.07392976433038712,0.0003,0.3050314486026764,8.192473411560059
18,0.9609967470169067,0.11842643469572067,0.0003,0.43396225571632385,11.373851776123047
19,0.9577465057373047,0.1196037009358406,0.0003,0.31603774428367615,8.25447940826416
20,0.9588298797607422,0.13259349763393402,0.0003,0.23742137849330902,13.289877891540527
21,0.9767063856124878,0.07788680493831635,0.0003,0.347484290599823,12.79702377319336
22,0.9826652407646179,0.05734645575284958,0.0003,0.42610064148902893,12.218338012695312
23,0.9702058434486389,0.10625523328781128,0.0003,0.41981130838394165,15.950660705566406
24,0.9772481322288513,0.06329462677240372,0.0003,0.26100629568099976,10.02186107635498
25,0.9750812649726868,0.07395682483911514,0.0003,0.37893080711364746,5.558608531951904
26,0.9837486743927002,0.060382843017578125,0.0003,0.3663522005081177,11.744352340698242
27,0.9853737950325012,0.053539302200078964,0.0003,0.40723270177841187,12.640148162841797
28,0.9853737950325012,0.04237138107419014,0.0003,0.473270446062088,10.710967063903809
29,0.9691224098205566,0.08934272080659866,0.0003,0.38522014021873474,8.922751426696777
30,0.9832069277763367,0.044274549931287766,0.0003,0.34276729822158813,12.33969783782959
31,0.9750812649726868,0.08056578040122986,0.0003,0.3694968521595001,14.755428314208984
32,0.9739978313446045,0.07743100076913834,0.0003,0.3349056541919708,5.603700637817383
33,0.9799566864967346,0.05439003184437752,0.0003,0.45597484707832336,12.907100677490234
34,0.9848320484161377,0.0417158268392086,0.0003,0.4669811427593231,9.72596549987793
35,0.98591548204422,0.05271465703845024,0.0003,0.4150943458080292,12.082798957824707
36,0.9832069277763367,0.04852735623717308,9e-05,0.33805030584335327,9.586305618286133
37,0.9907909035682678,0.0315910242497921,9e-05,0.45440250635147095,12.095653533935547
38,0.9940411448478699,0.022143132984638214,9e-05,0.446540892124176,9.288460731506348
39,0.9940411448478699,0.02039293199777603,9e-05,0.4433962404727936,12.491393089294434
40,0.9951245784759521,0.019984561949968338,9e-05,0.43396225571632385,12.19227409362793
41,0.9940411448478699,0.024996783584356308,9e-05,0.4166666567325592,11.198144912719727
42,0.9918743371963501,0.024775393307209015,9e-05,0.30031445622444153,14.503196716308594
43,0.9951245784759521,0.013753105886280537,9e-05,0.3270440399646759,8.9948091506958
44,0.9956663250923157,0.01742551475763321,9e-05,0.44811320304870605,10.473729133605957
45,0.9994583129882812,0.008951323106884956,9e-05,0.42138364911079407,10.254460334777832
46,0.9945828914642334,0.01820744201540947,2.7e-05,0.45440250635147095,10.955016136169434
47,0.9951245784759521,0.015727775171399117,2.7e-05,0.4323899447917938,11.727034568786621
48,0.9989165663719177,0.007803658023476601,2.7e-05,0.4292452931404114,13.01988410949707
49,0.9962080121040344,0.015843627974390984,2.7e-05,0.44025155901908875,14.648465156555176
50,0.996749758720398,0.01396698597818613,2.7e-05,0.4449685513973236,13.38128662109375
51,0.9945828914642334,0.02571343071758747,2.7e-05,0.4449685513973236,12.33954906463623
52,0.9978331327438354,0.00980487372726202,2.7e-05,0.43553459644317627,11.763794898986816
53,0.9962080121040344,0.012178488075733185,2.7e-05,0.3899371027946472,12.177074432373047
54,0.9962080121040344,0.015634922310709953,2.7e-05,0.4433962404727936,12.329044342041016
55,0.9978331327438354,0.009639382362365723,2.7e-05,0.4229559600353241,13.146843910217285
56,0.9940411448478699,0.019124364480376244,8.1e-06,0.3663522005081177,13.127754211425781
57,0.9951245784759521,0.012979315593838692,8.1e-06,0.3820754587650299,12.793927192687988
58,0.9929577708244324,0.02049308270215988,8.1e-06,0.375786155462265,13.534305572509766
59,0.9989165663719177,0.00934175867587328,8.1e-06,0.38522014021873474,13.268106460571289
60,0.9994583129882812,0.00499663595110178,8.1e-06,0.39150944352149963,13.281231880187988
61,0.9978331327438354,0.008722917176783085,8.1e-06,0.39308175444602966,13.17825984954834
62,0.996749758720398,0.013255281373858452,8.1e-06,0.3977987468242645,13.514626502990723
63,0.998374879360199,0.006430887617170811,8.1e-06,0.4308176040649414,13.570987701416016
64,0.9972914457321167,0.008131918497383595,8.1e-06,0.4103773534297943,13.862875938415527
65,0.9972914457321167,0.00907940324395895,8.1e-06,0.43396225571632385,13.380197525024414
66,0.9978331327438354,0.008611699566245079,2.43e-06,0.43396225571632385,13.29383659362793
67,0.998374879360199,0.00754791684448719,2.43e-06,0.42767295241355896,13.460494995117188
68,0.9972914457321167,0.010459993034601212,2.43e-06,0.43553459644317627,13.425378799438477
69,0.9956663250923157,0.01457094494253397,2.43e-06,0.44968554377555847,13.224971771240234
70,0.9989165663719177,0.006053314544260502,2.43e-06,0.44968554377555847,13.46102237701416
71,0.9962080121040344,0.007522197440266609,2.43e-06,0.4308176040649414,13.457697868347168
72,0.9994583129882812,0.006744420621544123,2.43e-06,0.4292452931404114,13.461207389831543
73,0.998374879360199,0.006265487987548113,2.43e-06,0.42767295241355896,13.567608833312988
74,0.9989165663719177,0.007617695722728968,2.43e-06,0.4292452931404114,13.534265518188477
75,0.9978331327438354,0.008421245031058788,2.43e-06,0.4308176040649414,13.476194381713867
76,0.9989165663719177,0.0072064511477947235,1e-06,0.4292452931404114,13.405424118041992
77,0.9978331327438354,0.010038670152425766,1e-06,0.4308176040649414,13.427409172058105
78,0.9989165663719177,0.006455501075834036,1e-06,0.4308176040649414,13.429433822631836
79,0.9978331327438354,0.008336514234542847,1e-06,0.4308176040649414,13.525622367858887
80,0.9978331327438354,0.00883530080318451,1e-06,0.4308176040649414,13.642170906066895
81,0.9972914457321167,0.008468758314847946,1e-06,0.4292452931404114,13.52915096282959
82,0.9989165663719177,0.007240257691591978,1e-06,0.4292452931404114,13.500248908996582
83,0.9994583129882812,0.0059679774567484856,1e-06,0.4292452931404114,13.636153221130371
84,0.998374879360199,0.005482017062604427,1e-06,0.42767295241355896,13.618670463562012
85,0.9978331327438354,0.006160167511552572,1e-06,0.42767295241355896,13.544347763061523
86,0.9972914457321167,0.01159231923520565,1e-06,0.42610064148902893,13.555585861206055
87,0.9978331327438354,0.008389031514525414,1e-06,0.42610064148902893,13.614089012145996
88,0.9962080121040344,0.011755588464438915,1e-06,0.42767295241355896,13.618712425231934
89,0.9978331327438354,0.00769375916570425,1e-06,0.42767295241355896,13.705682754516602
90,0.998374879360199,0.008246192708611488,1e-06,0.4292452931404114,13.586249351501465
91,0.998374879360199,0.007066018879413605,1e-06,0.4292452931404114,13.686304092407227
92,0.996749758720398,0.010806028731167316,1e-06,0.42767295241355896,13.508443832397461
93,0.9978331327438354,0.007429387886077166,1e-06,0.42767295241355896,13.59311580657959
94,0.9989165663719177,0.007107070181518793,1e-06,0.42610064148902893,13.520145416259766
95,0.998374879360199,0.006900256499648094,1e-06,0.42610064148902893,13.502667427062988
96,0.9962080121040344,0.012390496209263802,1e-06,0.42767295241355896,13.384984970092773
97,0.9989165663719177,0.006359848193824291,1e-06,0.42767295241355896,13.50694465637207
98,0.9978331327438354,0.009412615559995174,1e-06,0.4245283007621765,13.564789772033691
99,0.9956663250923157,0.013780709356069565,1e-06,0.4229559600353241,13.571012496948242
100,0.9956663250923157,0.012792153283953667,1e-06,0.4292452931404114,13.456716537475586
101,0.9972914457321167,0.009812778793275356,1e-06,0.4323899447917938,13.241579055786133
102,0.9962080121040344,0.008804126642644405,1e-06,0.4292452931404114,13.278436660766602
103,0.9978331327438354,0.009491330944001675,1e-06,0.4292452931404114,13.315268516540527
104,0.9978331327438354,0.0069247824139893055,1e-06,0.4292452931404114,13.471163749694824
105,0.9972914457321167,0.008401434868574142,1e-06,0.4245283007621765,13.60547161102295
106,0.996749758720398,0.009662293829023838,1e-06,0.4292452931404114,13.579700469970703
107,0.9962080121040344,0.012136053293943405,1e-06,0.42767295241355896,13.486061096191406
108,0.998374879360199,0.006192914210259914,1e-06,0.4292452931404114,13.501303672790527
109,0.9989165663719177,0.005467331502586603,1e-06,0.42767295241355896,13.534993171691895
110,0.9924160242080688,0.020854679867625237,1e-06,0.42610064148902893,13.413466453552246
111,0.998374879360199,0.009946851991117,1e-06,0.42767295241355896,13.426820755004883
112,0.9972914457321167,0.007851636968553066,1e-06,0.42767295241355896,13.468576431274414
113,0.9989165663719177,0.004156464710831642,1e-06,0.4245283007621765,13.427850723266602
114,0.9994583129882812,0.0066758329048752785,1e-06,0.4229559600353241,13.52670955657959
115,0.9994583129882812,0.004843077622354031,1e-06,0.4229559600353241,13.53009033203125
116,0.9978331327438354,0.010100266896188259,1e-06,0.4229559600353241,13.417266845703125
117,0.998374879360199,0.007897837087512016,1e-06,0.4229559600353241,13.443873405456543
118,0.9978331327438354,0.007787927053868771,1e-06,0.4245283007621765,13.521419525146484
119,0.996749758720398,0.008667257614433765,1e-06,0.4229559600353241,13.53165054321289
120,0.9940411448478699,0.015902061015367508,1e-06,0.4245283007621765,13.469459533691406
121,0.996749758720398,0.008564473129808903,1e-06,0.4229559600353241,13.557954788208008
122,0.9994583129882812,0.005483725108206272,1e-06,0.4229559600353241,13.583734512329102
123,0.9989165663719177,0.004663574974983931,1e-06,0.4229559600353241,13.722198486328125
124,1.0,0.004859003238379955,1e-06,0.4229559600353241,13.651898384094238
125,0.9978331327438354,0.009526364505290985,1e-06,0.42767295241355896,13.651397705078125
