epoch,accuracy,loss,val_accuracy,val_loss
0,0.5031446814537048,0.7046782970428467,0.4545454680919647,0.6921663284301758
1,0.5901467800140381,0.67205810546875,0.5454545617103577,0.6885234713554382
2,0.6142557859420776,0.6646806597709656,0.5454545617103577,0.6863919496536255
3,0.6656184196472168,0.6361191272735596,0.5454545617103577,0.6897095441818237
4,0.6834381818771362,0.6233473420143127,0.5454545617103577,0.7058815956115723
5,0.6740041971206665,0.6196315288543701,0.5454545617103577,0.7402170896530151
6,0.7012578845024109,0.6035834550857544,0.5454545617103577,0.8023784756660461
7,0.6928721070289612,0.6048548221588135,0.5454545617103577,0.8983832597732544
8,0.7138364911079407,0.5835397243499756,0.5454545617103577,1.0141408443450928
9,0.7127882838249207,0.5828020572662354,0.5454545617103577,1.1627247333526611
10,0.7264150977134705,0.5702585577964783,0.5454545617103577,1.3314836025238037
11,0.7106918096542358,0.5697861909866333,0.5454545617103577,1.51479172706604
12,0.704402506351471,0.5651054382324219,0.5454545617103577,1.6938259601593018
13,0.7327044010162354,0.5512920618057251,0.5454545617103577,1.8816137313842773
14,0.7379454970359802,0.5552958250045776,0.5454545617103577,2.076751947402954
15,0.7452830076217651,0.5404905080795288,0.5454545617103577,2.2788970470428467
16,0.7222222089767456,0.5471221208572388,0.5454545617103577,2.4432690143585205
17,0.75052410364151,0.5191354751586914,0.5454545617103577,2.5912528038024902
18,0.7389937043190002,0.5289552807807922,0.5454545617103577,2.730001449584961
19,0.7306079864501953,0.5378124713897705,0.5454545617103577,2.796410083770752
20,0.74947589635849,0.5284963846206665,0.5454545617103577,2.878795623779297
21,0.7442348003387451,0.5358010530471802,0.5454545617103577,2.9483642578125
22,0.7589098811149597,0.5065038800239563,0.5454545617103577,2.9448201656341553
23,0.75157231092453,0.5180622339248657,0.5454545617103577,2.9433226585388184
24,0.7578616142272949,0.5150598883628845,0.5454545617103577,2.935269832611084
25,0.75052410364151,0.5178548097610474,0.5454545617103577,2.8780550956726074
26,0.7693920135498047,0.5044214725494385,0.5454545617103577,2.8123433589935303
27,0.7767295837402344,0.5067887306213379,0.5454545617103577,2.729011297225952
