epoch,accuracy,loss,val_accuracy,val_loss
0,0.5125786066055298,0.7224103212356567,0.5454545617103577,0.6899666786193848
1,0.5922431945800781,0.6827712059020996,0.5454545617103577,0.689967930316925
2,0.6006289124488831,0.6666235327720642,0.5454545617103577,0.6964656710624695
3,0.6341719031333923,0.651532769203186,0.5454545617103577,0.7178888916969299
4,0.6352201104164124,0.6409828066825867,0.5454545617103577,0.757975161075592
5,0.6750524044036865,0.6230248212814331,0.5454545617103577,0.8281391859054565
6,0.7138364911079407,0.6000385880470276,0.5454545617103577,0.92379230260849
7,0.7117400169372559,0.5891038775444031,0.5454545617103577,1.0495638847351074
8,0.6719077825546265,0.6012341380119324,0.5454545617103577,1.2033965587615967
9,0.7169811129570007,0.5770660042762756,0.5454545617103577,1.3785954713821411
10,0.704402506351471,0.5770006775856018,0.5454545617103577,1.5597025156021118
11,0.7023060917854309,0.5642565488815308,0.5454545617103577,1.7382476329803467
12,0.7222222089767456,0.5723793506622314,0.5454545617103577,1.9121640920639038
13,0.7222222089767456,0.5550940036773682,0.5454545617103577,2.088022470474243
14,0.7232704162597656,0.5459670424461365,0.5454545617103577,2.246554136276245
15,0.7348008155822754,0.55120450258255,0.5454545617103577,2.3956563472747803
16,0.7421383857727051,0.5351476073265076,0.5454545617103577,2.5466420650482178
17,0.7190775871276855,0.5490335822105408,0.5454545617103577,2.6697590351104736
18,0.74947589635849,0.5272394418716431,0.5454545617103577,2.790623188018799
19,0.7410901188850403,0.5370771288871765,0.5454545617103577,2.894798517227173
20,0.7463312149047852,0.5288931131362915,0.5454545617103577,2.9724743366241455
21,0.7589098811149597,0.5180221199989319,0.5454545617103577,3.015935182571411
22,0.7431865930557251,0.5218298435211182,0.5454545617103577,3.0527031421661377
23,0.7463312149047852,0.5302815437316895,0.5454545617103577,3.124677896499634
24,0.7421383857727051,0.5176375508308411,0.5454545617103577,3.094247817993164
25,0.7589098811149597,0.5176626443862915,0.5454545617103577,3.035980463027954
