epoch,accuracy,loss,val_accuracy,val_loss
0,0.554507315158844,0.7026931047439575,0.4545454680919647,0.6941167712211609
1,0.5702306032180786,0.6794440746307373,0.5454545617103577,0.6889956593513489
2,0.6205450892448425,0.6578428149223328,0.5454545617103577,0.6842976808547974
3,0.6582809090614319,0.645338773727417,0.5454545617103577,0.6817531585693359
4,0.6593291163444519,0.6337706446647644,0.5454545617103577,0.6917008757591248
5,0.6834381818771362,0.6105160117149353,0.5454545617103577,0.7172635793685913
6,0.6802935004234314,0.6085430383682251,0.5454545617103577,0.7578710913658142
7,0.7264150977134705,0.5820667147636414,0.5454545617103577,0.8183962106704712
8,0.7348008155822754,0.5680985450744629,0.5454545617103577,0.9058119058609009
9,0.7064989805221558,0.5855633020401001,0.5454545617103577,1.014308214187622
10,0.7211740016937256,0.5631569623947144,0.5454545617103577,1.1320016384124756
11,0.7316561937332153,0.5612276792526245,0.5454545617103577,1.250143051147461
12,0.7117400169372559,0.5686758160591125,0.5454545617103577,1.3765215873718262
13,0.7421383857727051,0.5510366559028625,0.5454545617103577,1.4915105104446411
14,0.7410901188850403,0.5395461320877075,0.5454545617103577,1.6217007637023926
15,0.75052410364151,0.526544988155365,0.5454545617103577,1.7333921194076538
16,0.7410901188850403,0.5403506755828857,0.5454545617103577,1.817108154296875
17,0.7599580883979797,0.5364997982978821,0.5454545617103577,1.9127659797668457
18,0.7599580883979797,0.522681713104248,0.5454545617103577,1.971902847290039
19,0.7536687850952148,0.5252636075019836,0.5454545617103577,2.015375852584839
20,0.7536687850952148,0.5154467225074768,0.5454545617103577,2.0275802612304688
21,0.7693920135498047,0.5096278190612793,0.5454545617103577,2.0136489868164062
22,0.7641509175300598,0.5070726871490479,0.5454545617103577,2.004103899002075
23,0.7589098811149597,0.5185765624046326,0.5454545617103577,1.9990540742874146
24,0.7662473917007446,0.5116605162620544,0.5454545617103577,1.931100845336914
25,0.7788259983062744,0.5054118633270264,0.5454545617103577,1.8285211324691772
26,0.794549286365509,0.48565834760665894,0.5454545617103577,1.7793183326721191
27,0.7861635088920593,0.49558091163635254,0.5454545617103577,1.7078168392181396
28,0.7788259983062744,0.495450884103775,0.5454545617103577,1.7036317586898804
