epoch,accuracy,loss,val_accuracy,val_loss
0,0.5335429906845093,0.704933762550354,0.5454545617103577,0.691196620464325
1,0.5471698045730591,0.6859626770019531,0.5454545617103577,0.6880409717559814
2,0.6247379183769226,0.6591266393661499,0.5454545617103577,0.6905065774917603
3,0.6645702123641968,0.6396293044090271,0.5454545617103577,0.7032475471496582
4,0.6582809090614319,0.6296567320823669,0.5454545617103577,0.7306784987449646
5,0.6781970858573914,0.6264508962631226,0.5454545617103577,0.77896648645401
6,0.6719077825546265,0.6072012186050415,0.5454545617103577,0.8540051579475403
7,0.696016788482666,0.6046616435050964,0.5454545617103577,0.9557995796203613
8,0.7064989805221558,0.5951232314109802,0.5454545617103577,1.0859622955322266
9,0.6939203143119812,0.5797765851020813,0.5454545617103577,1.2451740503311157
10,0.7159329056739807,0.5794798135757446,0.5454545617103577,1.4121620655059814
11,0.704402506351471,0.5784440040588379,0.5454545617103577,1.5763390064239502
12,0.697064995765686,0.5843210220336914,0.5454545617103577,1.744495153427124
13,0.7138364911079407,0.5673633217811584,0.5454545617103577,1.8901102542877197
14,0.7274633049964905,0.574345052242279,0.5454545617103577,2.040513038635254
15,0.7085953950881958,0.5684425830841064,0.5454545617103577,2.2018229961395264
16,0.7264150977134705,0.5716063976287842,0.5454545617103577,2.305478572845459
17,0.7243186831474304,0.5499962568283081,0.5454545617103577,2.3986308574676514
18,0.7316561937332153,0.5369834303855896,0.5454545617103577,2.514380931854248
19,0.7368972897529602,0.540877640247345,0.5454545617103577,2.6390042304992676
20,0.7358490824699402,0.5421047210693359,0.5454545617103577,2.721203088760376
21,0.7337526082992554,0.5350673198699951,0.5454545617103577,2.7625436782836914
22,0.7410901188850403,0.5233625769615173,0.5454545617103577,2.8043293952941895
23,0.75262051820755,0.5256708860397339,0.5454545617103577,2.816459894180298
24,0.7599580883979797,0.5128477811813354,0.5454545617103577,2.867994785308838
25,0.7610062956809998,0.5117604732513428,0.5454545617103577,2.8835647106170654
26,0.7337526082992554,0.5366798043251038,0.5454545617103577,2.872692584991455
