epoch,accuracy,loss,val_accuracy,val_loss
0,0.5062893033027649,0.7236513495445251,0.5454545617103577,0.6898921728134155
1,0.5492662191390991,0.6851624846458435,0.5454545617103577,0.6887848973274231
2,0.5922431945800781,0.66254723072052,0.5454545617103577,0.6898223161697388
3,0.6132075190544128,0.6616026759147644,0.5454545617103577,0.6963263750076294
4,0.6446540951728821,0.6482734680175781,0.5454545617103577,0.7207268476486206
5,0.6467505097389221,0.6400800943374634,0.5454545617103577,0.7693044543266296
6,0.6614255905151367,0.6225228309631348,0.5454545617103577,0.8450530171394348
7,0.6750524044036865,0.6094772219657898,0.5454545617103577,0.94408118724823
8,0.6771488189697266,0.6105879545211792,0.5454545617103577,1.0727427005767822
9,0.6886792182922363,0.5893945693969727,0.5454545617103577,1.220349907875061
10,0.6771488189697266,0.5933977961540222,0.5454545617103577,1.3783385753631592
11,0.6939203143119812,0.5787723660469055,0.5454545617103577,1.5559920072555542
12,0.7138364911079407,0.5685053467750549,0.5454545617103577,1.7243661880493164
13,0.7096436023712158,0.5667434334754944,0.5454545617103577,1.8911681175231934
14,0.7253668904304504,0.5594502091407776,0.5454545617103577,2.0445408821105957
15,0.7421383857727051,0.5397322773933411,0.5454545617103577,2.163008451461792
16,0.7410901188850403,0.5399636030197144,0.5454545617103577,2.301741600036621
17,0.7316561937332153,0.5384677052497864,0.5454545617103577,2.3877251148223877
18,0.7431865930557251,0.535457193851471,0.5454545617103577,2.459656238555908
19,0.7379454970359802,0.5249729156494141,0.5454545617103577,2.5069472789764404
20,0.7610062956809998,0.5283969640731812,0.5454545617103577,2.5744664669036865
21,0.7547169923782349,0.5283222198486328,0.5454545617103577,2.546203851699829
22,0.7557651996612549,0.5310644507408142,0.5454545617103577,2.499725341796875
23,0.7662473917007446,0.514281690120697,0.5454545617103577,2.499678611755371
24,0.7746331095695496,0.5050481557846069,0.5454545617103577,2.424105167388916
25,0.7557651996612549,0.5164632797241211,0.5454545617103577,2.3667232990264893
26,0.7756813168525696,0.5053247809410095,0.5454545617103577,2.264861822128296
