epoch,accuracy,loss,val_accuracy,val_loss
0,0.472746342420578,0.7253285050392151,0.5454545617103577,0.6909440755844116
1,0.545073390007019,0.6873534917831421,0.5454545617103577,0.6875089406967163
2,0.5817610025405884,0.6704989075660706,0.5454545617103577,0.6927756071090698
3,0.6373165845870972,0.6353686451911926,0.5454545617103577,0.7196978330612183
4,0.6257861852645874,0.6374791264533997,0.5454545617103577,0.777794599533081
5,0.6876310110092163,0.6229389309883118,0.5454545617103577,0.8665045499801636
6,0.6876310110092163,0.6084651947021484,0.5454545617103577,0.991424560546875
7,0.6834381818771362,0.5939677953720093,0.5454545617103577,1.1447978019714355
8,0.6771488189697266,0.5953688025474548,0.5454545617103577,1.3180298805236816
9,0.7106918096542358,0.5785878896713257,0.5454545617103577,1.4967913627624512
10,0.694968581199646,0.5846702456474304,0.5454545617103577,1.697877049446106
11,0.7096436023712158,0.5654086470603943,0.5454545617103577,1.9014357328414917
12,0.7117400169372559,0.5654952526092529,0.5454545617103577,2.10524582862854
13,0.705450713634491,0.5706362128257751,0.5454545617103577,2.2830538749694824
14,0.7316561937332153,0.5424674153327942,0.5454545617103577,2.485799551010132
15,0.7274633049964905,0.5497427582740784,0.5454545617103577,2.6544723510742188
16,0.7578616142272949,0.5194023251533508,0.5454545617103577,2.7986233234405518
17,0.7274633049964905,0.556486964225769,0.5454545617103577,2.927912473678589
18,0.7264150977134705,0.5424895286560059,0.5454545617103577,3.015672206878662
19,0.7316561937332153,0.5466724038124084,0.5454545617103577,3.1297037601470947
20,0.7431865930557251,0.5325698852539062,0.5454545617103577,3.1997246742248535
21,0.7190775871276855,0.5410645008087158,0.5454545617103577,3.2480897903442383
22,0.74947589635849,0.5284470915794373,0.5454545617103577,3.264216661453247
23,0.7243186831474304,0.523029625415802,0.5454545617103577,3.2865355014801025
24,0.7568134069442749,0.5125941634178162,0.5454545617103577,3.2270267009735107
25,0.7589098811149597,0.5195356011390686,0.5454545617103577,3.175821304321289
26,0.7557651996612549,0.5188417434692383,0.5454545617103577,3.1521356105804443
