epoch,accuracy,loss,val_accuracy,val_loss
0,0.5052410960197449,0.7026130557060242,0.3636363744735718,0.6937497854232788
1,0.5838574171066284,0.68513423204422,0.5454545617103577,0.6897885799407959
2,0.598532497882843,0.6709388494491577,0.5454545617103577,0.685247004032135
3,0.6247379183769226,0.6456334590911865,0.5454545617103577,0.6896101236343384
4,0.6561844944953918,0.6304857134819031,0.5454545617103577,0.7139126658439636
5,0.7012578845024109,0.6128858923912048,0.5454545617103577,0.7678297162055969
6,0.7096436023712158,0.5890572667121887,0.5454545617103577,0.8557975888252258
7,0.7012578845024109,0.5832939147949219,0.5454545617103577,0.9833003282546997
8,0.7159329056739807,0.5780659914016724,0.5454545617103577,1.1470836400985718
9,0.7169811129570007,0.5671205520629883,0.5454545617103577,1.3385319709777832
10,0.7285115122795105,0.560343861579895,0.5454545617103577,1.5456405878067017
11,0.7138364911079407,0.5675740838050842,0.5454545617103577,1.7477939128875732
12,0.7117400169372559,0.5620808005332947,0.5454545617103577,1.9521609544754028
13,0.7431865930557251,0.5401145815849304,0.5454545617103577,2.117462635040283
14,0.7431865930557251,0.5379086136817932,0.5454545617103577,2.2958476543426514
15,0.7463312149047852,0.5296877026557922,0.5454545617103577,2.4589195251464844
16,0.7421383857727051,0.5327695608139038,0.5454545617103577,2.6024045944213867
17,0.7651991844177246,0.5164691209793091,0.5454545617103577,2.703296422958374
18,0.7578616142272949,0.5201976299285889,0.5454545617103577,2.795698881149292
19,0.7431865930557251,0.5186152458190918,0.5454545617103577,2.836815118789673
20,0.7610062956809998,0.5111920237541199,0.5454545617103577,2.8840930461883545
21,0.7777777910232544,0.49973177909851074,0.5454545617103577,2.8672072887420654
22,0.7693920135498047,0.5101011991500854,0.5454545617103577,2.8621366024017334
23,0.7568134069442749,0.502758264541626,0.5454545617103577,2.785585880279541
24,0.7872117161750793,0.49743130803108215,0.5454545617103577,2.7312867641448975
25,0.75052410364151,0.49692413210868835,0.5454545617103577,2.6286988258361816
26,0.7788259983062744,0.4973483979701996,0.5454545617103577,2.50628399848938
27,0.7819706201553345,0.48991796374320984,0.5454545617103577,2.3845396041870117
