epoch,accuracy,loss,val_accuracy,val_loss
0,0.544025182723999,0.6862874627113342,0.5454545617103577,0.6902603507041931
1,0.597484290599823,0.6674627065658569,0.5454545617103577,0.6838318705558777
2,0.6268343925476074,0.6561172008514404,0.5454545617103577,0.6873928904533386
3,0.649895191192627,0.6455318331718445,0.5454545617103577,0.7133888602256775
4,0.7085953950881958,0.6000769734382629,0.5454545617103577,0.7744531631469727
5,0.6844863891601562,0.6019797921180725,0.5454545617103577,0.8807581663131714
6,0.7117400169372559,0.5836091041564941,0.5454545617103577,1.0281920433044434
7,0.6876310110092163,0.5920678377151489,0.5454545617103577,1.2166481018066406
8,0.7274633049964905,0.5735509395599365,0.5454545617103577,1.419076919555664
9,0.7253668904304504,0.55934077501297,0.5454545617103577,1.6562978029251099
10,0.7253668904304504,0.5582050681114197,0.5454545617103577,1.889314889907837
11,0.7190775871276855,0.5593109726905823,0.5454545617103577,2.0744292736053467
12,0.7243186831474304,0.5560059547424316,0.5454545617103577,2.304003953933716
13,0.7348008155822754,0.5442303419113159,0.5454545617103577,2.510075330734253
14,0.7358490824699402,0.5449560880661011,0.5454545617103577,2.7068088054656982
15,0.7368972897529602,0.5434271097183228,0.5454545617103577,2.858440637588501
16,0.74737948179245,0.5287597179412842,0.5454545617103577,2.9906091690063477
17,0.7368972897529602,0.5334948897361755,0.5454545617103577,3.1064040660858154
18,0.7400419116020203,0.5367264151573181,0.5454545617103577,3.2137537002563477
19,0.7421383857727051,0.5441156625747681,0.5454545617103577,3.2434380054473877
20,0.7379454970359802,0.5254256129264832,0.5454545617103577,3.2647528648376465
21,0.7463312149047852,0.5214712619781494,0.5454545617103577,3.3088185787200928
22,0.7379454970359802,0.5257874727249146,0.5454545617103577,3.3011653423309326
23,0.74947589635849,0.5183383226394653,0.5454545617103577,3.2724785804748535
24,0.7557651996612549,0.5201448798179626,0.5454545617103577,3.2004005908966064
25,0.75157231092453,0.5148243308067322,0.5454545617103577,3.1068546772003174
26,0.7651991844177246,0.5084109902381897,0.5454545617103577,2.983534336090088
