epoch,accuracy,loss,val_accuracy,val_loss
0,0.5754716992378235,0.6894187331199646,0.5454545617103577,0.6860976815223694
1,0.5859538912773132,0.6806280612945557,0.5454545617103577,0.6906277537345886
2,0.6477987170219421,0.6449488401412964,0.5454545617103577,0.7060163617134094
3,0.650943398475647,0.6340401768684387,0.5454545617103577,0.7485573291778564
4,0.6540880799293518,0.6340293884277344,0.5454545617103577,0.83139967918396
5,0.6897274851799011,0.6137710213661194,0.5454545617103577,0.958155632019043
6,0.6771488189697266,0.5911593437194824,0.5454545617103577,1.1246943473815918
7,0.6876310110092163,0.5884576439857483,0.5454545617103577,1.3126274347305298
8,0.6876310110092163,0.5872070789337158,0.5454545617103577,1.5281877517700195
9,0.7085953950881958,0.5659615397453308,0.5454545617103577,1.7434903383255005
10,0.7243186831474304,0.5597935914993286,0.5454545617103577,1.971145510673523
11,0.7190775871276855,0.5570374131202698,0.5454545617103577,2.1894922256469727
12,0.7253668904304504,0.5590404868125916,0.5454545617103577,2.387052536010742
13,0.7117400169372559,0.560429036617279,0.5454545617103577,2.5754477977752686
14,0.7232704162597656,0.5430698394775391,0.5454545617103577,2.7483320236206055
15,0.7138364911079407,0.5496413707733154,0.5454545617103577,2.888075351715088
16,0.7400419116020203,0.5316052436828613,0.5454545617103577,3.015453815460205
17,0.7536687850952148,0.5256328582763672,0.5454545617103577,3.1402475833892822
18,0.7547169923782349,0.5264425277709961,0.5454545617103577,3.21224045753479
19,0.7348008155822754,0.524442732334137,0.5454545617103577,3.2739226818084717
20,0.7358490824699402,0.5399456024169922,0.5454545617103577,3.3217687606811523
21,0.7599580883979797,0.5113219618797302,0.5454545617103577,3.35709810256958
22,0.7641509175300598,0.5046816468238831,0.5454545617103577,3.3459153175354004
23,0.7683438062667847,0.5061253905296326,0.5454545617103577,3.2896056175231934
24,0.7463312149047852,0.5116099119186401,0.5454545617103577,3.2326526641845703
25,0.7568134069442749,0.5114739537239075,0.5454545617103577,3.2233827114105225
