epoch,accuracy,loss,val_accuracy,val_loss
0,0.5618448853492737,0.6886494159698486,0.5454545617103577,0.6896272301673889
1,0.5870020985603333,0.6677471399307251,0.5454545617103577,0.6877480149269104
2,0.6268343925476074,0.6506339907646179,0.5454545617103577,0.695431649684906
3,0.6540880799293518,0.6423164010047913,0.5454545617103577,0.7184373736381531
4,0.6614255905151367,0.6326081156730652,0.5454545617103577,0.7623761296272278
5,0.6855345964431763,0.6160205602645874,0.5454545617103577,0.8306958079338074
6,0.6761006116867065,0.616402804851532,0.5454545617103577,0.9331564903259277
7,0.696016788482666,0.6020378470420837,0.5454545617103577,1.063585877418518
8,0.7012578845024109,0.577936589717865,0.5454545617103577,1.2149896621704102
9,0.697064995765686,0.5827745199203491,0.5454545617103577,1.3723193407058716
10,0.7222222089767456,0.5707808136940002,0.5454545617103577,1.5506417751312256
11,0.7232704162597656,0.565255343914032,0.5454545617103577,1.723715901374817
12,0.7169811129570007,0.5578147768974304,0.5454545617103577,1.8862301111221313
13,0.7222222089767456,0.5508864521980286,0.5454545617103577,2.0656344890594482
14,0.7463312149047852,0.5411876440048218,0.5454545617103577,2.2340164184570312
15,0.7327044010162354,0.5358023643493652,0.5454545617103577,2.4096477031707764
16,0.7431865930557251,0.5367125272750854,0.5454545617103577,2.563828706741333
17,0.75052410364151,0.5240878462791443,0.5454545617103577,2.634047269821167
18,0.7662473917007446,0.5246434807777405,0.5454545617103577,2.7471156120300293
19,0.7631027102470398,0.5211644172668457,0.5454545617103577,2.7854321002960205
20,0.7547169923782349,0.5085670351982117,0.5454545617103577,2.7840733528137207
21,0.74842768907547,0.5183356404304504,0.5454545617103577,2.7693209648132324
22,0.7662473917007446,0.5136792063713074,0.5454545617103577,2.7383861541748047
23,0.7547169923782349,0.5034277439117432,0.5454545617103577,2.675959348678589
24,0.7798742055892944,0.484221488237381,0.5454545617103577,2.6272308826446533
25,0.7746331095695496,0.49392837285995483,0.5454545617103577,2.4708290100097656
26,0.7714884877204895,0.4950106143951416,0.5454545617103577,2.3849704265594482
