epoch,accuracy,loss,val_accuracy,val_loss
0,0.6184640526771545,0.6637465357780457,0.6666666865348816,0.6669005155563354
1,0.6830065250396729,0.6021461486816406,0.6666666865348816,0.9046385288238525
2,0.7042483687400818,0.5707441568374634,0.6666666865348816,1.1140737533569336
3,0.726307213306427,0.5499535799026489,0.6666666865348816,1.2983782291412354
4,0.7410130500793457,0.5415248870849609,0.6666666865348816,1.1165226697921753
5,0.7410130500793457,0.5050534605979919,0.6666666865348816,0.9245392680168152
6,0.7426470518112183,0.4937022030353546,0.6666666865348816,0.8683741688728333
7,0.7728758454322815,0.4698609411716461,0.5022222399711609,0.9328127503395081
8,0.7875816822052002,0.4504106938838959,0.4866666793823242,0.8971929550170898
9,0.7843137383460999,0.42637938261032104,0.6266666650772095,0.8846961855888367
10,0.8202614188194275,0.4006381332874298,0.5488888621330261,1.0280250310897827
11,0.8145424723625183,0.38523736596107483,0.5377777814865112,1.0964326858520508
12,0.8366013169288635,0.3618839681148529,0.551111102104187,1.1585208177566528
13,0.8464052081108093,0.3472917973995209,0.5400000214576721,1.1900707483291626
14,0.8415032625198364,0.3482397496700287,0.6355555653572083,1.213112235069275
15,0.8374183177947998,0.3566736578941345,0.5600000023841858,1.1643584966659546
16,0.8611111044883728,0.3154454529285431,0.54666668176651,1.3020397424697876
17,0.845588207244873,0.33844658732414246,0.5355555415153503,1.4019153118133545
18,0.8709150552749634,0.303751140832901,0.46222221851348877,1.3895788192749023
19,0.8619281053543091,0.3213516175746918,0.5799999833106995,1.509010910987854
20,0.8839869499206543,0.2763979732990265,0.5377777814865112,1.5551669597625732
21,0.8774510025978088,0.2917640805244446,0.5,1.4970310926437378
22,0.8978758454322815,0.24965664744377136,0.41111111640930176,1.8241710662841797
23,0.8978758454322815,0.26693442463874817,0.4955555498600006,1.6819546222686768
24,0.8905228972434998,0.2558094263076782,0.4555555582046509,1.6593925952911377
25,0.8856208920478821,0.25506648421287537,0.40666666626930237,1.8826639652252197
