epoch,accuracy,loss,val_accuracy,val_loss
0,0.6094771027565002,0.6727243661880493,0.6666666865348816,0.6430923938751221
1,0.6699346303939819,0.6084547638893127,0.6666666865348816,0.8770171403884888
2,0.6928104758262634,0.5958162546157837,0.6666666865348816,1.2017923593521118
3,0.7075163125991821,0.573842465877533,0.6666666865348816,1.3107315301895142
4,0.7066993713378906,0.5537753105163574,0.6666666865348816,1.1768531799316406
5,0.7410130500793457,0.5363897681236267,0.6666666865348816,1.0334988832473755
6,0.7385621070861816,0.5274669528007507,0.6666666865348816,1.0599483251571655
7,0.758169949054718,0.500767171382904,0.6666666865348816,1.0308533906936646
8,0.7712418437004089,0.4615347385406494,0.6044444441795349,1.0959454774856567
9,0.7704248428344727,0.4473305940628052,0.6155555844306946,0.9310986399650574
10,0.7720588445663452,0.4499410390853882,0.5355555415153503,0.9354991316795349
11,0.7990196347236633,0.3989264667034149,0.5022222399711609,0.9813740849494934
12,0.8227124214172363,0.3949519395828247,0.5066666603088379,1.0347154140472412
13,0.8063725233078003,0.39896661043167114,0.4577777683734894,1.0828850269317627
14,0.8341503143310547,0.37180715799331665,0.6311110854148865,1.0615450143814087
15,0.8341503143310547,0.3604220449924469,0.5088889002799988,1.228503942489624
16,0.8341503143310547,0.3465293049812317,0.3911111056804657,1.3387861251831055
17,0.8529411554336548,0.3209474980831146,0.448888897895813,1.3730870485305786
18,0.8619281053543091,0.3127264678478241,0.5355555415153503,1.4714289903640747
19,0.8545751571655273,0.3093109428882599,0.46888887882232666,1.4665879011154175
20,0.8570261597633362,0.30506107211112976,0.5244444608688354,1.4843450784683228
21,0.8700980544090271,0.28720343112945557,0.4533333480358124,1.5657881498336792
22,0.8856208920478821,0.2891472578048706,0.4555555582046509,1.554552435874939
23,0.8774510025978088,0.2942315638065338,0.46666666865348816,1.6178860664367676
24,0.8839869499206543,0.2676545977592468,0.5799999833106995,1.5601681470870972
25,0.8839869499206543,0.2707307040691376,0.48222222924232483,1.7573717832565308
