epoch,accuracy,loss,val_accuracy,val_loss
0,0.6323529481887817,0.6595232486724854,0.6666666865348816,0.6704754829406738
1,0.6781045794487,0.6163769960403442,0.6666666865348816,0.9778411388397217
2,0.7148692607879639,0.5717935562133789,0.6666666865348816,1.0675630569458008
3,0.7075163125991821,0.55726557970047,0.6666666865348816,1.0178577899932861
4,0.7107843160629272,0.5518979430198669,0.6666666865348816,0.8713752031326294
5,0.7377451062202454,0.5104808807373047,0.6666666865348816,0.6945983171463013
6,0.7508170008659363,0.4885318875312805,0.5955555438995361,0.6711469292640686
7,0.7769607901573181,0.46391037106513977,0.5666666626930237,0.8586594462394714
8,0.7908496856689453,0.44353264570236206,0.5533333420753479,0.9709378480911255
9,0.7810457348823547,0.43736106157302856,0.5577777624130249,0.9631393551826477
10,0.7867646813392639,0.42093726992607117,0.5644444227218628,1.0529221296310425
11,0.8161764740943909,0.3862195909023285,0.5,1.0871793031692505
12,0.8071895241737366,0.3900027573108673,0.47999998927116394,1.1691763401031494
13,0.8194444179534912,0.37982234358787537,0.5333333611488342,1.1589499711990356
14,0.826797366142273,0.3631048798561096,0.47555556893348694,1.1545783281326294
15,0.8439542651176453,0.35076820850372314,0.4355555474758148,1.188981294631958
16,0.8464052081108093,0.3245188891887665,0.3955555558204651,1.3193602561950684
17,0.8545751571655273,0.32696646451950073,0.5955555438995361,1.3948618173599243
18,0.8651960492134094,0.3163261413574219,0.41333332657814026,1.4321643114089966
19,0.8619281053543091,0.30921974778175354,0.5488888621330261,1.6462818384170532
20,0.8464052081108093,0.314872145652771,0.3955555558204651,1.4821046590805054
21,0.8594771027565002,0.3119541108608246,0.46888887882232666,1.5309218168258667
22,0.8815359473228455,0.28688082098960876,0.4266666769981384,1.5338134765625
23,0.8799019455909729,0.2791949510574341,0.3288888931274414,1.593252182006836
24,0.8790849447250366,0.28031253814697266,0.3488888740539551,1.6126441955566406
25,0.8823529481887817,0.26025229692459106,0.3866666555404663,1.7091339826583862
