epoch,accuracy,loss,val_accuracy,val_loss
0,0.6135621070861816,0.6672559976577759,0.6666666865348816,0.6863404512405396
1,0.6895424723625183,0.601064920425415,0.6666666865348816,1.1655211448669434
2,0.6936274766921997,0.583415687084198,0.6666666865348816,1.5455483198165894
3,0.7042483687400818,0.5663647055625916,0.6666666865348816,1.4986943006515503
4,0.718137264251709,0.5437074899673462,0.6666666865348816,1.1560301780700684
5,0.726307213306427,0.5325242877006531,0.6666666865348816,0.8373821377754211
6,0.7426470518112183,0.49470755457878113,0.5600000023841858,1.015392541885376
7,0.7622548937797546,0.4809023141860962,0.5488888621330261,0.9924404621124268
8,0.7908496856689453,0.4387716054916382,0.43111109733581543,1.0325292348861694
9,0.7883986830711365,0.43304139375686646,0.5844444632530212,0.9468428492546082
10,0.8014705777168274,0.40460914373397827,0.47999998927116394,0.9883703589439392
11,0.798202633857727,0.4088480472564697,0.42222222685813904,1.1581794023513794
12,0.8292483687400818,0.3723249137401581,0.4533333480358124,1.1394462585449219
13,0.8210784196853638,0.37313389778137207,0.6044444441795349,1.152624487876892
14,0.8398692607879639,0.3555365800857544,0.5088889002799988,1.2820018529891968
15,0.826797366142273,0.3431371748447418,0.5088889002799988,1.3088123798370361
16,0.843137264251709,0.31905385851860046,0.4955555498600006,1.4047123193740845
17,0.845588207244873,0.32562509179115295,0.5311111211776733,1.3491016626358032
18,0.8709150552749634,0.29726946353912354,0.4377777874469757,1.5331131219863892
19,0.8774510025978088,0.29341253638267517,0.5133333206176758,1.4542515277862549
20,0.8562091588973999,0.29253116250038147,0.4955555498600006,1.4465237855911255
21,0.8905228972434998,0.2850084900856018,0.4955555498600006,1.7162246704101562
22,0.8717319965362549,0.2827571928501129,0.4555555582046509,1.6889064311981201
23,0.8946078419685364,0.2515310049057007,0.5555555820465088,1.5945497751235962
24,0.8807189464569092,0.25763097405433655,0.46222221851348877,1.6996793746948242
25,0.8946078419685364,0.24970686435699463,0.30666667222976685,1.977209210395813
