epoch,accuracy,loss,val_accuracy,val_loss
0,0.6062091588973999,0.6743266582489014,0.6666666865348816,0.6644840240478516
1,0.6919934749603271,0.5965140461921692,0.6666666865348816,1.0233465433120728
2,0.6911764740943909,0.59443199634552,0.6666666865348816,1.2189711332321167
3,0.6985294222831726,0.5733661651611328,0.6666666865348816,1.3068058490753174
4,0.7156862616539001,0.5449600219726562,0.6666666865348816,1.1002883911132812
5,0.7565359473228455,0.5063962340354919,0.6666666865348816,1.0250881910324097
6,0.7434640526771545,0.5028497576713562,0.6666666865348816,0.952664315700531
7,0.7785947918891907,0.46253836154937744,0.46222221851348877,0.9411102533340454
8,0.7802287340164185,0.45676857233047485,0.5422222018241882,0.8507477641105652
9,0.7883986830711365,0.44105005264282227,0.5688889026641846,0.9052931666374207
10,0.7965686321258545,0.4152890741825104,0.5155555605888367,0.968491792678833
11,0.8063725233078003,0.3907836079597473,0.4355555474758148,1.0903065204620361
12,0.8243464231491089,0.3822244107723236,0.5577777624130249,1.0705804824829102
13,0.8374183177947998,0.3619214594364166,0.5600000023841858,1.1622861623764038
14,0.8316993713378906,0.3689531683921814,0.5622222423553467,1.181215524673462
15,0.8529411554336548,0.32476940751075745,0.5799999833106995,1.2495598793029785
16,0.8366013169288635,0.3310524821281433,0.5222222208976746,1.3461780548095703
17,0.851307213306427,0.32543250918388367,0.5155555605888367,1.4088753461837769
18,0.866830050945282,0.3119935393333435,0.47777777910232544,1.6243231296539307
19,0.8676470518112183,0.2903231382369995,0.5177778005599976,1.527230143547058
20,0.8676470518112183,0.2961463928222656,0.4977777898311615,1.5853557586669922
21,0.8905228972434998,0.2732994854450226,0.3466666638851166,1.7243329286575317
22,0.8815359473228455,0.27495381236076355,0.4577777683734894,1.84268057346344
23,0.8839869499206543,0.2666759490966797,0.504444420337677,1.6767182350158691
24,0.8995097875595093,0.26180461049079895,0.4399999976158142,2.3707900047302246
25,0.8635621070861816,0.27562105655670166,0.5244444608688354,1.676378607749939
