epoch,accuracy,loss,val_accuracy,val_loss
0,0.5988562107086182,0.6635167002677917,0.6666666865348816,0.645378828048706
1,0.6805555820465088,0.6072322726249695,0.6666666865348816,0.8326877951622009
2,0.6830065250396729,0.58423912525177,0.6666666865348816,0.9680805802345276
3,0.7091503143310547,0.5463120937347412,0.6666666865348816,0.981817364692688
4,0.7312091588973999,0.5203571319580078,0.6666666865348816,0.8728036880493164
5,0.7369281053543091,0.5057973861694336,0.6666666865348816,0.882326602935791
6,0.7589869499206543,0.48277580738067627,0.5600000023841858,0.8770989179611206
7,0.7589869499206543,0.47758060693740845,0.4911110997200012,0.9295737147331238
8,0.7622548937797546,0.47158947587013245,0.4533333480358124,1.0095112323760986
9,0.7957516312599182,0.4113585650920868,0.4866666793823242,0.971401035785675
10,0.7965686321258545,0.4113273322582245,0.4933333396911621,1.0688799619674683
11,0.8063725233078003,0.39396288990974426,0.4422222077846527,1.1425386667251587
12,0.8169934749603271,0.37705615162849426,0.5600000023841858,1.1811457872390747
13,0.8235294222831726,0.3567395806312561,0.5888888835906982,1.2645440101623535
14,0.8594771027565002,0.3370454013347626,0.47999998927116394,1.1913111209869385
15,0.8439542651176453,0.34574100375175476,0.5066666603088379,1.3492974042892456
16,0.8602941036224365,0.32386404275894165,0.4533333480358124,1.442849040031433
17,0.8439542651176453,0.3267321288585663,0.5244444608688354,1.3659453392028809
18,0.8537581562995911,0.3053567111492157,0.5133333206176758,1.6761441230773926
19,0.8741829991340637,0.29910728335380554,0.47555556893348694,1.4813586473464966
20,0.8725489974021912,0.28210777044296265,0.551111102104187,1.7216017246246338
21,0.8815359473228455,0.28143301606178284,0.4955555498600006,1.5572304725646973
22,0.8774510025978088,0.2715222239494324,0.46444445848464966,1.8023940324783325
23,0.8929738402366638,0.2505891025066376,0.42888888716697693,1.7050338983535767
24,0.8954248428344727,0.26229366660118103,0.4333333373069763,1.8628636598587036
25,0.8888888955116272,0.24534696340560913,0.48444443941116333,2.0379230976104736
