epoch,accuracy,loss,val_accuracy,val_loss
0,0.5187908411026001,0.7050955295562744,0.6666666865348816,0.6546143293380737
1,0.6748365759849548,0.618765115737915,0.6666666865348816,0.6724879741668701
2,0.6870915293693542,0.586169421672821,0.6666666865348816,0.8129256963729858
3,0.7189542651176453,0.5704360008239746,0.6666666865348816,0.8341043591499329
4,0.709967315196991,0.5553608536720276,0.6666666865348816,0.7286427617073059
5,0.7459150552749634,0.5154857635498047,0.6666666865348816,0.7424773573875427
6,0.7320261597633362,0.5216983556747437,0.5600000023841858,0.7695276737213135
7,0.7606208920478821,0.4702633023262024,0.5600000023841858,0.7974421977996826
8,0.7802287340164185,0.45985642075538635,0.5799999833106995,0.8795841336250305
9,0.7892156839370728,0.4419134855270386,0.5955555438995361,0.9152710437774658
10,0.7949346303939819,0.4272058606147766,0.6088888645172119,0.9186496138572693
11,0.8047385811805725,0.40197259187698364,0.6422222256660461,0.9877851605415344
12,0.8243464231491089,0.3809501826763153,0.5422222018241882,1.049726963043213
13,0.8366013169288635,0.36594676971435547,0.5822222232818604,1.1298267841339111
14,0.8341503143310547,0.3511427640914917,0.5755555629730225,1.2451896667480469
15,0.843137264251709,0.34231528639793396,0.6066666841506958,1.2062748670578003
16,0.843137264251709,0.33099550008773804,0.46888887882232666,1.4722715616226196
17,0.8374183177947998,0.3366553783416748,0.54666668176651,1.39352548122406
18,0.8643791079521179,0.31813687086105347,0.54666668176651,1.5388692617416382
19,0.8553921580314636,0.3066047728061676,0.48222222924232483,1.610792636871338
20,0.8464052081108093,0.30421045422554016,0.4933333396911621,1.7128071784973145
21,0.8480392098426819,0.2858129143714905,0.5111111402511597,1.5774191617965698
22,0.8741829991340637,0.2739369869232178,0.46666666865348816,1.6978082656860352
23,0.8635621070861816,0.2708810269832611,0.41333332657814026,1.7917587757110596
24,0.8807189464569092,0.24487023055553436,0.5288888812065125,1.6553207635879517
25,0.8709150552749634,0.2590668499469757,0.5533333420753479,1.8052829504013062
