epoch,accuracy,loss,val_accuracy,val_loss
0,0.6045751571655273,0.6831544637680054,0.6666666865348816,0.6516823172569275
1,0.6625816822052002,0.6244800686836243,0.6666666865348816,0.8789215087890625
2,0.6985294222831726,0.5803933143615723,0.6666666865348816,1.095467209815979
3,0.7295751571655273,0.555978536605835,0.6666666865348816,1.1968975067138672
4,0.7279411554336548,0.5469441413879395,0.6666666865348816,1.0044056177139282
5,0.7303921580314636,0.5263150334358215,0.6666666865348816,0.92574143409729
6,0.7467319965362549,0.503379225730896,0.6666666865348816,0.7215003371238708
7,0.766339898109436,0.4772644639015198,0.5866666436195374,0.8401108980178833
8,0.7802287340164185,0.4548306465148926,0.5444444417953491,1.0650891065597534
9,0.7859477400779724,0.4341431260108948,0.5711110830307007,0.9337385296821594
10,0.8006535768508911,0.4111553430557251,0.4333333373069763,1.1183404922485352
11,0.8145424723625183,0.391462117433548,0.4466666579246521,1.1168529987335205
12,0.8308823704719543,0.36669105291366577,0.4888888895511627,1.1600456237792969
13,0.8276143670082092,0.37741920351982117,0.4955555498600006,1.233366847038269
14,0.8357843160629272,0.3591291606426239,0.4888888895511627,1.298774003982544
15,0.8423202633857727,0.33598846197128296,0.4555555582046509,1.4563722610473633
16,0.8521241545677185,0.33030763268470764,0.47555556893348694,1.3910207748413086
17,0.8619281053543091,0.3229556977748871,0.4333333373069763,1.4690237045288086
18,0.8480392098426819,0.32010242342948914,0.3466666638851166,1.5526366233825684
19,0.8602941036224365,0.30765628814697266,0.4511111080646515,1.6416867971420288
20,0.8758170008659363,0.2826634645462036,0.5199999809265137,1.88015878200531
21,0.8962418437004089,0.2730519473552704,0.4533333480358124,1.8786355257034302
22,0.8774510025978088,0.2757206857204437,0.4866666793823242,1.93560791015625
23,0.8946078419685364,0.24271512031555176,0.42222222685813904,1.8454198837280273
24,0.8856208920478821,0.25962746143341064,0.36000001430511475,1.89362370967865
25,0.8954248428344727,0.24125267565250397,0.5,2.2654404640197754
