epoch,accuracy,loss,val_accuracy,val_loss
0,0.6274510025978088,0.6587285399436951,0.6666666865348816,0.6538487672805786
1,0.686274528503418,0.6011922359466553,0.6666666865348816,0.8225703835487366
2,0.6854575276374817,0.5901567339897156,0.6666666865348816,0.8388159871101379
3,0.7066993713378906,0.5711495280265808,0.6666666865348816,0.7997201085090637
4,0.709967315196991,0.5548464059829712,0.6666666865348816,0.6780401468276978
5,0.7385621070861816,0.5156861543655396,0.5600000023841858,0.7343548536300659
6,0.7401960492134094,0.5048668384552002,0.5600000023841858,0.8929154276847839
7,0.7671568393707275,0.4670833945274353,0.54666668176651,0.960911750793457
8,0.7589869499206543,0.46955960988998413,0.5333333611488342,0.9448919296264648
9,0.7745097875595093,0.4311310648918152,0.5622222423553467,0.938809871673584
10,0.8022875785827637,0.40171393752098083,0.4955555498600006,0.9472879767417908
11,0.8194444179534912,0.38236677646636963,0.46444445848464966,1.0721238851547241
12,0.8292483687400818,0.38554176688194275,0.6355555653572083,1.0322775840759277
13,0.8251634240150452,0.35583099722862244,0.4355555474758148,1.1760095357894897
14,0.8415032625198364,0.34173592925071716,0.5555555820465088,1.1820608377456665
15,0.8423202633857727,0.3389238119125366,0.5688889026641846,1.178407907485962
16,0.8210784196853638,0.35041236877441406,0.5,1.2572760581970215
17,0.845588207244873,0.32458001375198364,0.5577777624130249,1.2901594638824463
18,0.8406862616539001,0.34568682312965393,0.41111111640930176,1.4393004179000854
19,0.845588207244873,0.3362883925437927,0.4977777898311615,1.4644083976745605
20,0.8423202633857727,0.31049951910972595,0.4000000059604645,1.5480955839157104
21,0.866830050945282,0.2959277331829071,0.5799999833106995,1.723949670791626
22,0.8570261597633362,0.2877691388130188,0.4555555582046509,1.5783075094223022
23,0.8537581562995911,0.3075595796108246,0.5222222208976746,1.7519179582595825
24,0.8766340017318726,0.2767004668712616,0.4888888895511627,1.7017583847045898
25,0.8709150552749634,0.26597413420677185,0.37555554509162903,1.804987907409668
