epoch,accuracy,loss,val_accuracy,val_loss
0,0.6143791079521179,0.6697938442230225,0.6666666865348816,0.6701979637145996
1,0.6683006286621094,0.6093787550926208,0.6666666865348816,0.823300838470459
2,0.6911764740943909,0.5720067024230957,0.6666666865348816,0.8255607485771179
3,0.7189542651176453,0.56120365858078,0.6666666865348816,0.6888087391853333
4,0.7393791079521179,0.5243887305259705,0.5600000023841858,0.7362315058708191
5,0.7254902124404907,0.5218226313591003,0.5600000023841858,0.7735844850540161
6,0.7442810535430908,0.5128605365753174,0.4866666793823242,0.8848349452018738
7,0.7598039507865906,0.4721784293651581,0.4577777683734894,1.038623571395874
8,0.8080065250396729,0.4227399528026581,0.4533333480358124,1.060915231704712
9,0.7875816822052002,0.42796310782432556,0.5311111211776733,1.0970860719680786
10,0.7941176295280457,0.42760950326919556,0.5577777624130249,1.0757615566253662
11,0.7851307392120361,0.40921223163604736,0.5533333420753479,1.0785839557647705
12,0.8063725233078003,0.38723134994506836,0.5377777814865112,1.1049389839172363
13,0.834967315196991,0.35413482785224915,0.3933333456516266,1.1935194730758667
14,0.8366013169288635,0.35865890979766846,0.42888888716697693,1.2962557077407837
15,0.8341503143310547,0.34815412759780884,0.4555555582046509,1.2960293292999268
16,0.8316993713378906,0.347274512052536,0.4466666579246521,1.2664499282836914
17,0.8529411554336548,0.3318440318107605,0.46444445848464966,1.3905293941497803
18,0.8570261597633362,0.31201332807540894,0.46888887882232666,1.5529230833053589
19,0.8447712659835815,0.31681984663009644,0.41111111640930176,1.5934762954711914
20,0.8700980544090271,0.29414263367652893,0.3288888931274414,1.6834152936935425
21,0.8415032625198364,0.31694847345352173,0.4355555474758148,1.7185440063476562
22,0.8611111044883728,0.29534605145454407,0.41111111640930176,1.6845159530639648
23,0.8807189464569092,0.2649359405040741,0.3977777659893036,1.82699716091156
24,0.8799019455909729,0.2675427794456482,0.46888887882232666,2.1149630546569824
25,0.8848039507865906,0.24331128597259521,0.324444442987442,1.819732427597046
