epoch,accuracy,loss,lr,val_accuracy,val_loss
0,0.6646764278411865,0.7532601356506348,0.001,0.26301947236061096,1.9485437870025635
1,0.7996918559074402,0.5014958381652832,0.001,0.26301947236061096,1.8366379737854004
2,0.8073959946632385,0.4670126736164093,0.001,0.5681220293045044,0.9413142800331116
3,0.8347457647323608,0.4091165363788605,0.001,0.6128353476524353,0.7641591429710388
4,0.8362866044044495,0.385680615901947,0.001,0.7422409057617188,0.6166336536407471
5,0.8516949415206909,0.3503177762031555,0.001,0.6380852460861206,0.8171178102493286
6,0.8597843050956726,0.3439348638057709,0.001,0.7322461605072021,0.6676322817802429
7,0.8651772141456604,0.33275341987609863,0.001,0.6754339933395386,0.7163509130477905
8,0.875963032245636,0.30537503957748413,0.001,0.5418201088905334,1.2676953077316284
9,0.8755778074264526,0.30856597423553467,0.001,0.5365597009658813,1.6217048168182373
10,0.8884822726249695,0.2866361737251282,0.001,0.6796423196792603,0.7857140898704529
11,0.8919491767883301,0.2677397131919861,0.001,0.6906890869140625,0.9954780340194702
12,0.8942604064941406,0.28715601563453674,0.001,0.6933193206787109,0.6947433948516846
13,0.902157187461853,0.2523607015609741,0.001,0.6301946640014648,0.8742258548736572
14,0.9023497700691223,0.24550162255764008,0.001,0.6827985048294067,0.8218353390693665
15,0.9177581071853638,0.21490998566150665,0.0003,0.7169910669326782,0.7560193538665771
16,0.9216101765632629,0.207649827003479,0.0003,0.6733298301696777,0.7250795960426331
17,0.9216101765632629,0.19946540892124176,0.0003,0.7017359137535095,0.813900351524353
18,0.920647144317627,0.2050991952419281,0.0003,0.6917411684989929,0.833583414554596
19,0.9219954013824463,0.20529372990131378,0.0003,0.6838505864143372,0.7894608378410339
20,0.928158700466156,0.18964533507823944,0.0003,0.6601788401603699,0.8046365976333618
21,0.9289291501045227,0.1828077882528305,0.0003,0.7038400769233704,0.7735447287559509
22,0.9256548285484314,0.1942620724439621,0.0003,0.6959494948387146,0.7511501908302307
23,0.9289291501045227,0.1876615732908249,0.0003,0.704366147518158,0.8198687434196472
24,0.9256548285484314,0.18739593029022217,0.0003,0.6806943416595459,0.9000343084335327
25,0.9356702566146851,0.17859281599521637,9e-05,0.6854287385940552,0.7876524925231934
26,0.9358628392219543,0.17255429923534393,9e-05,0.704366147518158,0.8283319473266602
27,0.9329738020896912,0.17295557260513306,9e-05,0.6864808201789856,0.8133174180984497
28,0.9329738020896912,0.1746431589126587,9e-05,0.6775381565093994,0.7976539731025696
29,0.9322034120559692,0.1741410195827484,9e-05,0.6738558411598206,0.8238173723220825
30,0.938366711139679,0.16779786348342896,9e-05,0.7085744142532349,0.8323855996131897
31,0.9389445185661316,0.16584159433841705,9e-05,0.6649131774902344,0.8580624461174011
32,0.9356702566146851,0.1600731760263443,9e-05,0.704366147518158,0.803877055644989
33,0.9370185136795044,0.1699557900428772,9e-05,0.6954234838485718,0.8437715768814087
34,0.9360554814338684,0.17087556421756744,9e-05,0.6948974132537842,0.8013243675231934
35,0.9341294169425964,0.16745500266551971,2.7e-05,0.6864808201789856,0.8155354857444763
36,0.9401001334190369,0.1561543345451355,2.7e-05,0.6785902380943298,0.8041081428527832
37,0.9393297433853149,0.1608469933271408,2.7e-05,0.6775381565093994,0.7957814931869507
38,0.9393297433853149,0.16362446546554565,2.7e-05,0.6849026679992676,0.8182942271232605
39,0.9431818127632141,0.15601903200149536,2.7e-05,0.6775381565093994,0.7911683917045593
40,0.9377889037132263,0.16499119997024536,2.7e-05,0.6801683306694031,0.8502058982849121
41,0.9402927756309509,0.15898768603801727,2.7e-05,0.6922672390937805,0.8211520910263062
42,0.9370185136795044,0.164701908826828,2.7e-05,0.6822724938392639,0.8134840130805969
43,0.9391371607780457,0.1562015265226364,2.7e-05,0.6806943416595459,0.8152557611465454
44,0.9416409730911255,0.16554412245750427,2.7e-05,0.6801683306694031,0.7933542728424072
45,0.9439522624015808,0.1522819697856903,8.1e-06,0.6891109943389893,0.8183976411819458
46,0.9454930424690247,0.15509375929832458,8.1e-06,0.6843766570091248,0.8101251125335693
47,0.9370185136795044,0.1679397076368332,8.1e-06,0.6870068311691284,0.8266660571098328
48,0.9418336153030396,0.1560215950012207,8.1e-06,0.6812204122543335,0.8181723356246948
49,0.9401001334190369,0.15445758402347565,8.1e-06,0.6785902380943298,0.8071585893630981
