epoch,accuracy,loss,lr,val_accuracy,val_loss
0,0.6224961280822754,0.8117825984954834,0.001,0.26301947236061096,1.7429804801940918
1,0.8045069575309753,0.4824461340904236,0.001,0.26301947236061096,1.7006762027740479
2,0.8189522624015808,0.43588459491729736,0.001,0.5265649557113647,1.0762908458709717
3,0.8270416259765625,0.40771931409835815,0.001,0.6522882580757141,0.7155035734176636
4,0.8364791870117188,0.37551456689834595,0.001,0.6706996560096741,0.7457507252693176
5,0.8513097167015076,0.3596625030040741,0.001,0.7411888241767883,0.6757959723472595
6,0.8578582406044006,0.34555917978286743,0.001,0.6417675018310547,0.7579439282417297
7,0.8590138554573059,0.34328651428222656,0.001,0.6328248381614685,0.8847988843917847
8,0.866718053817749,0.32610517740249634,0.001,0.6896370053291321,0.7962092757225037
9,0.8744221925735474,0.31256720423698425,0.001,0.6827985048294067,0.7172228097915649
10,0.884244978427887,0.2993580996990204,0.001,0.7380326390266418,0.7411523461341858
11,0.8931047916412354,0.26158666610717773,0.001,0.6475539207458496,0.8470491170883179
12,0.8913713693618774,0.295128732919693,0.001,0.5055233836174011,1.46352219581604
13,0.8869414329528809,0.287324994802475,0.001,0.708048403263092,0.723118007183075
14,0.8904083371162415,0.27688392996788025,0.001,0.6517622470855713,0.7698444128036499
15,0.8888674974441528,0.27812835574150085,0.001,0.4518674314022064,2.6527538299560547
16,0.8850154280662537,0.2890588939189911,0.001,0.6912151575088501,0.7305404543876648
17,0.8877118825912476,0.27678725123405457,0.001,0.5854813456535339,1.050873875617981
18,0.9008089303970337,0.25198060274124146,0.001,0.5497106909751892,0.9694357514381409
19,0.9044684171676636,0.24042093753814697,0.001,0.546554446220398,1.180031657218933
20,0.9088982939720154,0.23670601844787598,0.001,0.5733824372291565,1.1293221712112427
21,0.9162172675132751,0.2183963656425476,0.0003,0.6412414312362671,0.8806044459342957
22,0.920647144317627,0.20338086783885956,0.0003,0.6507101655006409,0.8549361824989319
23,0.9194915294647217,0.19731497764587402,0.0003,0.64860600233078,0.8379921317100525
24,0.9258474707603455,0.18938130140304565,0.0003,0.6912151575088501,0.8807865381240845
25,0.9223805665969849,0.19444118440151215,0.0003,0.6354550123214722,0.8566096425056458
26,0.9243066310882568,0.18713119626045227,0.0003,0.6933193206787109,0.9148994088172913
27,0.9327812194824219,0.17507043480873108,0.0003,0.6038926839828491,1.0567080974578857
28,0.9219954013824463,0.19245189428329468,0.0003,0.6601788401603699,0.8535468578338623
29,0.9266178607940674,0.18519480526447296,0.0003,0.6843766570091248,0.9244083166122437
30,0.9254622459411621,0.18306055665016174,0.0003,0.6333508491516113,0.9345054030418396
31,0.9302773475646973,0.18909050524234772,0.0003,0.6344029307365417,0.9620513319969177
32,0.9285439252853394,0.18579517304897308,0.0003,0.6417675018310547,0.8382598757743835
33,0.9389445185661316,0.16294854879379272,0.0003,0.687532901763916,0.9327678084373474
34,0.9339368343353271,0.17410436272621155,0.0003,0.6612309217453003,0.9093790650367737
35,0.929121732711792,0.17445576190948486,0.0003,0.6354550123214722,1.0862877368927002
36,0.9377889037132263,0.15875452756881714,9e-05,0.6638611555099487,0.923767626285553
37,0.9350924491882324,0.1627824306488037,9e-05,0.6422935128211975,0.9547294974327087
38,0.9368258714675903,0.16499508917331696,9e-05,0.6365070939064026,0.9070775508880615
39,0.9408705830574036,0.15486161410808563,9e-05,0.6591267585754395,0.9604135751724243
40,0.9387519359588623,0.15439845621585846,9e-05,0.6743819117546082,0.9543519616127014
41,0.9389445185661316,0.1582975685596466,9e-05,0.6475539207458496,0.9303043484687805
42,0.9345146417617798,0.16304504871368408,9e-05,0.6317727565765381,0.9950529336929321
43,0.9379814863204956,0.15376347303390503,9e-05,0.6717517375946045,0.9746611714363098
44,0.9381741285324097,0.16382962465286255,9e-05,0.6591267585754395,0.9326792359352112
45,0.9377889037132263,0.16101951897144318,9e-05,0.6601788401603699,0.9500452876091003
46,0.9433743953704834,0.1533723771572113,9e-05,0.6712256669998169,0.8722347617149353
47,0.9362480640411377,0.1600266546010971,9e-05,0.665439248085022,0.9255202412605286
48,0.936633288860321,0.15393999218940735,9e-05,0.6601788401603699,0.9382256269454956
49,0.936633288860321,0.16208767890930176,9e-05,0.6475539207458496,0.9395744800567627
