epoch,accuracy,loss,lr,val_accuracy,val_loss
0,0.616525411605835,0.8374701738357544,0.001,0.26301947236061096,1.8137520551681519
1,0.7840909361839294,0.5250223278999329,0.001,0.26301947236061096,1.918833613395691
2,0.8164483904838562,0.4429304301738739,0.001,0.5455023646354675,0.9569833278656006
3,0.8224191069602966,0.4104946255683899,0.001,0.5912677645683289,0.8626923561096191
4,0.830315887928009,0.39859238266944885,0.001,0.6891109943389893,0.7842103242874146
5,0.8399460911750793,0.3703436851501465,0.001,0.6380852460861206,1.014818549156189
6,0.8503466844558716,0.3512166440486908,0.001,0.7091004848480225,0.8494364619255066
7,0.8568952083587646,0.3293493092060089,0.001,0.7448711395263672,0.8078311681747437
8,0.8684514760971069,0.3183169662952423,0.001,0.6607049107551575,1.061380386352539
9,0.8790447115898132,0.2889987826347351,0.001,0.654392421245575,0.9985552430152893
10,0.8748074173927307,0.2965944707393646,0.001,0.6296685934066772,0.9693867564201355
11,0.8790447115898132,0.2856849133968353,0.001,0.6870068311691284,0.847585141658783
12,0.885208010673523,0.27771997451782227,0.001,0.6438716650009155,0.9431710243225098
13,0.8867488503456116,0.2710561454296112,0.001,0.6833245754241943,1.0572867393493652
14,0.8827041387557983,0.2734180688858032,0.001,0.7012099027633667,0.9223427176475525
15,0.8875192403793335,0.29034149646759033,0.001,0.6801683306694031,0.8575347065925598
16,0.8963790535926819,0.2559465765953064,0.001,0.6728037595748901,0.9364365935325623
17,0.891756534576416,0.2634730339050293,0.001,0.6701735854148865,0.92500239610672
18,0.8992680907249451,0.24375882744789124,0.001,0.6649131774902344,0.9042172431945801
19,0.8942604064941406,0.27480369806289673,0.001,0.6670173406600952,0.8092998266220093
20,0.910439133644104,0.22074756026268005,0.0003,0.6770120859146118,0.8570529222488403
21,0.9171802997589111,0.19945919513702393,0.0003,0.6796423196792603,0.8185660243034363
22,0.9194915294647217,0.19762089848518372,0.0003,0.6843766570091248,0.9797077178955078
23,0.9221879839897156,0.19093559682369232,0.0003,0.697001576423645,0.8089808225631714
24,0.9231510162353516,0.19380538165569305,0.0003,0.6633350849151611,0.9179762005805969
25,0.9277734756469727,0.1873038411140442,0.0003,0.6891109943389893,1.0894622802734375
26,0.9268105030059814,0.18359717726707458,0.0003,0.674907922744751,0.8873230218887329
27,0.9277734756469727,0.18167568743228912,0.0003,0.6622830033302307,1.010513424873352
28,0.9260400533676147,0.18535447120666504,0.0003,0.6901630759239197,0.8609704375267029
29,0.9268105030059814,0.1848914623260498,0.0003,0.6917411684989929,0.9347241520881653
30,0.9244992136955261,0.18989208340644836,0.0003,0.6622830033302307,0.9675780534744263
31,0.9287365078926086,0.1824871301651001,0.0003,0.6696475744247437,0.920832633972168
32,0.9296995401382446,0.1808837205171585,0.0003,0.6759600043296814,1.0004925727844238
33,0.9243066310882568,0.1912606954574585,0.0003,0.6717517375946045,0.9640782475471497
34,0.9264252781867981,0.1801144778728485,0.0003,0.6706996560096741,0.942182183265686
35,0.9316256046295166,0.17495526373386383,9e-05,0.6880589127540588,0.9388328790664673
36,0.9293143153190613,0.1741933524608612,9e-05,0.6712256669998169,0.9840623140335083
37,0.9370185136795044,0.1631733626127243,9e-05,0.6743819117546082,0.9373526573181152
38,0.9348998665809631,0.17034803330898285,9e-05,0.6785902380943298,0.9114343523979187
39,0.936633288860321,0.15836699306964874,9e-05,0.6849026679992676,0.8960414528846741
40,0.9304699301719666,0.1748247593641281,9e-05,0.6854287385940552,0.8915092945098877
41,0.9387519359588623,0.1578240692615509,9e-05,0.6801683306694031,0.959311306476593
42,0.9362480640411377,0.17033660411834717,9e-05,0.6775381565093994,1.0214592218399048
43,0.9316256046295166,0.1670263111591339,9e-05,0.6780641674995422,0.9157267212867737
44,0.9372110962867737,0.16258341073989868,9e-05,0.6827985048294067,0.9598617553710938
45,0.9279661178588867,0.17299777269363403,9e-05,0.669121503829956,0.9956983327865601
46,0.9343220591545105,0.1601983904838562,9e-05,0.6680694222450256,0.9285576939582825
47,0.9399075508117676,0.15788404643535614,9e-05,0.6685954928398132,0.9172775745391846
48,0.9399075508117676,0.15993914008140564,9e-05,0.6622830033302307,0.9717816114425659
49,0.9304699301719666,0.17071440815925598,9e-05,0.6801683306694031,0.9934965968132019
