epoch,accuracy,loss,lr,val_accuracy,val_loss
0,0.7883281707763672,0.49317848682403564,0.001,0.26670172810554504,1.8788893222808838
1,0.8773112297058105,0.2995050549507141,0.001,0.27669647336006165,2.301323413848877
2,0.9056240320205688,0.23711678385734558,0.001,0.6491320133209229,0.7036496996879578
3,0.9133281707763672,0.22118614614009857,0.001,0.7075223326683044,1.0080779790878296
4,0.9264252781867981,0.19671416282653809,0.001,0.5581272840499878,1.6689950227737427
5,0.9362480640411377,0.17489446699619293,0.001,0.7317201495170593,0.9311920404434204
6,0.9393297433853149,0.17168442904949188,0.001,0.7133088111877441,0.8604534268379211
7,0.945878267288208,0.14583471417427063,0.001,0.7306680679321289,0.7376526594161987
8,0.9335516095161438,0.16481630504131317,0.001,0.6785902380943298,0.8777172565460205
9,0.94780433177948,0.13737578690052032,0.001,0.5602314472198486,2.62536883354187
10,0.9526194334030151,0.13403402268886566,0.001,0.6896370053291321,0.9623772501945496
11,0.9607087969779968,0.11301501840353012,0.001,0.746975302696228,1.1030312776565552
12,0.9497303366661072,0.13284273445606232,0.001,0.7269858121871948,1.0177578926086426
13,0.9609013795852661,0.11282466351985931,0.001,0.7117306590080261,0.8574220538139343
14,0.9574345350265503,0.11547080427408218,0.001,0.717517077922821,0.8964369893074036
15,0.9632126092910767,0.09687260538339615,0.001,0.7501314878463745,0.8520207405090332
16,0.9682203531265259,0.0919308289885521,0.001,0.6144134402275085,1.630967617034912
17,0.9661017060279846,0.09146153926849365,0.001,0.7617043852806091,0.888245701789856
18,0.9793913960456848,0.06582540273666382,0.0003,0.7553918957710266,0.7783414125442505
19,0.9749614596366882,0.0693434402346611,0.0003,0.7406628131866455,0.8379448056221008
20,0.983243465423584,0.053799793124198914,0.0003,0.7506575584411621,0.859548032283783
21,0.9795839786529541,0.05704450607299805,0.0003,0.7580220699310303,0.8204313516616821
22,0.9826656579971313,0.05060403421521187,0.0003,0.7806417942047119,0.9831960797309875
23,0.9811248183250427,0.05498094484210014,0.0003,0.7690688967704773,0.7668914794921875
24,0.980354368686676,0.05668415129184723,0.0003,0.7075223326683044,1.2659416198730469
25,0.9805470108985901,0.0514020211994648,0.0003,0.7864282131195068,0.7703708410263062
26,0.9782357215881348,0.06090331822633743,0.0003,0.7206733226776123,1.4142192602157593
27,0.9874807596206665,0.04235134273767471,0.0003,0.7648605704307556,1.0142877101898193
28,0.9876733422279358,0.04107121750712395,0.0003,0.7906364798545837,0.8682428002357483
29,0.9834360480308533,0.04621655121445656,0.0003,0.6706996560096741,1.2887085676193237
30,0.9834360480308533,0.045781608670949936,0.0003,0.7790636420249939,0.7102219462394714
31,0.9863251447677612,0.04021667689085007,0.0003,0.7643345594406128,0.8289274573326111
32,0.9843990802764893,0.046098046004772186,0.0003,0.7780115604400635,0.8483322858810425
33,0.9890215992927551,0.039036329835653305,9e-05,0.773277223110199,1.0149739980697632
34,0.989791989326477,0.032763320952653885,9e-05,0.7559179663658142,0.8541473746299744
35,0.9880585670471191,0.0376274399459362,9e-05,0.7680168151855469,1.0337762832641602
36,0.989791989326477,0.03380366787314415,9e-05,0.7974750399589539,0.6920551061630249
37,0.989791989326477,0.03626216575503349,9e-05,0.7874802947044373,1.0630437135696411
38,0.9903697967529297,0.03351464867591858,9e-05,0.7590741515159607,0.8414609432220459
39,0.9901772141456604,0.029627924785017967,9e-05,0.7795897126197815,0.8022398352622986
40,0.9882511496543884,0.035714901983737946,9e-05,0.7822198867797852,0.7742670178413391
41,0.9884437322616577,0.03457977995276451,9e-05,0.7475013136863708,0.9171911478042603
42,0.9899845719337463,0.031119221821427345,9e-05,0.7759073972702026,0.9318392276763916
43,0.9888289570808411,0.030519606545567513,9e-05,0.7506575584411621,1.0546602010726929
44,0.9895994067192078,0.0326366201043129,9e-05,0.7680168151855469,0.9938589334487915
45,0.9911401867866516,0.028897512704133987,9e-05,0.7764334678649902,0.9648014307022095
46,0.9894067645072937,0.02954491227865219,9e-05,0.7837979793548584,0.9877479076385498
47,0.9892141819000244,0.03328540548682213,9e-05,0.7927406430244446,0.9075578451156616
48,0.9899845719337463,0.03104320913553238,9e-05,0.752761721611023,0.9352408051490784
49,0.9894067645072937,0.031088577583432198,9e-05,0.7832719683647156,1.0381845235824585
