epoch,accuracy,loss,lr,val_accuracy,val_loss
0,0.7654083371162415,0.5188032984733582,0.001,0.26301947236061096,2.997185230255127
1,0.8838598132133484,0.2841535806655884,0.001,0.31088900566101074,3.399369478225708
2,0.9056240320205688,0.2588007152080536,0.001,0.48342975974082947,2.3989336490631104
3,0.9181432723999023,0.21375076472759247,0.001,0.7427669763565063,0.7500463128089905
4,0.9295069575309753,0.18786166608333588,0.001,0.561283528804779,2.2063827514648438
5,0.9327812194824219,0.18204832077026367,0.001,0.5644397735595703,2.700336217880249
6,0.9362480640411377,0.17253577709197998,0.001,0.5554971098899841,2.0801873207092285
7,0.9429892301559448,0.15339067578315735,0.001,0.5775907635688782,1.8422398567199707
8,0.9483821392059326,0.1337672621011734,0.001,0.41820093989372253,2.8098340034484863
9,0.9476116895675659,0.1386062204837799,0.001,0.5460284352302551,3.408745050430298
10,0.9520416259765625,0.1321735978126526,0.001,0.568648099899292,3.010636806488037
11,0.9531972408294678,0.13859403133392334,0.001,0.5491846203804016,1.9745204448699951
12,0.9535824060440063,0.12238743156194687,0.001,0.7380326390266418,0.9489041566848755
13,0.9516564011573792,0.12432625889778137,0.001,0.6575486660003662,1.6792311668395996
14,0.964560866355896,0.10193636268377304,0.001,0.6880589127540588,0.9476853013038635
15,0.9634052515029907,0.10920095443725586,0.001,0.5360336899757385,2.3924131393432617
16,0.9583975076675415,0.11050297319889069,0.001,0.6038926839828491,1.295862078666687
17,0.9661017060279846,0.09478259086608887,0.001,0.7033140659332275,1.2330135107040405
18,0.9649460911750793,0.09030791372060776,0.001,0.5691741108894348,1.6208877563476562
19,0.9687981605529785,0.0778614953160286,0.0003,0.7033140659332275,1.200735092163086
20,0.9755392670631409,0.06326723843812943,0.0003,0.7122567296028137,1.1761589050292969
21,0.9766949415206909,0.058790579438209534,0.0003,0.7143608331680298,1.113031029701233
22,0.9766949415206909,0.05840281397104263,0.0003,0.7148869037628174,1.0974000692367554
23,0.9763097167015076,0.05537094175815582,0.0003,0.7201473116874695,1.0772156715393066
24,0.9749614596366882,0.06326770037412643,0.0003,0.7338243126869202,0.9370432496070862
25,0.9778505563735962,0.05199422314763069,0.0003,0.6885849833488464,1.192696213722229
26,0.9778505563735962,0.053294837474823,0.0003,0.7027879953384399,1.0636950731277466
27,0.9745762944221497,0.05939822643995285,0.0003,0.6591267585754395,1.3515232801437378
28,0.9766949415206909,0.05999394878745079,0.0003,0.7106785774230957,1.1526329517364502
29,0.9774653315544128,0.05686287581920624,0.0003,0.7075223326683044,1.1719765663146973
30,0.9782357215881348,0.05236060544848442,0.0003,0.6649131774902344,1.289044976234436
31,0.9788135886192322,0.05100347101688385,0.0003,0.7006838321685791,0.8448081612586975
32,0.9765022993087769,0.05265182629227638,0.0003,0.7112046480178833,1.0651707649230957
33,0.9778505563735962,0.04667296260595322,0.0003,0.7401367425918579,0.9094495177268982
34,0.9809321761131287,0.041971396654844284,9e-05,0.7143608331680298,1.0939855575561523
35,0.9815100431442261,0.03866881504654884,9e-05,0.7017359137535095,1.134214162826538
36,0.982280433177948,0.04516260325908661,9e-05,0.7091004848480225,0.9212571978569031
37,0.9801617860794067,0.04287497699260712,9e-05,0.7133088111877441,1.0921717882156372
38,0.9830508232116699,0.04071921482682228,9e-05,0.7048921585083008,1.4330085515975952
39,0.9845916628837585,0.03330111503601074,9e-05,0.7106785774230957,1.0338648557662964
40,0.9830508232116699,0.034830477088689804,9e-05,0.7006838321685791,1.018293857574463
41,0.9843990802764893,0.03295302391052246,9e-05,0.7143608331680298,1.1573480367660522
42,0.9849768877029419,0.033639486879110336,9e-05,0.7206733226776123,0.961284875869751
43,0.9807395935058594,0.04061713442206383,9e-05,0.717517077922821,1.0818387269973755
44,0.982280433177948,0.038400162011384964,9e-05,0.713834822177887,1.2522799968719482
45,0.9845916628837585,0.0345672182738781,9e-05,0.6933193206787109,1.47627592086792
46,0.983243465423584,0.03970442712306976,9e-05,0.7206733226776123,1.0149247646331787
47,0.9824730157852173,0.03922968730330467,9e-05,0.7143608331680298,1.2931005954742432
48,0.9836286306381226,0.036779772490262985,9e-05,0.7154129147529602,1.2888405323028564
49,0.9828582406044006,0.03773374482989311,2.7e-05,0.7148869037628174,1.1684118509292603
