epoch,accuracy,loss,lr,val_accuracy,val_loss
0,0.8172187805175781,0.43166038393974304,0.001,0.27248817682266235,2.381924629211426
1,0.8979198932647705,0.2588956654071808,0.001,0.2051551789045334,2.7627739906311035
2,0.9108243584632874,0.22768692672252655,0.001,0.20252498984336853,1.7347699403762817
3,0.926232635974884,0.19390201568603516,0.001,0.4713308811187744,1.5592334270477295
4,0.9289291501045227,0.19487258791923523,0.001,0.5581272840499878,2.696014881134033
5,0.9381741285324097,0.1736638844013214,0.001,0.7048921585083008,1.4705536365509033
6,0.9347072243690491,0.16925638914108276,0.001,0.6175696849822998,3.2022554874420166
7,0.9381741285324097,0.16270405054092407,0.001,0.5581272840499878,4.170613765716553
8,0.945878267288208,0.1496303826570511,0.001,0.7122567296028137,0.9846688508987427
9,0.9479969143867493,0.1323755383491516,0.001,0.556023120880127,1.2547423839569092
10,0.9424114227294922,0.1570279449224472,0.001,0.5460284352302551,2.156804084777832
11,0.9476116895675659,0.13640199601650238,0.001,0.6943714022636414,1.2491304874420166
12,0.9530045986175537,0.13309136033058167,0.001,0.7133088111877441,1.7541831731796265
13,0.9570493102073669,0.1264754831790924,0.001,0.7769594788551331,0.6149173378944397
14,0.9512711763381958,0.12975718080997467,0.001,0.6133614182472229,1.9082669019699097
15,0.9510785937309265,0.13117197155952454,0.001,0.5302472114562988,1.7937341928482056
16,0.9587827324867249,0.11553897708654404,0.001,0.6733298301696777,1.2312755584716797
17,0.955315887928009,0.11769924312829971,0.001,0.6286165118217468,1.624210000038147
18,0.9653312563896179,0.09184194356203079,0.001,0.5944240093231201,1.569535732269287
19,0.9647534489631653,0.10304339230060577,0.001,0.7227774858474731,1.4150279760360718
20,0.9662942886352539,0.09895312041044235,0.001,0.7059442400932312,1.3889727592468262
21,0.9668720960617065,0.08723311126232147,0.001,0.6959494948387146,1.4513968229293823
22,0.9678351283073425,0.09278735518455505,0.001,0.735928475856781,1.1217769384384155
23,0.9711093902587891,0.08665582537651062,0.001,0.579694926738739,2.4625492095947266
24,0.9678351283073425,0.08957286924123764,0.001,0.7306680679321289,1.0089309215545654
25,0.9755392670631409,0.07137403637170792,0.001,0.7753813862800598,0.8398926258087158
26,0.974768877029419,0.07145435363054276,0.001,0.5902156829833984,2.493239641189575
27,0.9620569944381714,0.10950612276792526,0.001,0.5328774452209473,2.4514071941375732
28,0.9711093902587891,0.08532985299825668,0.001,0.6138874292373657,2.494281053543091
29,0.9834360480308533,0.053470999002456665,0.0003,0.7596002221107483,0.9779071807861328
30,0.9853621125221252,0.04459502920508385,0.0003,0.7543398141860962,1.1014457941055298
31,0.9847843050956726,0.049550872296094894,0.0003,0.765912652015686,1.0056129693984985
32,0.9865177273750305,0.04360073059797287,0.0003,0.7364544868469238,0.9505370855331421
33,0.9876733422279358,0.03809276968240738,0.0003,0.7443450689315796,1.439415693283081
34,0.9872881174087524,0.041411615908145905,0.0003,0.7680168151855469,1.429341435432434
35,0.9824730157852173,0.04552425816655159,0.0003,0.8037874698638916,1.080055594444275
36,0.9857472777366638,0.04061147943139076,0.0003,0.7680168151855469,0.9536228775978088
37,0.9857472777366638,0.04470368102192879,0.0003,0.7895844578742981,0.8473597168922424
38,0.9847843050956726,0.04445116966962814,0.0003,0.7511835694313049,1.6132159233093262
39,0.9870955348014832,0.04069863632321358,0.0003,0.7306680679321289,1.3390032052993774
40,0.9888289570808411,0.03249281272292137,0.0003,0.832719624042511,1.3512649536132812
41,0.9878659248352051,0.03854416683316231,0.0003,0.843766450881958,1.1037781238555908
42,0.9886363744735718,0.03194071725010872,0.0003,0.8074697256088257,0.881912112236023
43,0.9890215992927551,0.034999605268239975,0.0003,0.8479747772216797,0.8235481381416321
44,0.9894067645072937,0.032654594630002975,9e-05,0.8074697256088257,0.9163038730621338
45,0.9899845719337463,0.030336838215589523,9e-05,0.8321935534477234,1.0076074600219727
46,0.992488443851471,0.027758698910474777,9e-05,0.8100999593734741,1.0600425004959106
47,0.9921032190322876,0.030814334750175476,9e-05,0.8453445434570312,0.830101728439331
48,0.9922958612442017,0.027731262147426605,9e-05,0.784324049949646,1.3656452894210815
49,0.991525411605835,0.027175650000572205,9e-05,0.8200947046279907,0.8966751098632812
