epoch,accuracy,loss,lr,val_accuracy,val_loss
0,0.8378274440765381,0.39554524421691895,0.001,0.2993161380290985,2.3281540870666504
1,0.9106317162513733,0.22823800146579742,0.001,0.4260915219783783,3.8632359504699707
2,0.9194915294647217,0.21820113062858582,0.001,0.6612309217453003,2.46349835395813
3,0.9354776740074158,0.17214635014533997,0.001,0.6649131774902344,0.9176338911056519
4,0.9437596201896667,0.1618402600288391,0.001,0.7133088111877441,0.7318693399429321
5,0.9510785937309265,0.13342304527759552,0.001,0.7543398141860962,0.7549892067909241
6,0.9557010531425476,0.10965889692306519,0.001,0.7780115604400635,0.8887854218482971
7,0.9566640853881836,0.11953508108854294,0.001,0.659652829170227,1.951375126838684
8,0.9641756415367126,0.10189609974622726,0.001,0.7532877326011658,0.9932613968849182
9,0.9641756415367126,0.10426808148622513,0.001,0.7753813862800598,0.8513895273208618
10,0.9759244918823242,0.07013941556215286,0.001,0.7853761315345764,0.9703308343887329
11,0.9772727489471436,0.06402938067913055,0.001,0.7522356510162354,0.9229193329811096
12,0.9639830589294434,0.10984021425247192,0.001,0.7890583872795105,0.9857978224754333
13,0.9759244918823242,0.06814172863960266,0.001,0.7906364798545837,1.0527071952819824
14,0.9757319092750549,0.07122638076543808,0.001,0.7580220699310303,0.9502965211868286
15,0.9834360480308533,0.046579744666814804,0.001,0.7848500609397888,1.4062831401824951
16,0.9797765612602234,0.06015300378203392,0.001,0.6570225954055786,2.8542213439941406
17,0.9807395935058594,0.05365259572863579,0.001,0.7091004848480225,0.9784825444221497
18,0.9869029521942139,0.04633728787302971,0.001,0.7685428857803345,0.7207892537117004
19,0.9818952083587646,0.06116419658064842,0.001,0.7190952301025391,1.5490421056747437
20,0.9780431389808655,0.07080277800559998,0.001,0.7722251415252686,1.0212303400039673
21,0.9869029521942139,0.04314861074090004,0.001,0.735928475856781,1.759821891784668
22,0.9901772141456604,0.03324059769511223,0.001,0.7985270619392395,0.948183000087738
23,0.9753466844558716,0.08544386178255081,0.001,0.8069437146186829,0.787703275680542
24,0.9859399199485779,0.042172662913799286,0.001,0.8032614588737488,0.8027235269546509
25,0.9830508232116699,0.05276673287153244,0.001,0.8237769603729248,0.767241358757019
26,0.9870955348014832,0.03754578158259392,0.001,0.7243555784225464,1.6873524188995361
27,0.990755021572113,0.03413321450352669,0.001,0.870068371295929,0.5882651805877686
28,0.9884437322616577,0.032018087804317474,0.001,0.7716991305351257,1.26460599899292
29,0.9909476041793823,0.0280620064586401,0.001,0.746975302696228,1.8753544092178345
30,0.991718053817749,0.030609460547566414,0.001,0.7027879953384399,1.8513908386230469
31,0.9946070909500122,0.018685024231672287,0.001,0.8790110349655151,0.7864131331443787
32,0.9890215992927551,0.037405870854854584,0.001,0.80641770362854,1.061673879623413
33,0.9938367009162903,0.01958264224231243,0.001,0.823250949382782,1.010300636291504
34,0.9957627058029175,0.013421236537396908,0.001,0.8179905414581299,0.9796102643013
35,0.9922958612442017,0.027013886719942093,0.001,0.7916885614395142,1.0398060083389282
36,0.9940292835235596,0.022729812189936638,0.001,0.812204122543335,1.0324809551239014
37,0.989791989326477,0.031249914318323135,0.001,0.7727512121200562,0.7873989939689636
38,0.9932588338851929,0.02093212679028511,0.001,0.7133088111877441,1.5062850713729858
39,0.9955701231956482,0.013907096348702908,0.001,0.7974750399589539,1.2059993743896484
40,0.9872881174087524,0.04028387367725372,0.001,0.7511835694313049,2.2058446407318115
41,0.990755021572113,0.03022659197449684,0.001,0.7348763942718506,1.4508159160614014
42,0.9913328289985657,0.025606734678149223,0.001,0.8890057802200317,0.3872677981853485
43,0.9951848983764648,0.019411759451031685,0.001,0.746975302696228,1.5753867626190186
44,0.9959552884101868,0.010948306880891323,0.001,0.7211993932723999,2.1100046634674072
45,0.9922958612442017,0.027594435960054398,0.001,0.8006312251091003,0.8998444080352783
46,0.9926810264587402,0.02508675493299961,0.001,0.7869542241096497,1.2705847024917603
47,0.9926810264587402,0.02679566852748394,0.001,0.767490804195404,2.449099540710449
48,0.991718053817749,0.026745630428195,0.001,0.8037874698638916,1.1951783895492554
49,0.9967257380485535,0.01107338909059763,0.001,0.7480273246765137,1.8488348722457886
