epoch,accuracy,loss,lr,val_accuracy,val_loss
0,0.8424499034881592,0.39524123072624207,0.001,0.4113624393939972,2.3323633670806885
1,0.9115947484970093,0.2311343550682068,0.001,0.402419775724411,4.734684944152832
2,0.9347072243690491,0.18322210013866425,0.001,0.6759600043296814,1.8500372171401978
3,0.9347072243690491,0.1832493394613266,0.001,0.5507627725601196,5.152153968811035
4,0.9508859515190125,0.13054941594600677,0.001,0.6159915924072266,0.9172817468643188
5,0.955315887928009,0.1236826628446579,0.001,0.7496054768562317,1.435606598854065
6,0.9649460911750793,0.10462579876184464,0.001,0.6817464232444763,1.294816493988037
7,0.9687981605529785,0.09887056052684784,0.001,0.815886378288269,0.6515182852745056
8,0.9713020324707031,0.08304992318153381,0.001,0.7222514748573303,1.4574121236801147
9,0.9684129357337952,0.09235174208879471,0.001,0.3713834881782532,5.237198352813721
10,0.9765022993087769,0.07318830490112305,0.001,0.6322987675666809,1.7349462509155273
11,0.9780431389808655,0.07190942764282227,0.001,0.8037874698638916,0.7867891788482666
12,0.9791987538337708,0.062034375965595245,0.001,0.7790636420249939,0.9903251528739929
13,0.9793913960456848,0.06121612712740898,0.001,0.7075223326683044,1.9991294145584106
14,0.9815100431442261,0.052352841943502426,0.001,0.7290899753570557,1.7819041013717651
15,0.9817026257514954,0.05604902282357216,0.001,0.5081536173820496,4.813912868499756
16,0.9853621125221252,0.04861649498343468,0.001,0.2893214225769043,8.648731231689453
17,0.9817026257514954,0.060843661427497864,0.001,0.35455024242401123,3.765854597091675
18,0.9815100431442261,0.05865928903222084,0.001,0.6712256669998169,1.4893629550933838
19,0.9834360480308533,0.049996502697467804,0.001,0.8605996966362,0.4760611951351166
20,0.9909476041793823,0.03150155395269394,0.001,0.784324049949646,1.1493867635726929
21,0.990562379360199,0.034104734659194946,0.001,0.7538138031959534,1.16367769241333
22,0.9903697967529297,0.03055754117667675,0.001,0.7932667136192322,1.0682097673416138
23,0.9951848983764648,0.024008693173527718,0.001,0.7753813862800598,1.1393805742263794
24,0.9876733422279358,0.038447316735982895,0.001,0.617043673992157,4.009701251983643
25,0.98420649766922,0.051106762140989304,0.001,0.7553918957710266,2.037869930267334
26,0.9876733422279358,0.03945271670818329,0.001,0.843766450881958,0.8227643370628357
27,0.9903697967529297,0.031053869053721428,0.001,0.8227248787879944,1.0026196241378784
28,0.9930662512779236,0.022508876398205757,0.001,0.7653866410255432,1.170172095298767
29,0.9919106364250183,0.03190668672323227,0.001,0.7690688967704773,1.9283043146133423
30,0.9953774809837341,0.016130410134792328,0.001,0.762230396270752,1.8444573879241943
31,0.9930662512779236,0.022855816408991814,0.001,0.6927932500839233,2.214731216430664
32,0.9843990802764893,0.04907146468758583,0.001,0.5707522630691528,1.930442214012146
33,0.990562379360199,0.029309233650565147,0.001,0.7774855494499207,1.573552131652832
34,0.9930662512779236,0.02155480906367302,0.001,0.784324049949646,1.1119810342788696
35,0.9971109628677368,0.010090393014252186,0.0003,0.8179905414581299,0.9368199110031128
36,0.9949923157691956,0.021251197904348373,0.0003,0.8243029713630676,0.9675450921058655
37,0.9982665777206421,0.007801157422363758,0.0003,0.8153603076934814,1.0707051753997803
38,0.9978813529014587,0.009658703580498695,0.0003,0.8016833066940308,1.2121083736419678
39,0.9965331554412842,0.013558215461671352,0.0003,0.7964229583740234,1.2176512479782104
40,0.9973035454750061,0.00887546967715025,0.0003,0.8521830439567566,0.8536565899848938
41,0.9961479306221008,0.011829736642539501,0.0003,0.8968963623046875,0.6778593063354492
42,0.9974961280822754,0.008185201324522495,0.0003,0.8816412687301636,0.6483706831932068
43,0.9974961280822754,0.00992683693766594,0.0003,0.8221988677978516,0.963402271270752
44,0.998073935508728,0.009533396922051907,0.0003,0.8300894498825073,0.8114738464355469
45,0.9986517429351807,0.007187372539192438,0.0003,0.8085218071937561,1.3512675762176514
46,0.9973035454750061,0.008597899228334427,0.0003,0.8432403802871704,0.8131918907165527
47,0.998073935508728,0.008102486841380596,0.0003,0.8900578618049622,0.8280642628669739
48,0.9967257380485535,0.01013777032494545,0.0003,0.9247764348983765,0.3699822425842285
49,0.9978813529014587,0.008040331304073334,0.0003,0.8185165524482727,1.2151488065719604
