epoch,accuracy,loss,lr,val_accuracy,val_loss
0,0.8241525292396545,0.4053904712200165,0.001,0.36507102847099304,2.314823865890503
1,0.9035053849220276,0.2589819133281708,0.001,0.40978431701660156,5.594236373901367
2,0.9248844385147095,0.2005450427532196,0.001,0.4113624393939972,2.6832430362701416
3,0.9397149682044983,0.16555069386959076,0.001,0.654392421245575,0.9954257607460022
4,0.9379814863204956,0.1620822250843048,0.001,0.7069963216781616,0.8743546605110168
5,0.9516564011573792,0.13263660669326782,0.001,0.7285639047622681,0.7477639317512512
6,0.9568567276000977,0.12205194681882858,0.001,0.746975302696228,0.9508483409881592
7,0.9564715027809143,0.12279356271028519,0.001,0.7296159863471985,0.6612510681152344
8,0.9637904763221741,0.09371145069599152,0.001,0.687532901763916,1.2091350555419922
9,0.9595531821250916,0.11637590080499649,0.001,0.7259337306022644,1.0700442790985107
10,0.9714946150779724,0.08600637316703796,0.001,0.6491320133209229,1.4985018968582153
11,0.9790061712265015,0.06705030053853989,0.001,0.8227248787879944,0.40263381600379944
12,0.9757319092750549,0.07023096829652786,0.001,0.7038400769233704,1.7507479190826416
13,0.9705315828323364,0.08464853465557098,0.001,0.7243555784225464,1.2608104944229126
14,0.9784283638000488,0.059599101543426514,0.001,0.7785376310348511,1.0303317308425903
15,0.9778505563735962,0.0671621561050415,0.001,0.7769594788551331,1.0958365201950073
16,0.982280433177948,0.05629371851682663,0.001,0.7148869037628174,1.5551823377609253
17,0.9865177273750305,0.04856853559613228,0.001,0.8611257076263428,0.5041945576667786
18,0.9791987538337708,0.07324367761611938,0.001,0.6754339933395386,1.4205678701400757
19,0.9834360480308533,0.05138386785984039,0.001,0.8264071345329285,0.7702234983444214
20,0.9853621125221252,0.04717449098825455,0.001,0.7096264958381653,1.231061339378357
21,0.9895994067192078,0.03610346093773842,0.001,0.7480273246765137,1.640836238861084
22,0.9909476041793823,0.02803647518157959,0.001,0.74539715051651,1.8949977159500122
23,0.9886363744735718,0.03968426585197449,0.001,0.7958968877792358,1.061920404434204
24,0.9940292835235596,0.021180886775255203,0.001,0.8358758687973022,0.9938575029373169
25,0.990562379360199,0.029391108080744743,0.001,0.5786428451538086,3.212327003479004
26,0.9926810264587402,0.026811059564352036,0.001,0.6985796689987183,2.2194619178771973
27,0.9953774809837341,0.015896063297986984,0.0003,0.8243029713630676,0.8651440143585205
28,0.9934514760971069,0.019455546513199806,0.0003,0.8143082857131958,0.9933993220329285
29,0.9971109628677368,0.009334029629826546,0.0003,0.8111520409584045,0.9604201912879944
30,0.9976887702941895,0.00952969677746296,0.0003,0.7748553156852722,1.3082332611083984
31,0.9971109628677368,0.010938810184597969,0.0003,0.8001052141189575,1.1325321197509766
32,0.9976887702941895,0.013740231283009052,0.0003,0.8100999593734741,1.254106879234314
33,0.9947996735572815,0.013969045132398605,0.0003,0.8148342967033386,1.0133030414581299
34,0.9953774809837341,0.015871267765760422,0.0003,0.7680168151855469,1.461304783821106
35,0.9973035454750061,0.014175781980156898,0.0003,0.7880063056945801,1.177001953125
36,0.9973035454750061,0.009795832447707653,0.0003,0.7748553156852722,1.3792946338653564
37,0.9959552884101868,0.018071308732032776,0.0003,0.8032614588737488,0.9132987260818481
38,0.9973035454750061,0.011656422168016434,0.0003,0.7790636420249939,1.3840487003326416
39,0.9940292835235596,0.0233539380133152,0.0003,0.8784850239753723,0.48820924758911133
40,0.9953774809837341,0.016359176486730576,0.0003,0.8179905414581299,1.0429058074951172
41,0.9965331554412842,0.011867258697748184,0.0003,0.8227248787879944,0.8968492150306702
42,0.998073935508728,0.006975254975259304,9e-05,0.8285112977027893,0.9631807804107666
43,0.9982665777206421,0.007585146930068731,9e-05,0.8469226956367493,0.8667672276496887
44,0.9982665777206421,0.00839238241314888,9e-05,0.823250949382782,0.9262186884880066
45,0.998073935508728,0.0076973470859229565,9e-05,0.804839551448822,1.0018465518951416
46,0.9986517429351807,0.0079567339271307,9e-05,0.7964229583740234,1.056840419769287
47,0.9988443851470947,0.005237204488366842,9e-05,0.8011572957038879,1.1525914669036865
48,0.9982665777206421,0.0063654035329818726,9e-05,0.7890583872795105,1.2248917818069458
49,0.9986517429351807,0.005367927718907595,9e-05,0.8001052141189575,1.1002709865570068
