epoch,accuracy,loss,lr,val_accuracy,val_loss
0,0.8513097167015076,0.3682468831539154,0.001,0.2582851052284241,6.036286354064941
1,0.9158320426940918,0.2434970587491989,0.001,0.26670172810554504,5.071940898895264
2,0.928158700466156,0.20181982219219208,0.001,0.6770120859146118,3.27901029586792
3,0.9358628392219543,0.17307507991790771,0.001,0.7275118231773376,0.8172052502632141
4,0.9564715027809143,0.13042491674423218,0.001,0.654392421245575,1.273450255393982
5,0.9483821392059326,0.14631995558738708,0.001,0.6291425824165344,0.9372642040252686
6,0.946841299533844,0.16931691765785217,0.001,0.7574960589408875,1.2455744743347168
7,0.9597457647323608,0.11316089332103729,0.001,0.6564965844154358,0.9015281796455383
8,0.9722650051116943,0.07724439352750778,0.001,0.7538138031959534,0.8728699684143066
9,0.9776579141616821,0.05916152894496918,0.001,0.7511835694313049,0.9120927453041077
10,0.9809321761131287,0.051474571228027344,0.001,0.756443977355957,0.865626871585846
11,0.9695685505867004,0.0916822999715805,0.001,0.7480273246765137,1.1617631912231445
12,0.9817026257514954,0.052515290677547455,0.001,0.7443450689315796,0.9110686779022217
13,0.9815100431442261,0.053667712956666946,0.001,0.7811678051948547,1.139794111251831
14,0.983243465423584,0.04891720786690712,0.001,0.713834822177887,1.610253930091858
15,0.9807395935058594,0.05768817290663719,0.001,0.6670173406600952,2.0360918045043945
16,0.9847843050956726,0.0511004738509655,0.001,0.7617043852806091,1.6053497791290283
17,0.9882511496543884,0.04627589136362076,0.001,0.7922146320343018,1.3629584312438965
18,0.9909476041793823,0.030580973252654076,0.001,0.6975275874137878,2.8131470680236816
19,0.9940292835235596,0.02415165863931179,0.0003,0.7738032341003418,1.456873893737793
20,0.9946070909500122,0.020212460309267044,0.0003,0.5539190173149109,4.66746187210083
21,0.9936440587043762,0.022755514830350876,0.0003,0.8553392887115479,0.9522231817245483
22,0.9971109628677368,0.012557332403957844,0.0003,0.7701209783554077,1.953436017036438
23,0.9978813529014587,0.009939120151102543,0.0003,0.7832719683647156,1.4552079439163208
24,0.9963405132293701,0.01709536835551262,0.0003,0.7859021425247192,1.423341989517212
25,0.9971109628677368,0.010475654155015945,0.0003,0.8337717056274414,0.9347873330116272
26,0.9969183206558228,0.011045733466744423,0.0003,0.7764334678649902,1.638335108757019
27,0.9955701231956482,0.014509198255836964,0.0003,0.7559179663658142,2.4659790992736816
28,0.9976887702941895,0.009536780416965485,0.0003,0.773277223110199,1.6755729913711548
29,0.9967257380485535,0.011462663300335407,0.0003,0.8269332051277161,1.264500379562378
30,0.9967257380485535,0.011468359269201756,0.0003,0.7895844578742981,1.3866429328918457
31,0.9976887702941895,0.0071084164083004,0.0003,0.8479747772216797,1.0422548055648804
32,0.9973035454750061,0.014521537348628044,0.0003,0.7727512121200562,1.7287883758544922
33,0.9978813529014587,0.009234899654984474,0.0003,0.7874802947044373,1.4159371852874756
34,0.9984591603279114,0.006455646362155676,9e-05,0.8453445434570312,0.8984647393226624
35,0.998073935508728,0.005347156897187233,9e-05,0.8074697256088257,1.2006003856658936
36,0.9976887702941895,0.007354521658271551,9e-05,0.7969489693641663,1.1677637100219727
37,0.9982665777206421,0.0056807431392371655,9e-05,0.823250949382782,1.221948266029358
38,0.9988443851470947,0.004653692711144686,9e-05,0.7885323762893677,1.5885967016220093
39,0.9988443851470947,0.004934778902679682,9e-05,0.8116780519485474,1.1323837041854858
40,0.9982665777206421,0.006362546235322952,9e-05,0.7680168151855469,1.4689403772354126
41,0.9994221925735474,0.005099604371935129,9e-05,0.8174644708633423,1.0596890449523926
42,0.9984591603279114,0.00489033805206418,9e-05,0.7964229583740234,1.2326488494873047
43,0.9978813529014587,0.010884937830269337,9e-05,0.782745897769928,1.6689860820770264
44,0.9976887702941895,0.0077475919388234615,9e-05,0.8037874698638916,1.181783676147461
45,0.9984591603279114,0.005486019887030125,9e-05,0.8006312251091003,1.0935090780258179
46,0.9984591603279114,0.004501254763454199,9e-05,0.8079957962036133,1.102851152420044
47,0.998073935508728,0.005533066112548113,9e-05,0.8258811235427856,1.2473560571670532
48,0.9974961280822754,0.006620914675295353,9e-05,0.8442924618721008,1.0559717416763306
49,0.9992296099662781,0.0036802985705435276,2.7e-05,0.832719624042511,1.0668286085128784
