epoch,accuracy,loss,lr,val_accuracy,val_loss
0,0.8449537754058838,0.3908834457397461,0.001,0.40452393889427185,2.624927043914795
1,0.910439133644104,0.23746545612812042,0.001,0.2898474633693695,5.173605918884277
2,0.9239214062690735,0.1955772191286087,0.001,0.6670173406600952,1.544654130935669
3,0.929121732711792,0.20207394659519196,0.001,0.6491320133209229,2.389819860458374
4,0.9447226524353027,0.14878858625888824,0.001,0.6091530919075012,1.1383819580078125
5,0.946841299533844,0.1466209888458252,0.001,0.7880063056945801,0.7775346040725708
6,0.9499229788780212,0.1358233541250229,0.001,0.7069963216781616,1.0584759712219238
7,0.956086277961731,0.13362553715705872,0.001,0.5565491914749146,2.5936965942382812
8,0.9599383473396301,0.11833567917346954,0.001,0.5097317099571228,3.425567626953125
9,0.9666795134544373,0.10388773679733276,0.001,0.658074676990509,1.3898619413375854
10,0.9687981605529785,0.09673634171485901,0.001,0.5433982014656067,2.3607165813446045
11,0.9778505563735962,0.0670640617609024,0.001,0.7943187952041626,0.9083585739135742
12,0.9734206199645996,0.08509349077939987,0.001,0.8148342967033386,0.5069818496704102
13,0.9817026257514954,0.04893854260444641,0.001,0.7322461605072021,1.3074548244476318
14,0.973805844783783,0.07792553305625916,0.001,0.7122567296028137,0.97311931848526
15,0.9778505563735962,0.07461576908826828,0.001,0.7059442400932312,1.3055610656738281
16,0.9849768877029419,0.04757082462310791,0.001,0.7417148947715759,0.827155351638794
17,0.983243465423584,0.04965367540717125,0.001,0.8290373682975769,0.8994368314743042
18,0.9765022993087769,0.07565545290708542,0.001,0.6954234838485718,1.403186321258545
19,0.9880585670471191,0.04355119168758392,0.001,0.7101525664329529,1.698209285736084
20,0.9867103099822998,0.04601169750094414,0.001,0.7091004848480225,1.2222082614898682
21,0.9815100431442261,0.05680011957883835,0.001,0.6838505864143372,2.0478451251983643
22,0.9861325025558472,0.03898565471172333,0.001,0.6696475744247437,2.0926156044006348
23,0.9936440587043762,0.021138008683919907,0.0003,0.767490804195404,1.193239450454712
24,0.9940292835235596,0.020485373213887215,0.0003,0.7422409057617188,1.2151391506195068
25,0.9957627058029175,0.013870788738131523,0.0003,0.7406628131866455,1.7127107381820679
26,0.9967257380485535,0.0133235277608037,0.0003,0.7764334678649902,1.185312271118164
27,0.9955701231956482,0.013239333406090736,0.0003,0.7906364798545837,0.8142127990722656
28,0.9963405132293701,0.012949277646839619,0.0003,0.7880063056945801,1.0423848628997803
29,0.9959552884101868,0.013018152676522732,0.0003,0.7348763942718506,1.9497243165969849
30,0.9961479306221008,0.011020212434232235,0.0003,0.7759073972702026,1.4541265964508057
31,0.9961479306221008,0.015054257586598396,0.0003,0.7380326390266418,1.4913796186447144
32,0.9955701231956482,0.014096067287027836,0.0003,0.734350323677063,1.5045106410980225
33,0.9974961280822754,0.010699826292693615,9e-05,0.7764334678649902,1.1753654479980469
34,0.9974961280822754,0.0077906264923512936,9e-05,0.7774855494499207,1.230818748474121
35,0.9976887702941895,0.00805642455816269,9e-05,0.7553918957710266,1.5981762409210205
36,0.9978813529014587,0.00852096825838089,9e-05,0.7269858121871948,1.8305368423461914
37,0.9969183206558228,0.012189209461212158,9e-05,0.8169384598731995,0.9879927635192871
38,0.9974961280822754,0.008148359134793282,9e-05,0.7874802947044373,1.009852409362793
39,0.9982665777206421,0.005192519165575504,9e-05,0.765912652015686,1.2572184801101685
40,0.9986517429351807,0.004475296940654516,9e-05,0.7885323762893677,1.0818870067596436
41,0.999036967754364,0.005178396124392748,9e-05,0.7806417942047119,1.321951150894165
42,0.9976887702941895,0.007493298966437578,9e-05,0.7837979793548584,1.2520322799682617
43,0.998073935508728,0.0066922251135110855,2.7e-05,0.7816938161849976,1.2394039630889893
44,0.9988443851470947,0.008540520444512367,2.7e-05,0.782745897769928,1.3060815334320068
45,0.9984591603279114,0.004238412715494633,2.7e-05,0.7764334678649902,1.429068922996521
46,0.9984591603279114,0.006263730116188526,2.7e-05,0.7837979793548584,1.3672988414764404
47,0.9982665777206421,0.007976841181516647,2.7e-05,0.7785376310348511,1.4249902963638306
48,0.9986517429351807,0.0048645539209246635,2.7e-05,0.7769594788551331,1.4625136852264404
49,0.999036967754364,0.004429513122886419,2.7e-05,0.7832719683647156,1.407071828842163
