epoch,accuracy,loss,lr,val_accuracy,val_loss
0,0.8593990802764893,0.373953253030777,0.001,0.2582851052284241,5.387827396392822
1,0.9166024923324585,0.22705481946468353,0.001,0.27669647336006165,6.553321361541748
2,0.9335516095161438,0.18956273794174194,0.001,0.40557602047920227,3.003830671310425
3,0.9350924491882324,0.17461097240447998,0.001,0.6838505864143372,0.794804573059082
4,0.9495377540588379,0.13643987476825714,0.001,0.8027353882789612,0.4681066572666168
5,0.955123245716095,0.1280781626701355,0.001,0.5728563666343689,1.9537090063095093
6,0.9662942886352539,0.0930638387799263,0.001,0.8027353882789612,0.7828483581542969
7,0.9620569944381714,0.10843043774366379,0.001,0.8016833066940308,0.6821662187576294
8,0.9726502299308777,0.07951424270868301,0.001,0.7217254042625427,1.3520115613937378
9,0.9558936953544617,0.13219694793224335,0.001,0.6133614182472229,3.2685294151306152
10,0.9506933689117432,0.13021907210350037,0.001,0.4318779706954956,3.495619058609009
11,0.9691833853721619,0.09147157520055771,0.001,0.793792724609375,0.7043569684028625
12,0.974768877029419,0.07536684721708298,0.001,0.665439248085022,1.4814530611038208
13,0.9684129357337952,0.09769011288881302,0.001,0.8001052141189575,0.7766573429107666
14,0.9759244918823242,0.06999851763248444,0.001,0.6917411684989929,1.415876865386963
15,0.9836286306381226,0.04850641265511513,0.001,0.7680168151855469,1.3030054569244385
16,0.982280433177948,0.056381676346063614,0.001,0.7411888241767883,1.377049207687378
17,0.9849768877029419,0.04849092662334442,0.001,0.7422409057617188,1.5963106155395508
18,0.9807395935058594,0.061525870114564896,0.001,0.8542872071266174,0.5709406137466431
19,0.9880585670471191,0.04529096186161041,0.001,0.6138874292373657,4.375030994415283
20,0.9921032190322876,0.02747870422899723,0.0003,0.8148342967033386,0.9283897876739502
21,0.9944145083427429,0.020316753536462784,0.0003,0.7596002221107483,1.2751984596252441
22,0.9953774809837341,0.02091829665005207,0.0003,0.8237769603729248,1.2578222751617432
23,0.9951848983764648,0.018284369260072708,0.0003,0.8332456350326538,1.1072125434875488
24,0.9955701231956482,0.01774957776069641,0.0003,0.7711730599403381,1.4790655374526978
25,0.9947996735572815,0.020176460966467857,0.0003,0.7948448061943054,1.3655399084091187
26,0.9938367009162903,0.016799401491880417,0.0003,0.854813277721405,0.6790937185287476
27,0.9967257380485535,0.012049965560436249,0.0003,0.8400841951370239,0.9763177037239075
28,0.9947996735572815,0.019261447712779045,0.0003,0.8206207156181335,0.9779303669929504
29,0.9963405132293701,0.014014177955687046,0.0003,0.7759073972702026,1.6384419202804565
30,0.9953774809837341,0.015371403656899929,0.0003,0.7611783146858215,1.5163428783416748
31,0.9976887702941895,0.01019084732979536,0.0003,0.7990531325340271,1.1847347021102905
32,0.9971109628677368,0.012636390514671803,0.0003,0.8227248787879944,1.263985276222229
33,0.9965331554412842,0.009478241205215454,0.0003,0.8085218071937561,1.8431470394134521
34,0.9963405132293701,0.012907135300338268,0.0003,0.8321935534477234,1.0176033973693848
35,0.9976887702941895,0.0073989867232739925,9e-05,0.8306154608726501,1.151081919670105
36,0.9965331554412842,0.00877219345420599,9e-05,0.8079957962036133,1.191920518875122
37,0.998073935508728,0.008534655906260014,9e-05,0.7890583872795105,1.370341420173645
38,0.9986517429351807,0.006381765939295292,9e-05,0.7948448061943054,1.5008999109268188
39,0.998073935508728,0.007982872426509857,9e-05,0.8316675424575806,0.9377702474594116
40,0.9978813529014587,0.00829258468002081,9e-05,0.7964229583740234,1.350093960762024
41,0.9984591603279114,0.0059614828787744045,9e-05,0.8348237872123718,1.2222766876220703
42,0.998073935508728,0.006947651971131563,9e-05,0.8290373682975769,1.008987545967102
43,0.9976887702941895,0.007563430815935135,9e-05,0.7748553156852722,1.7184641361236572
44,0.9969183206558228,0.010289086028933525,9e-05,0.812204122543335,1.4956862926483154
45,0.9978813529014587,0.007560561876744032,9e-05,0.8132562041282654,1.4843939542770386
46,0.998073935508728,0.007785246707499027,9e-05,0.8227248787879944,1.6202977895736694
47,0.9982665777206421,0.0067719207145273685,9e-05,0.823250949382782,1.3900800943374634
48,0.999036967754364,0.0039697675965726376,9e-05,0.8295633792877197,1.0809167623519897
49,0.9984591603279114,0.0058991871774196625,9e-05,0.8058916330337524,1.3828448057174683
