epoch,accuracy,loss,lr,val_accuracy,val_loss
0,0.8330123424530029,0.4412027895450592,0.001,0.3287743330001831,5.470635890960693
1,0.9050462245941162,0.2583942413330078,0.001,0.32140979170799255,10.310783386230469
2,0.9258474707603455,0.20858155190944672,0.001,0.42924776673316956,7.200559616088867
3,0.9495377540588379,0.13802547752857208,0.001,0.617043673992157,1.9211969375610352
4,0.9485747218132019,0.14922302961349487,0.001,0.7785376310348511,0.6698389053344727
5,0.9539676308631897,0.13166357576847076,0.001,0.7727512121200562,0.6102845072746277
6,0.9607087969779968,0.11329278349876404,0.001,0.6712256669998169,1.3187671899795532
7,0.9628274440765381,0.10614798963069916,0.001,0.5412940382957458,4.129815578460693
8,0.9599383473396301,0.11753018945455551,0.001,0.5386638641357422,2.2999846935272217
9,0.9753466844558716,0.07392795383930206,0.001,0.8721725344657898,0.5806285738945007
10,0.9734206199645996,0.09143602848052979,0.001,0.717517077922821,1.1628514528274536
11,0.9776579141616821,0.07403866946697235,0.001,0.8058916330337524,0.8522865772247314
12,0.9809321761131287,0.06281307339668274,0.001,0.7280378937721252,1.2840580940246582
13,0.9830508232116699,0.05577690899372101,0.001,0.8027353882789612,1.0239143371582031
14,0.9836286306381226,0.06098993122577667,0.001,0.8237769603729248,0.6327126622200012
15,0.9797765612602234,0.07182629406452179,0.001,0.5218306183815002,6.043473720550537
16,0.9749614596366882,0.06769677251577377,0.001,0.7112046480178833,1.913974642753601
17,0.98420649766922,0.04686228185892105,0.001,0.8453445434570312,0.8424463868141174
18,0.9614791870117188,0.12604138255119324,0.001,0.6112572550773621,2.4109373092651367
19,0.9857472777366638,0.05017157271504402,0.001,0.8164123892784119,0.892848551273346
20,0.9818952083587646,0.05966166406869888,0.001,0.7701209783554077,1.6653437614440918
21,0.9847843050956726,0.04881085827946663,0.001,0.76380854845047,1.5836282968521118
22,0.9901772141456604,0.029951339587569237,0.001,0.6428195834159851,1.9140735864639282
23,0.9872881174087524,0.043170418590307236,0.001,0.8179905414581299,0.8775036931037903
24,0.9855546951293945,0.043043460696935654,0.001,0.7122567296028137,2.018270492553711
25,0.9961479306221008,0.018742183223366737,0.0003,0.7553918957710266,1.5740139484405518
26,0.9973035454750061,0.01163386832922697,0.0003,0.7727512121200562,1.4586204290390015
27,0.9949923157691956,0.01908157952129841,0.0003,0.7980010509490967,1.4509180784225464
28,0.9969183206558228,0.012842638418078423,0.0003,0.7722251415252686,1.5013916492462158
29,0.9965331554412842,0.01102045364677906,0.0003,0.7611783146858215,1.650274395942688
30,0.9963405132293701,0.01184274535626173,0.0003,0.7895844578742981,1.2844574451446533
31,0.9963405132293701,0.010642308741807938,0.0003,0.8011572957038879,1.3071082830429077
32,0.9959552884101868,0.015921544283628464,0.0003,0.7711730599403381,1.3985406160354614
33,0.9974961280822754,0.008158075623214245,0.0003,0.7785376310348511,1.4405704736709595
34,0.9974961280822754,0.011200916953384876,0.0003,0.7648605704307556,1.8480936288833618
35,0.9951848983764648,0.01621563546359539,0.0003,0.7853761315345764,1.6117078065872192
36,0.9976887702941895,0.007784558460116386,0.0003,0.7238295674324036,1.9436267614364624
37,0.9971109628677368,0.009082387201488018,0.0003,0.7380326390266418,1.5999559164047241
38,0.9971109628677368,0.013182276859879494,0.0003,0.7785376310348511,1.6189850568771362
39,0.9961479306221008,0.01866935007274151,0.0003,0.6938453316688538,3.1619303226470947
40,0.9953774809837341,0.017497923225164413,9e-05,0.7848500609397888,1.2741320133209229
41,0.9976887702941895,0.007791626267135143,9e-05,0.7806417942047119,1.4644155502319336
42,0.9974961280822754,0.009276246652007103,9e-05,0.7774855494499207,1.7206065654754639
43,0.9974961280822754,0.010120570659637451,9e-05,0.7780115604400635,1.7035804986953735
44,0.9984591603279114,0.007683733943849802,9e-05,0.7837979793548584,1.5224149227142334
45,0.9988443851470947,0.005376329645514488,9e-05,0.7585481405258179,1.8792388439178467
46,0.998073935508728,0.007410635706037283,9e-05,0.7759073972702026,1.7701702117919922
47,0.9984591603279114,0.006069494411349297,9e-05,0.767490804195404,1.9960871934890747
48,0.9969183206558228,0.011834348551928997,9e-05,0.7632824778556824,2.032999277114868
49,0.998073935508728,0.004916285164654255,9e-05,0.7832719683647156,1.6812787055969238
