epoch,accuracy,loss,lr,val_accuracy,val_loss
0,0.8305084705352783,0.42755699157714844,0.001,0.30194634199142456,2.701327323913574
1,0.9088982939720154,0.2739006280899048,0.001,0.3961073160171509,5.275687217712402
2,0.9073574542999268,0.26921600103378296,0.001,0.6712256669998169,2.268069267272949
3,0.9231510162353516,0.21749000251293182,0.001,0.6133614182472229,1.6442536115646362
4,0.9350924491882324,0.19022904336452484,0.001,0.60599684715271,1.2113147974014282
5,0.9335516095161438,0.177336186170578,0.001,0.7548658847808838,0.7204601764678955
6,0.9541602730751038,0.1397363394498825,0.001,0.5507627725601196,1.167330026626587
7,0.9582049250602722,0.11162927001714706,0.001,0.7143608331680298,1.1249881982803345
8,0.9601309895515442,0.11768398433923721,0.001,0.609679102897644,2.420755624771118
9,0.973998486995697,0.08207885175943375,0.001,0.6680694222450256,1.2394565343856812
10,0.9788135886192322,0.07518713921308517,0.001,0.7748553156852722,0.9442077875137329
11,0.973998486995697,0.0765448659658432,0.001,0.7148869037628174,1.169140100479126
12,0.9784283638000488,0.06776250153779984,0.001,0.6607049107551575,1.6125249862670898
13,0.9807395935058594,0.05528818070888519,0.001,0.7711730599403381,1.1680887937545776
14,0.9786209464073181,0.07451663166284561,0.001,0.6507101655006409,1.716458797454834
15,0.9824730157852173,0.057563941925764084,0.001,0.7006838321685791,1.091933250427246
16,0.9815100431442261,0.06474624574184418,0.001,0.7753813862800598,1.1055145263671875
17,0.9857472777366638,0.048476818948984146,0.001,0.615465521812439,3.200727701187134
18,0.9857472777366638,0.052304934710264206,0.001,0.6912151575088501,2.1978530883789062
19,0.9836286306381226,0.05214812979102135,0.001,0.6438716650009155,1.8151029348373413
20,0.9855546951293945,0.05930790305137634,0.001,0.7543398141860962,1.2383379936218262
21,0.9926810264587402,0.02676987648010254,0.0003,0.7669647336006165,1.0495785474777222
22,0.9947996735572815,0.019516993314027786,0.0003,0.7690688967704773,1.3295512199401855
23,0.9963405132293701,0.019042931497097015,0.0003,0.773277223110199,1.3786035776138306
24,0.9969183206558228,0.013586227782070637,0.0003,0.7517096400260925,1.4346232414245605
25,0.9957627058029175,0.015361777506768703,0.0003,0.7790636420249939,1.350286841392517
26,0.9951848983764648,0.01545650977641344,0.0003,0.7664387226104736,1.460157036781311
27,0.9955701231956482,0.015373650006949902,0.0003,0.7995791435241699,1.284824252128601
28,0.9971109628677368,0.009872791357338428,0.0003,0.8295633792877197,0.7468610405921936
29,0.9959552884101868,0.01668751798570156,0.0003,0.6217780113220215,3.120312213897705
30,0.9936440587043762,0.01850087381899357,0.0003,0.8116780519485474,0.7548567056655884
31,0.9953774809837341,0.020066630095243454,0.0003,0.8106259703636169,1.1753190755844116
32,0.9969183206558228,0.011756171472370625,0.0003,0.7701209783554077,1.6057006120681763
33,0.9955701231956482,0.01604771800339222,0.0003,0.7759073972702026,1.3266973495483398
34,0.9967257380485535,0.014058359898626804,0.0003,0.8127301335334778,1.20160710811615
35,0.9965331554412842,0.01268430519849062,0.0003,0.7632824778556824,2.0084657669067383
36,0.9978813529014587,0.007176922168582678,9e-05,0.7664387226104736,1.7959462404251099
37,0.998073935508728,0.010015364736318588,9e-05,0.7990531325340271,0.9957073926925659
38,0.9986517429351807,0.0047608306631445885,9e-05,0.8069437146186829,1.19290030002594
39,0.9988443851470947,0.0042679812759160995,9e-05,0.7932667136192322,1.3497700691223145
40,0.998073935508728,0.005477202590554953,9e-05,0.7985270619392395,1.3738162517547607
41,0.9992296099662781,0.005609259009361267,9e-05,0.7958968877792358,1.2791837453842163
42,0.9982665777206421,0.005255052819848061,9e-05,0.7859021425247192,1.321286916732788
43,0.999036967754364,0.003901429008692503,9e-05,0.7695949673652649,1.5553042888641357
44,0.999036967754364,0.004396494943648577,9e-05,0.7748553156852722,1.4653570652008057
45,0.9992296099662781,0.004263333976268768,9e-05,0.7690688967704773,1.715075135231018
46,0.998073935508728,0.006256286986172199,9e-05,0.7853761315345764,1.3457818031311035
47,0.998073935508728,0.008015411905944347,9e-05,0.8027353882789612,1.179304838180542
48,0.9976887702941895,0.00831014197319746,9e-05,0.7811678051948547,1.6277813911437988
49,0.9992296099662781,0.0034642405807971954,9e-05,0.7848500609397888,1.573333740234375
