epoch,accuracy,loss,lr,val_accuracy,val_loss
0,0.8474576473236084,0.39817237854003906,0.001,0.2582851052284241,10.448905944824219
1,0.891756534576416,0.30110952258110046,0.001,0.5807469487190247,1.701690435409546
2,0.9341294169425964,0.17568263411521912,0.001,0.6901630759239197,1.5491985082626343
3,0.945878267288208,0.14499333500862122,0.001,0.7543398141860962,0.6530394554138184
4,0.9593605399131775,0.1297374963760376,0.001,0.6891109943389893,1.0440627336502075
5,0.9518489837646484,0.14478537440299988,0.001,0.706470251083374,0.6580184698104858
6,0.9616718292236328,0.11628356575965881,0.001,0.6633350849151611,1.1411911249160767
7,0.9718798398971558,0.08667662739753723,0.001,0.7874802947044373,0.8593057990074158
8,0.9784283638000488,0.06849176436662674,0.001,0.735928475856781,1.7156606912612915
9,0.9809321761131287,0.0673861876130104,0.001,0.7596002221107483,1.6359986066818237
10,0.9838212728500366,0.04986556991934776,0.001,0.7859021425247192,0.6990948915481567
11,0.9851694703102112,0.050317056477069855,0.001,0.8479747772216797,1.0226916074752808
12,0.9853621125221252,0.043167952448129654,0.001,0.7401367425918579,1.4067672491073608
13,0.9863251447677612,0.04537814110517502,0.001,0.7480273246765137,1.589247226715088
14,0.9870955348014832,0.04312915354967117,0.001,0.7943187952041626,1.1231026649475098
15,0.9865177273750305,0.04524274542927742,0.001,0.3477117419242859,11.365607261657715
16,0.983243465423584,0.06782282888889313,0.001,0.7574960589408875,1.2123675346374512
17,0.9882511496543884,0.050058960914611816,0.001,0.5697001814842224,5.565287113189697
18,0.9795839786529541,0.06574821472167969,0.001,0.8979484438896179,0.46670788526535034
19,0.9888289570808411,0.040971193462610245,0.001,0.8390321135520935,0.7828274369239807
20,0.9909476041793823,0.03785291314125061,0.001,0.6591267585754395,1.5456278324127197
21,0.9922958612442017,0.03037063591182232,0.001,0.8027353882789612,0.858389139175415
22,0.9919106364250183,0.035380516201257706,0.001,0.8500788807868958,0.6378301382064819
23,0.9919106364250183,0.027618976309895515,0.001,0.6391372680664062,2.6116156578063965
24,0.9911401867866516,0.034944262355566025,0.001,0.8143082857131958,0.8539308309555054
25,0.990755021572113,0.029532842338085175,0.001,0.8637559413909912,0.7170273661613464
26,0.9928736686706543,0.023719150573015213,0.001,0.8006312251091003,1.1236082315444946
27,0.9947996735572815,0.014123880304396152,0.001,0.7853761315345764,1.2186741828918457
28,0.9940292835235596,0.024247534573078156,0.001,0.7680168151855469,1.5011937618255615
29,0.991718053817749,0.030409855768084526,0.001,0.7538138031959534,1.2118736505508423
30,0.9953774809837341,0.023443719372153282,0.001,0.8169384598731995,0.7678394913673401
31,0.9919106364250183,0.03181903809309006,0.001,0.6633350849151611,2.116992235183716
32,0.9934514760971069,0.026836523786187172,0.001,0.8358758687973022,0.4244426190853119
33,0.9926810264587402,0.024561651051044464,0.001,0.9253024458885193,0.38972747325897217
34,0.9938367009162903,0.019439226016402245,0.001,0.746975302696228,0.9867998957633972
35,0.9928736686706543,0.022782664746046066,0.001,0.7811678051948547,1.151551604270935
36,0.9857472777366638,0.052139487117528915,0.001,0.5654918551445007,4.976297855377197
37,0.991525411605835,0.035681553184986115,0.001,0.8427143692970276,0.6965221762657166
38,0.9971109628677368,0.01293880958110094,0.001,0.8306154608726501,1.0145546197891235
39,0.9965331554412842,0.012144051492214203,0.001,0.8369279503822327,1.3504934310913086
40,0.990755021572113,0.04080294445157051,0.001,0.7990531325340271,1.066632866859436
41,0.9955701231956482,0.015650968998670578,0.001,0.8679642081260681,1.1168830394744873
42,0.9976887702941895,0.011305145919322968,0.001,0.8342977166175842,1.9416042566299438
43,0.9973035454750061,0.009619627147912979,0.001,0.7243555784225464,3.9780914783477783
44,0.9932588338851929,0.02365945838391781,0.001,0.8321935534477234,1.5763652324676514
45,0.9911401867866516,0.03742259368300438,0.001,0.7574960589408875,3.0155086517333984
46,0.9957627058029175,0.013490640558302402,0.001,0.812204122543335,1.2637739181518555
47,0.9973035454750061,0.010611183941364288,0.001,0.7690688967704773,1.953015923500061
48,0.9936440587043762,0.02390657365322113,0.001,0.8174644708633423,0.8512375354766846
49,0.9974961280822754,0.008702055551111698,0.0003,0.8605996966362,0.5944037437438965
