epoch,accuracy,loss,lr,val_accuracy,val_loss
0,0.8152927756309509,0.5079799294471741,0.001,0.42872172594070435,3.680490016937256
1,0.8919491767883301,0.29836711287498474,0.001,0.3587585389614105,5.780771732330322
2,0.8940678238868713,0.320887953042984,0.001,0.6470279097557068,3.240833282470703
3,0.9146764278411865,0.23290136456489563,0.001,0.6470279097557068,1.3208484649658203
4,0.9239214062690735,0.2231874167919159,0.001,0.6906890869140625,0.8813391327857971
5,0.9339368343353271,0.19867408275604248,0.001,0.5228826999664307,1.9084296226501465
6,0.9414483904838562,0.1620279848575592,0.001,0.6991057395935059,0.924030065536499
7,0.9505007863044739,0.14182507991790771,0.001,0.5875855088233948,1.6899399757385254
8,0.9503081440925598,0.1367715448141098,0.001,0.723303496837616,1.0054818391799927
9,0.9557010531425476,0.12286073714494705,0.001,0.7601262331008911,0.925912618637085
10,0.9530045986175537,0.12548841536045074,0.001,0.6570225954055786,1.1171808242797852
11,0.9678351283073425,0.08696256577968597,0.001,0.658074676990509,2.5813255310058594
12,0.9582049250602722,0.11020825058221817,0.001,0.6564965844154358,2.68005633354187
13,0.9420261979103088,0.20905479788780212,0.001,0.4960547089576721,3.8735835552215576
14,0.954352855682373,0.12955200672149658,0.001,0.7354024052619934,1.0232659578323364
15,0.9695685505867004,0.09173138439655304,0.001,0.762230396270752,1.015571117401123
16,0.9661017060279846,0.09387528896331787,0.001,0.7585481405258179,1.3669456243515015
17,0.9786209464073181,0.07298149168491364,0.001,0.7264597415924072,1.0546056032180786
18,0.9809321761131287,0.06592143326997757,0.001,0.6917411684989929,0.952640175819397
19,0.9820878505706787,0.05987347662448883,0.001,0.6696475744247437,2.0498886108398438
20,0.9888289570808411,0.03584951534867287,0.0003,0.7669647336006165,1.2117820978164673
21,0.990562379360199,0.03164886310696602,0.0003,0.7548658847808838,0.9812790155410767
22,0.9919106364250183,0.03519061207771301,0.0003,0.7522356510162354,1.1148509979248047
23,0.9913328289985657,0.03002641722559929,0.0003,0.7553918957710266,1.44176185131073
24,0.9949923157691956,0.017548248171806335,0.0003,0.7506575584411621,1.6290825605392456
25,0.9874807596206665,0.04385866969823837,0.0003,0.8106259703636169,1.1534885168075562
26,0.990562379360199,0.029942814260721207,0.0003,0.8106259703636169,1.141313076019287
27,0.9809321761131287,0.06221578270196915,0.0003,0.8300894498825073,1.1377054452896118
28,0.9946070909500122,0.01789899915456772,0.0003,0.7958968877792358,1.5914983749389648
29,0.9944145083427429,0.01990845613181591,0.0003,0.8185165524482727,0.7178396582603455
30,0.9919106364250183,0.02572707273066044,0.0003,0.7769594788551331,1.471315860748291
31,0.991525411605835,0.027346955612301826,0.0003,0.8043135404586792,1.2896482944488525
32,0.9934514760971069,0.023436356335878372,0.0003,0.7196212410926819,1.953943133354187
33,0.9926810264587402,0.022527871653437614,0.0003,0.8669121265411377,1.2172327041625977
34,0.9938367009162903,0.02111787162721157,0.0003,0.8074697256088257,1.5362497568130493
35,0.9947996735572815,0.01582467369735241,0.0003,0.7864282131195068,1.4851654767990112
36,0.9934514760971069,0.045428067445755005,0.0003,0.8337717056274414,0.797267496585846
37,0.9932588338851929,0.026754826307296753,0.0003,0.8584955334663391,0.7012444138526917
38,0.9940292835235596,0.021813008934259415,0.0003,0.8511309623718262,1.1454170942306519
39,0.9938367009162903,0.01751212403178215,0.0003,0.7590741515159607,1.8165531158447266
40,0.9949923157691956,0.016069624572992325,0.0003,0.7648605704307556,1.4998606443405151
41,0.9940292835235596,0.0176840890198946,0.0003,0.843766450881958,0.9470062255859375
42,0.9961479306221008,0.017440708354115486,0.0003,0.7785376310348511,1.6254140138626099
43,0.9955701231956482,0.015922976657748222,0.0003,0.8074697256088257,1.2873395681381226
44,0.9965331554412842,0.012522104196250439,0.0003,0.8190426230430603,2.07717227935791
45,0.9936440587043762,0.02699180133640766,0.0003,0.8079957962036133,1.1886893510818481
46,0.991525411605835,0.03008238784968853,0.0003,0.8427143692970276,1.0051484107971191
47,0.9951848983764648,0.017367905005812645,0.0003,0.7075223326683044,1.888724446296692
48,0.9974961280822754,0.011557469144463539,0.0003,0.7259337306022644,2.728236675262451
49,0.998073935508728,0.008265754207968712,0.0003,0.7490794062614441,2.623090982437134
