epoch,accuracy,loss,lr,val_accuracy,val_loss
0,0.8320493102073669,0.5117008090019226,0.001,0.3135192096233368,8.181227684020996
1,0.901001513004303,0.2847636640071869,0.001,0.3419252932071686,13.615593910217285
2,0.9200693368911743,0.22023779153823853,0.001,0.32088375091552734,6.273016452789307
3,0.9397149682044983,0.16844090819358826,0.001,0.64860600233078,1.1253293752670288
4,0.9260400533676147,0.2481686919927597,0.001,0.5102577805519104,13.836044311523438
5,0.9264252781867981,0.2124016135931015,0.001,0.7285639047622681,0.7921546101570129
6,0.9499229788780212,0.1463550329208374,0.001,0.7054182291030884,0.7305601239204407
7,0.9576271176338196,0.13430087268352509,0.001,0.7354024052619934,0.7817202210426331
8,0.9618644118309021,0.11268668621778488,0.001,0.5581272840499878,1.9890520572662354
9,0.9614791870117188,0.10337062180042267,0.001,0.5912677645683289,2.0343775749206543
10,0.9643682837486267,0.10064170509576797,0.001,0.7601262331008911,0.8366576433181763
11,0.9714946150779724,0.08020127564668655,0.001,0.7190952301025391,0.9350056648254395
12,0.9566640853881836,0.13189730048179626,0.001,0.6912151575088501,1.55580735206604
13,0.9689907431602478,0.10103851556777954,0.001,0.6922672390937805,1.2140334844589233
14,0.9674499034881592,0.09089082479476929,0.001,0.7538138031959534,0.9690780639648438
15,0.9391371607780457,0.3018280267715454,0.001,0.41872698068618774,10.899663925170898
16,0.9387519359588623,0.18377435207366943,0.001,0.46764859557151794,2.204474925994873
17,0.9693759679794312,0.10080667585134506,0.001,0.6896370053291321,0.9490063190460205
18,0.9791987538337708,0.06851596385240555,0.001,0.6296685934066772,1.6230229139328003
19,0.9753466844558716,0.07889808714389801,0.001,0.6801683306694031,1.4827059507369995
20,0.9828582406044006,0.052310798317193985,0.001,0.5397159457206726,3.0570435523986816
21,0.9732280373573303,0.10298502445220947,0.001,0.7643345594406128,0.9441144466400146
22,0.981317400932312,0.06671004742383957,0.0003,0.7769594788551331,1.1026610136032104
23,0.9880585670471191,0.03774292767047882,0.0003,0.6465018391609192,2.266964912414551
24,0.9870955348014832,0.045968834310770035,0.0003,0.7769594788551331,1.555134654045105
25,0.9919106364250183,0.027707183733582497,0.0003,0.7580220699310303,1.2492612600326538
26,0.9903697967529297,0.03174841031432152,0.0003,0.8058916330337524,0.9388687014579773
27,0.990562379360199,0.031386785209178925,0.0003,0.7806417942047119,1.396715760231018
28,0.991718053817749,0.026247538626194,0.0003,0.7711730599403381,1.6179808378219604
29,0.9926810264587402,0.025098683312535286,0.0003,0.7422409057617188,1.7057710886001587
30,0.991525411605835,0.03265046700835228,0.0003,0.765912652015686,1.627392053604126
31,0.9874807596206665,0.04050058498978615,0.0003,0.7327722311019897,1.5575529336929321
32,0.9872881174087524,0.052466023713350296,0.0003,0.7385586500167847,1.201997995376587
33,0.991525411605835,0.0324706956744194,0.0003,0.8001052141189575,1.154274821281433
34,0.9928736686706543,0.03198211267590523,0.0003,0.6012625098228455,3.279978036880493
35,0.9870955348014832,0.049388691782951355,0.0003,0.7764334678649902,1.3711832761764526
36,0.9919106364250183,0.029413331300020218,0.0003,0.7837979793548584,1.3538157939910889
37,0.9932588338851929,0.022613996639847755,9e-05,0.8095738887786865,1.1934739351272583
38,0.9938367009162903,0.036209266632795334,9e-05,0.7580220699310303,1.4696165323257446
39,0.9949923157691956,0.018968990072607994,9e-05,0.8106259703636169,1.335447072982788
40,0.9959552884101868,0.015236534178256989,9e-05,0.7722251415252686,1.4913486242294312
41,0.9955701231956482,0.014095328748226166,9e-05,0.7974750399589539,1.4915136098861694
42,0.9963405132293701,0.01442733220756054,9e-05,0.7927406430244446,1.3695091009140015
43,0.9949923157691956,0.015905730426311493,9e-05,0.7958968877792358,1.5922976732254028
44,0.9949923157691956,0.014785023406147957,9e-05,0.8027353882789612,1.6881657838821411
45,0.9973035454750061,0.008337133564054966,9e-05,0.8106259703636169,1.6902008056640625
46,0.9967257380485535,0.009415781125426292,9e-05,0.7974750399589539,1.7445355653762817
47,0.9947996735572815,0.01850278116762638,9e-05,0.7538138031959534,1.8850430250167847
48,0.9963405132293701,0.010874196887016296,9e-05,0.7890583872795105,1.7310796976089478
49,0.9965331554412842,0.011910771951079369,9e-05,0.7943187952041626,1.7199009656906128
