epoch,accuracy,loss,lr,val_accuracy,val_loss
0,0.777927577495575,0.49048012495040894,0.001,0.2162020057439804,6.945932865142822
1,0.8010400533676147,0.4289643466472626,0.001,0.40873223543167114,3.2140305042266846
2,0.7877503633499146,0.38263174891471863,0.001,0.43924251198768616,1.5389978885650635
3,0.8135592937469482,0.3448173701763153,0.001,0.6007364392280579,1.3159247636795044
4,0.8291602730751038,0.32661065459251404,0.001,0.7285639047622681,1.3078886270523071
5,0.8045069575309753,0.37817123532295227,0.001,0.5497106909751892,1.211979866027832
6,0.8314715027809143,0.3493645191192627,0.001,0.6401893496513367,1.438511848449707
7,0.8738443851470947,0.3083442151546478,0.001,0.7443450689315796,0.9587755799293518
8,0.9077426791191101,0.23808345198631287,0.001,0.6822724938392639,1.2093487977981567
9,0.9233435988426208,0.20518530905246735,0.001,0.7611783146858215,0.46705523133277893
10,0.9219954013824463,0.19437001645565033,0.001,0.48711204528808594,2.5656745433807373
11,0.9364407062530518,0.16862918436527252,0.001,0.7438190579414368,0.7597967982292175
12,0.9491525292396545,0.1439904123544693,0.001,0.7354024052619934,0.852800726890564
13,0.9445300698280334,0.1547587364912033,0.001,0.7254076600074768,1.1000094413757324
14,0.9585901498794556,0.11077465862035751,0.001,0.6959494948387146,0.9134103655815125
15,0.9591679573059082,0.11009285598993301,0.001,0.7485533952713013,0.7628178596496582
16,0.9454930424690247,0.1684897541999817,0.001,0.5428721904754639,3.1342904567718506
17,0.9628274440765381,0.11135241389274597,0.001,0.5523408651351929,2.4107000827789307
18,0.9630200266838074,0.10450874269008636,0.001,0.7227774858474731,0.9964677095413208
19,0.9713020324707031,0.08513517677783966,0.001,0.6738558411598206,1.5525338649749756
20,0.9703390002250671,0.0845460370182991,0.001,0.3971593976020813,5.554589748382568
21,0.9726502299308777,0.08261887729167938,0.001,0.7264597415924072,0.8513373136520386
22,0.9732280373573303,0.08551743626594543,0.001,0.7017359137535095,1.5180803537368774
23,0.980354368686676,0.061459023505449295,0.001,0.6706996560096741,1.6723167896270752
24,0.9799692034721375,0.058275606483221054,0.001,0.7106785774230957,1.1929616928100586
25,0.9820878505706787,0.046950872987508774,0.0003,0.7311940789222717,1.0389267206192017
26,0.9869029521942139,0.037027280777692795,0.0003,0.723303496837616,1.687795877456665
27,0.9820878505706787,0.045137371867895126,0.0003,0.6954234838485718,0.9588935971260071
28,0.9882511496543884,0.030698059126734734,0.0003,0.6870068311691284,1.511557936668396
29,0.9888289570808411,0.030453389510512352,0.0003,0.713834822177887,1.851248025894165
30,0.9867103099822998,0.0305417999625206,0.0003,0.6927932500839233,1.1605968475341797
31,0.9921032190322876,0.03143228963017464,0.0003,0.29037347435951233,4.850345134735107
32,0.9838212728500366,0.03928243741393089,0.0003,0.7511835694313049,0.9585278034210205
33,0.9884437322616577,0.033778633922338486,0.0003,0.6801683306694031,1.2095447778701782
34,0.9888289570808411,0.03548136353492737,0.0003,0.7511835694313049,1.127496600151062
35,0.9909476041793823,0.025907907634973526,0.0003,0.674907922744751,1.8504188060760498
36,0.9903697967529297,0.03290961682796478,0.0003,0.8453445434570312,0.8118278384208679
37,0.9921032190322876,0.025594543665647507,0.0003,0.8285112977027893,1.0253305435180664
38,0.9934514760971069,0.024319853633642197,0.0003,0.7538138031959534,1.6459136009216309
39,0.9957627058029175,0.017040004953742027,0.0003,0.6528143286705017,2.38801646232605
40,0.9965331554412842,0.015057179145514965,9e-05,0.7690688967704773,1.361114263534546
41,0.9967257380485535,0.010694485157728195,9e-05,0.7448711395263672,1.4137728214263916
42,0.9963405132293701,0.012505782768130302,9e-05,0.7538138031959534,1.4728825092315674
43,0.9965331554412842,0.010668830946087837,9e-05,0.7790636420249939,1.186058521270752
44,0.9978813529014587,0.00984648335725069,9e-05,0.7459232211112976,1.719376564025879
45,0.9978813529014587,0.00661031948402524,9e-05,0.7690688967704773,1.6228209733963013
46,0.9976887702941895,0.009072165936231613,9e-05,0.7690688967704773,1.3499937057495117
47,0.9976887702941895,0.008764042519032955,9e-05,0.7885323762893677,1.398024559020996
48,0.9961479306221008,0.012386743910610676,9e-05,0.7574960589408875,1.7984108924865723
49,0.9957627058029175,0.019102511927485466,9e-05,0.7553918957710266,1.6688659191131592
