epoch,accuracy,loss,lr,val_accuracy,val_loss
0,0.6153697967529297,0.770625114440918,0.001,0.615465521812439,1.0689215660095215
1,0.8083590269088745,0.41852936148643494,0.001,0.7164649963378906,1.1167480945587158
2,0.8682588338851929,0.32150551676750183,0.001,0.7606523036956787,0.9881554841995239
3,0.8983050584793091,0.2538132667541504,0.001,0.6980536580085754,1.22743558883667
4,0.9277734756469727,0.19121116399765015,0.001,0.7438190579414368,1.0430879592895508
5,0.9302773475646973,0.17950470745563507,0.001,0.7432929873466492,1.1423274278640747
6,0.948767364025116,0.13316476345062256,0.001,0.7238295674324036,1.4240667819976807
7,0.9632126092910767,0.10117383301258087,0.001,0.7411888241767883,1.1677414178848267
8,0.9643682837486267,0.09872950613498688,0.001,0.7338243126869202,1.3701049089431763
9,0.9614791870117188,0.10934490710496902,0.001,0.6223040223121643,1.5190225839614868
10,0.9593605399131775,0.1065138503909111,0.001,0.7101525664329529,0.9924046993255615
11,0.9618644118309021,0.09756512939929962,0.001,0.7485533952713013,0.9039480686187744
12,0.973998486995697,0.07158163189888,0.001,0.7459232211112976,1.0798856019973755
13,0.9759244918823242,0.0628950223326683,0.001,0.7385586500167847,1.3520370721817017
14,0.973805844783783,0.06991870701313019,0.001,0.7354024052619934,1.606959581375122
15,0.9786209464073181,0.058625832200050354,0.001,0.7601262331008911,1.000047206878662
16,0.9566640853881836,0.12831105291843414,0.001,0.7553918957710266,1.2926470041275024
17,0.9709168076515198,0.08673427253961563,0.001,0.7680168151855469,0.9675633907318115
18,0.9836286306381226,0.0462876632809639,0.001,0.7859021425247192,1.1215826272964478
19,0.9772727489471436,0.0687178522348404,0.001,0.7364544868469238,1.7064489126205444
20,0.983243465423584,0.05070286989212036,0.001,0.7422409057617188,1.4981043338775635
21,0.9861325025558472,0.03919820860028267,0.001,0.7438190579414368,1.4938586950302124
22,0.9894067645072937,0.028608668595552444,0.0003,0.7601262331008911,1.4726319313049316
23,0.9942218661308289,0.016599442809820175,0.0003,0.7669647336006165,1.652758002281189
24,0.9953774809837341,0.014093073084950447,0.0003,0.7559179663658142,1.9595657587051392
25,0.9940292835235596,0.01763255149126053,0.0003,0.7601262331008911,1.8115603923797607
26,0.9963405132293701,0.01321578212082386,0.0003,0.7464492321014404,1.8863005638122559
27,0.9936440587043762,0.017058704048395157,0.0003,0.7601262331008911,1.8557974100112915
28,0.9919106364250183,0.019452661275863647,0.0003,0.7574960589408875,1.887320637702942
29,0.9949923157691956,0.015001689083874226,0.0003,0.7643345594406128,2.0592050552368164
30,0.9953774809837341,0.012207169085741043,0.0003,0.7648605704307556,1.9159163236618042
31,0.9936440587043762,0.020586367696523666,0.0003,0.7859021425247192,1.1991586685180664
32,0.9957627058029175,0.010853101499378681,9e-05,0.7669647336006165,1.4971524477005005
33,0.9978813529014587,0.00610510865226388,9e-05,0.7759073972702026,1.5567784309387207
34,0.9978813529014587,0.006597540341317654,9e-05,0.7748553156852722,1.6474254131317139
35,0.9984591603279114,0.0058800699189305305,9e-05,0.7785376310348511,1.7069011926651
36,0.9984591603279114,0.005127196200191975,9e-05,0.7916885614395142,1.650490403175354
37,0.9984591603279114,0.004322317894548178,9e-05,0.7764334678649902,2.026386022567749
38,0.9982665777206421,0.004265373572707176,9e-05,0.7859021425247192,1.8558882474899292
39,0.999036967754364,0.003781164763495326,9e-05,0.782745897769928,2.0074760913848877
40,0.9984591603279114,0.004714089445769787,9e-05,0.773277223110199,1.8860760927200317
41,0.9971109628677368,0.008757222443819046,9e-05,0.7790636420249939,1.7643721103668213
42,0.999036967754364,0.003325826721265912,2.7e-05,0.784324049949646,1.8959290981292725
43,0.9996147751808167,0.0023197573609650135,2.7e-05,0.7795897126197815,2.0367698669433594
44,0.999036967754364,0.002105155261233449,2.7e-05,0.7869542241096497,1.9601340293884277
45,0.9994221925735474,0.0018877958646044135,2.7e-05,0.7837979793548584,2.0311567783355713
46,0.999036967754364,0.002585563575848937,2.7e-05,0.7669647336006165,2.078800916671753
47,0.9996147751808167,0.0018152024131268263,2.7e-05,0.7795897126197815,2.0703182220458984
48,0.9996147751808167,0.0019128745188936591,2.7e-05,0.7785376310348511,2.0805418491363525
49,0.9996147751808167,0.0016067454125732183,2.7e-05,0.7864282131195068,2.0745623111724854
