epoch,accuracy,loss,lr,val_accuracy,val_loss
0,0.625,0.7421092987060547,0.001,0.6207259297370911,0.8968734741210938
1,0.820878267288208,0.3980236053466797,0.001,0.7085744142532349,1.0479066371917725
2,0.8932973742485046,0.2506653964519501,0.001,0.7122567296028137,1.6404341459274292
3,0.9181432723999023,0.2159922569990158,0.001,0.7022619843482971,1.3029077053070068
4,0.9233435988426208,0.18370309472084045,0.001,0.7159389853477478,1.173073410987854
5,0.9210323691368103,0.2218320369720459,0.001,0.6696475744247437,1.0733517408370972
6,0.9177581071853638,0.20880787074565887,0.001,0.7243555784225464,1.0594700574874878
7,0.944915235042572,0.14497269690036774,0.001,0.7038400769233704,1.1124476194381714
8,0.9576271176338196,0.11400110274553299,0.001,0.7422409057617188,1.170482873916626
9,0.9599383473396301,0.11214593797922134,0.001,0.7837979793548584,1.000175952911377
10,0.9689907431602478,0.0862036794424057,0.001,0.6938453316688538,1.2251032590866089
11,0.980354368686676,0.051542848348617554,0.0003,0.7411888241767883,1.3937164545059204
12,0.9853621125221252,0.041589122265577316,0.0003,0.7406628131866455,1.2627549171447754
13,0.9828582406044006,0.04674603417515755,0.0003,0.7264597415924072,1.518303394317627
14,0.9834360480308533,0.04625220596790314,0.0003,0.7475013136863708,1.3274097442626953
15,0.9874807596206665,0.03933451697230339,0.0003,0.7706470489501953,1.2306630611419678
16,0.9895994067192078,0.033035218715667725,0.0003,0.6912151575088501,1.6722407341003418
17,0.9847843050956726,0.043747201561927795,0.0003,0.7685428857803345,1.2896630764007568
18,0.9884437322616577,0.030404789373278618,0.0003,0.7764334678649902,1.2355316877365112
19,0.9869029521942139,0.03477197512984276,0.0003,0.7369805574417114,1.9278271198272705
20,0.9870955348014832,0.03427833318710327,0.0003,0.7559179663658142,1.5620267391204834
21,0.9928736686706543,0.02161758579313755,9e-05,0.7664387226104736,1.626754879951477
22,0.9938367009162903,0.017319610342383385,9e-05,0.7532877326011658,1.8275566101074219
23,0.9942218661308289,0.016166355460882187,9e-05,0.7332982420921326,2.1461682319641113
24,0.9936440587043762,0.01777990721166134,9e-05,0.7543398141860962,1.9044028520584106
25,0.9949923157691956,0.012641898356378078,9e-05,0.7396107316017151,2.1926143169403076
26,0.9934514760971069,0.016258271411061287,9e-05,0.7538138031959534,1.9650177955627441
27,0.9953774809837341,0.013500338420271873,9e-05,0.7501314878463745,1.9223463535308838
28,0.9955701231956482,0.01269865408539772,9e-05,0.7380326390266418,2.165696859359741
29,0.9940292835235596,0.015334127470850945,9e-05,0.7496054768562317,2.2029526233673096
30,0.9946070909500122,0.013869056478142738,9e-05,0.7390847206115723,2.1935625076293945
31,0.9973035454750061,0.007332458160817623,2.7e-05,0.7306680679321289,2.352415084838867
32,0.9976887702941895,0.007655811496078968,2.7e-05,0.7322461605072021,2.3703789710998535
33,0.9967257380485535,0.010156054981052876,2.7e-05,0.7354024052619934,2.325403928756714
34,0.9967257380485535,0.008451581932604313,2.7e-05,0.7401367425918579,2.2284767627716064
35,0.9973035454750061,0.009247356094419956,2.7e-05,0.7275118231773376,2.3227100372314453
36,0.998073935508728,0.006676283665001392,2.7e-05,0.7338243126869202,2.3217132091522217
37,0.9976887702941895,0.007313069887459278,2.7e-05,0.7301420569419861,2.336149215698242
38,0.9978813529014587,0.006807100027799606,2.7e-05,0.7259337306022644,2.4376676082611084
39,0.9982665777206421,0.006378209218382835,2.7e-05,0.7354024052619934,2.665102005004883
40,0.9967257380485535,0.008883104659616947,2.7e-05,0.7327722311019897,2.357872724533081
41,0.9978813529014587,0.007279030978679657,8.1e-06,0.7269858121871948,2.4585049152374268
42,0.9986517429351807,0.0062264734879136086,8.1e-06,0.7264597415924072,2.5015408992767334
43,0.9986517429351807,0.005775925237685442,8.1e-06,0.7285639047622681,2.4175803661346436
44,0.9982665777206421,0.005871124565601349,8.1e-06,0.7275118231773376,2.5194637775421143
45,0.9978813529014587,0.006096513941884041,8.1e-06,0.7269858121871948,2.520427703857422
46,0.9986517429351807,0.005101992283016443,8.1e-06,0.7296159863471985,2.49234676361084
47,0.9986517429351807,0.005443286616355181,8.1e-06,0.7269858121871948,2.537646532058716
48,0.998073935508728,0.006315458565950394,8.1e-06,0.7227774858474731,2.6190273761749268
49,0.9986517429351807,0.00557955726981163,8.1e-06,0.7217254042625427,2.6379106044769287
