epoch,accuracy,loss,lr,val_accuracy,val_loss
0,0.5674114227294922,0.8508919477462769,0.001,0.5512887835502625,0.7813973426818848
1,0.6951078772544861,0.6334821581840515,0.001,0.48869016766548157,1.0340049266815186
2,0.8393682837486267,0.3688967525959015,0.001,0.7422409057617188,1.3146998882293701
3,0.8948382139205933,0.2591627538204193,0.001,0.6733298301696777,1.4016679525375366
4,0.9146764278411865,0.21302849054336548,0.001,0.7301420569419861,1.3415378332138062
5,0.9235361814498901,0.19382216036319733,0.001,0.6785902380943298,1.0973063707351685
6,0.937596321105957,0.15331660211086273,0.001,0.706470251083374,1.3794174194335938
7,0.9447226524353027,0.14536789059638977,0.001,0.687532901763916,1.0793499946594238
8,0.9526194334030151,0.1206369400024414,0.001,0.6943714022636414,1.0793689489364624
9,0.9570493102073669,0.10650400817394257,0.001,0.7001578211784363,1.7438243627548218
10,0.9574345350265503,0.10784826427698135,0.001,0.6049447655677795,1.1082648038864136
11,0.9770801067352295,0.0616866759955883,0.0003,0.7243555784225464,1.0242931842803955
12,0.9809321761131287,0.04724567383527756,0.0003,0.6906890869140625,1.3388142585754395
13,0.9807395935058594,0.049860503524541855,0.0003,0.7269858121871948,1.170931100845337
14,0.9855546951293945,0.03690602257847786,0.0003,0.6896370053291321,1.3020567893981934
15,0.9855546951293945,0.03614416718482971,0.0003,0.7727512121200562,1.311066746711731
16,0.9859399199485779,0.03535716235637665,0.0003,0.7411888241767883,1.236325740814209
17,0.9855546951293945,0.03788091614842415,0.0003,0.7438190579414368,1.2328118085861206
18,0.9874807596206665,0.031133051961660385,0.0003,0.7296159863471985,1.1816059350967407
19,0.9828582406044006,0.04469430819153786,0.0003,0.7406628131866455,1.2485851049423218
20,0.98420649766922,0.042440660297870636,0.0003,0.7264597415924072,1.430241584777832
21,0.990562379360199,0.026594340801239014,9e-05,0.7448711395263672,1.2036620378494263
22,0.9919106364250183,0.021684342995285988,9e-05,0.762230396270752,1.2650995254516602
23,0.991525411605835,0.02125585824251175,9e-05,0.7411888241767883,1.426316261291504
24,0.9909476041793823,0.02395820990204811,9e-05,0.7459232211112976,1.2390317916870117
25,0.991718053817749,0.019869791343808174,9e-05,0.7690688967704773,1.2280470132827759
26,0.9922958612442017,0.02011774480342865,9e-05,0.7601262331008911,1.4213529825210571
27,0.992488443851471,0.019886348396539688,9e-05,0.762230396270752,1.3576642274856567
28,0.9926810264587402,0.018558694049715996,9e-05,0.7743293046951294,1.2723597288131714
29,0.9932588338851929,0.018470095470547676,9e-05,0.7695949673652649,1.3092559576034546
30,0.9919106364250183,0.023282337933778763,9e-05,0.74539715051651,1.3027195930480957
31,0.9953774809837341,0.013704980723559856,2.7e-05,0.7648605704307556,1.3423981666564941
32,0.9953774809837341,0.01308636274188757,2.7e-05,0.7716991305351257,1.2998913526535034
33,0.9947996735572815,0.013585088774561882,2.7e-05,0.7722251415252686,1.2434930801391602
34,0.9951848983764648,0.012821652926504612,2.7e-05,0.7853761315345764,1.3193904161453247
35,0.9957627058029175,0.013053390197455883,2.7e-05,0.7864282131195068,1.2692660093307495
36,0.9955701231956482,0.011538048274815083,2.7e-05,0.7848500609397888,1.3338978290557861
37,0.9955701231956482,0.011148163117468357,2.7e-05,0.7869542241096497,1.3662827014923096
38,0.9942218661308289,0.013897114433348179,2.7e-05,0.793792724609375,1.3596872091293335
39,0.9961479306221008,0.011692588217556477,2.7e-05,0.7927406430244446,1.33677077293396
40,0.9951848983764648,0.01201087236404419,2.7e-05,0.7869542241096497,1.4364384412765503
41,0.9959552884101868,0.009862146340310574,8.1e-06,0.7880063056945801,1.3871763944625854
42,0.9961479306221008,0.009629572741687298,8.1e-06,0.7864282131195068,1.4047701358795166
43,0.9965331554412842,0.008313694037497044,8.1e-06,0.7859021425247192,1.406537652015686
44,0.9959552884101868,0.009352910332381725,8.1e-06,0.7874802947044373,1.4302290678024292
45,0.9961479306221008,0.00925664883106947,8.1e-06,0.7895844578742981,1.4238924980163574
46,0.9957627058029175,0.009907243773341179,8.1e-06,0.7885323762893677,1.485148310661316
47,0.9961479306221008,0.009128885343670845,8.1e-06,0.7880063056945801,1.4769291877746582
48,0.9974961280822754,0.008509674109518528,8.1e-06,0.7869542241096497,1.4313180446624756
49,0.9959552884101868,0.009131191298365593,8.1e-06,0.7869542241096497,1.447846531867981
