epoch,accuracy,loss,lr,val_accuracy,val_loss
0,0.7014638185501099,2.6620359420776367,0.001,0.13098369538784027,27.327356338500977
1,0.8154853582382202,1.4378447532653809,0.001,0.16570226848125458,63.1408576965332
2,0.6702619194984436,1.4010878801345825,0.001,0.22198842465877533,3.896726608276367
3,0.8087441921234131,0.6075158715248108,0.001,0.45344555377960205,1.9154810905456543
4,0.8715331554412842,0.40629565715789795,0.001,0.7580220699310303,0.7800273299217224
5,0.893682599067688,0.31942668557167053,0.001,0.7496054768562317,0.8570513725280762
6,0.9166024923324585,0.25343918800354004,0.001,0.7243555784225464,1.0656393766403198
7,0.9268105030059814,0.20684923231601715,0.001,0.6722777485847473,0.865264356136322
8,0.9422187805175781,0.16990719735622406,0.001,0.7096264958381653,1.1611034870147705
9,0.9422187805175781,0.15934012830257416,0.001,0.7143608331680298,0.8474757671356201
10,0.9429892301559448,0.17402662336826324,0.001,0.7048921585083008,0.9115117192268372
11,0.9447226524353027,0.15449142456054688,0.001,0.6854287385940552,0.8562218546867371
12,0.9489599466323853,0.15557608008384705,0.001,0.734350323677063,1.1098811626434326
13,0.9541602730751038,0.13354361057281494,0.001,0.7348763942718506,1.0691148042678833
14,0.9639830589294434,0.09593074768781662,0.001,0.5402419567108154,1.5626097917556763
15,0.9749614596366882,0.0644889697432518,0.0003,0.7259337306022644,1.0663831233978271
16,0.9830508232116699,0.0471888892352581,0.0003,0.7206733226776123,1.1782537698745728
17,0.9776579141616821,0.06644121557474136,0.0003,0.6843766570091248,2.463247299194336
18,0.981317400932312,0.054570890963077545,0.0003,0.7211993932723999,1.2098180055618286
19,0.9836286306381226,0.049624115228652954,0.0003,0.7501314878463745,1.137973666191101
20,0.9874807596206665,0.042995963245630264,0.0003,0.723303496837616,1.156295895576477
21,0.9830508232116699,0.05719105154275894,0.0003,0.49658074975013733,2.681424379348755
22,0.9726502299308777,0.08413561433553696,0.0003,0.6959494948387146,1.7793184518814087
23,0.9818952083587646,0.05103611201047897,0.0003,0.7127827405929565,1.246669054031372
24,0.9824730157852173,0.04656931385397911,0.0003,0.7322461605072021,1.1908586025238037
25,0.9888289570808411,0.03549996390938759,9e-05,0.7501314878463745,1.1645758152008057
26,0.9911401867866516,0.029595112428069115,9e-05,0.7206733226776123,1.2169904708862305
27,0.9894067645072937,0.030549198389053345,9e-05,0.7264597415924072,1.4204832315444946
28,0.989791989326477,0.02974553406238556,9e-05,0.7406628131866455,1.1777374744415283
29,0.9899845719337463,0.030899465084075928,9e-05,0.7238295674324036,2.2050862312316895
30,0.9857472777366638,0.04085133969783783,9e-05,0.7117306590080261,1.3973726034164429
31,0.9876733422279358,0.03533089533448219,9e-05,0.7348763942718506,1.3417584896087646
32,0.9872881174087524,0.03269043564796448,9e-05,0.7559179663658142,1.3045191764831543
33,0.9903697967529297,0.024980636313557625,9e-05,0.7101525664329529,1.4361755847930908
34,0.9922958612442017,0.02412070333957672,9e-05,0.7185691595077515,1.5604894161224365
35,0.9938367009162903,0.018239274621009827,2.7e-05,0.7375065684318542,1.4300650358200073
36,0.9953774809837341,0.016104601323604584,2.7e-05,0.7327722311019897,1.4140905141830444
37,0.9953774809837341,0.01575707644224167,2.7e-05,0.7322461605072021,1.4456915855407715
38,0.9932588338851929,0.018395503982901573,2.7e-05,0.7227774858474731,1.5918829441070557
39,0.9961479306221008,0.014882730320096016,2.7e-05,0.7127827405929565,1.5906983613967896
40,0.9961479306221008,0.012368440628051758,2.7e-05,0.7301420569419861,1.4715632200241089
41,0.9953774809837341,0.013118494302034378,2.7e-05,0.7254076600074768,1.5044058561325073
42,0.9947996735572815,0.016844524070620537,2.7e-05,0.7164649963378906,1.6792593002319336
43,0.9955701231956482,0.013898645527660847,2.7e-05,0.7217254042625427,1.5046814680099487
44,0.9959552884101868,0.012371271848678589,2.7e-05,0.7133088111877441,1.5894955396652222
45,0.9969183206558228,0.012575243599712849,8.1e-06,0.7106785774230957,1.5769959688186646
46,0.9974961280822754,0.010120313614606857,8.1e-06,0.7190952301025391,1.5359604358673096
47,0.9967257380485535,0.011138489469885826,8.1e-06,0.7227774858474731,1.5288689136505127
48,0.9971109628677368,0.008193675428628922,8.1e-06,0.7264597415924072,1.488694429397583
49,0.9959552884101868,0.011145312339067459,8.1e-06,0.7269858121871948,1.4296479225158691
