epoch,accuracy,loss,lr,val_accuracy,val_loss
0,0.6357858180999756,3.313422679901123,0.001,0.5065754652023315,1017.7334594726562
1,0.7563559412956238,0.6851637959480286,0.001,0.2509205639362335,9.363961219787598
2,0.8671032190322876,0.35518109798431396,0.001,0.26722776889801025,46.008644104003906
3,0.901964545249939,0.26047268509864807,0.001,0.6696475744247437,0.9062352180480957
4,0.820878267288208,0.6000856161117554,0.001,0.44923725724220276,2.689195394515991
5,0.7447996735572815,1.2008976936340332,0.001,0.5681220293045044,2032.145263671875
6,0.8466871976852417,0.49458780884742737,0.001,0.4644923806190491,4.399186611175537
7,0.8859784007072449,0.2944197952747345,0.001,0.723303496837616,0.8115668892860413
8,0.9081279039382935,0.22407449781894684,0.001,0.7317201495170593,0.8567788600921631
9,0.9285439252853394,0.18939208984375,0.001,0.6775381565093994,1.2007701396942139
10,0.9250770211219788,0.24641837179660797,0.001,0.25249868631362915,8.301220893859863
11,0.9287365078926086,0.18489716947078705,0.001,0.6307206749916077,1.3348379135131836
12,0.9295069575309753,0.24244581162929535,0.001,0.7180431485176086,1.6801512241363525
13,0.9506933689117432,0.14425641298294067,0.001,0.6864808201789856,1.5593836307525635
14,0.9545454382896423,0.12849551439285278,0.001,0.37980011105537415,2.037571430206299
15,0.9505007863044739,0.12831588089466095,0.001,0.6933193206787109,0.9730579853057861
16,0.9614791870117188,0.10363052785396576,0.001,0.704366147518158,1.0951519012451172
17,0.9229583740234375,0.39342713356018066,0.001,0.6549184918403625,14.2183256149292
18,0.9331663846969604,0.18996131420135498,0.0003,0.6959494948387146,1.3133386373519897
19,0.9518489837646484,0.19746598601341248,0.0003,0.6480799317359924,1.1692711114883423
20,0.9505007863044739,0.14082477986812592,0.0003,0.6312466859817505,49.34670639038086
21,0.9578197002410889,0.11875425279140472,0.0003,0.7075223326683044,1.0154989957809448
22,0.9707241654396057,0.08399644494056702,0.0003,0.7190952301025391,1.3172247409820557
23,0.9703390002250671,0.0785796046257019,0.0003,0.7148869037628174,1.235006332397461
24,0.9601309895515442,0.11527442932128906,0.0003,0.669121503829956,1.8850128650665283
25,0.9518489837646484,0.16934390366077423,0.0003,0.7059442400932312,1.2892357110977173
26,0.9508859515190125,0.180358424782753,0.0003,0.6959494948387146,1.2780401706695557
27,0.9678351283073425,0.08690840750932693,0.0003,0.6791162490844727,1.6592955589294434
28,0.9759244918823242,0.06623643636703491,9e-05,0.7190952301025391,1.3302326202392578
29,0.9776579141616821,0.06421785801649094,9e-05,0.7038400769233704,1.4864944219589233
30,0.9799692034721375,0.05200779065489769,9e-05,0.7206733226776123,1.3783293962478638
31,0.9809321761131287,0.0568099282681942,9e-05,0.6912151575088501,1.6880378723144531
32,0.9770801067352295,0.06456074118614197,9e-05,0.6980536580085754,1.5745640993118286
33,0.9836286306381226,0.045074861496686935,9e-05,0.7148869037628174,1.593966007232666
34,0.9788135886192322,0.10469724237918854,9e-05,0.7348763942718506,1.4825725555419922
35,0.9788135886192322,0.06520996987819672,9e-05,0.7091004848480225,1.4962835311889648
36,0.9824730157852173,0.048677582293748856,9e-05,0.685954749584198,1.4435194730758667
37,0.9826656579971313,0.04977301135659218,9e-05,0.713834822177887,1.5547044277191162
38,0.9845916628837585,0.04207703843712807,2.7e-05,0.7143608331680298,1.4937671422958374
39,0.9853621125221252,0.047627903521060944,2.7e-05,0.7143608331680298,1.6320955753326416
40,0.9851694703102112,0.04428401589393616,2.7e-05,0.7227774858474731,1.3923038244247437
41,0.9874807596206665,0.03558216989040375,2.7e-05,0.7296159863471985,1.4637516736984253
42,0.9892141819000244,0.033582109957933426,2.7e-05,0.7127827405929565,1.424607753753662
43,0.9901772141456604,0.03266654163599014,2.7e-05,0.7017359137535095,1.558262825012207
44,0.9888289570808411,0.03208661824464798,2.7e-05,0.6991057395935059,1.4689481258392334
45,0.990562379360199,0.032442737370729446,2.7e-05,0.7069963216781616,1.4635992050170898
46,0.9888289570808411,0.029693419113755226,2.7e-05,0.7054182291030884,1.5113414525985718
47,0.9909476041793823,0.025041868910193443,2.7e-05,0.6985796689987183,1.4801687002182007
48,0.9911401867866516,0.025610163807868958,8.1e-06,0.7117306590080261,1.5122185945510864
49,0.9909476041793823,0.027269648388028145,8.1e-06,0.7238295674324036,1.4616153240203857
