epoch,accuracy,loss,lr,val_accuracy,val_loss
0,0.7394067645072937,2.272367238998413,0.001,0.2582851052284241,5.383122444152832
1,0.7128274440765381,2.211031436920166,0.001,0.3335086703300476,7.159364700317383
2,0.8170261979103088,0.6953999400138855,0.001,0.2582851052284241,9.190007209777832
3,0.7991140484809875,0.6967182159423828,0.001,0.17359285056591034,208.6158447265625
4,0.831086277961731,0.5676771998405457,0.001,0.5144660472869873,1.859358310699463
5,0.8626733422279358,0.4738175570964813,0.001,0.4250394403934479,3.1854069232940674
6,0.8738443851470947,0.3587239384651184,0.001,0.7254076600074768,1.4934278726577759
7,0.8925269842147827,0.32234060764312744,0.001,0.6864808201789856,0.8631207942962646
8,0.9044684171676636,0.2802601158618927,0.001,0.665439248085022,0.8092910647392273
9,0.9033128023147583,0.26019537448883057,0.001,0.6996317505836487,0.8725420832633972
10,0.9183359146118164,0.23675085604190826,0.001,0.5302472114562988,2.2959954738616943
11,0.9362480640411377,0.1870124787092209,0.001,0.7059442400932312,1.1492924690246582
12,0.9397149682044983,0.17385226488113403,0.001,0.6638611555099487,1.5020055770874023
13,0.9308551549911499,0.20112767815589905,0.001,0.644923746585846,1.0673640966415405
14,0.9350924491882324,0.17076992988586426,0.001,0.5860073566436768,2.5471320152282715
15,0.9555084705352783,0.11816620081663132,0.001,0.6717517375946045,0.9548383355140686
16,0.9578197002410889,0.11234031617641449,0.001,0.7227774858474731,1.1637734174728394
17,0.964560866355896,0.10020994395017624,0.001,0.7427669763565063,1.281875491142273
18,0.9666795134544373,0.10064342617988586,0.001,0.6643871665000916,1.9238966703414917
19,0.9732280373573303,0.07253522425889969,0.0003,0.6849026679992676,1.308468222618103
20,0.9797765612602234,0.05363759398460388,0.0003,0.6964755654335022,1.0469012260437012
21,0.9815100431442261,0.053476713597774506,0.0003,0.7112046480178833,1.2280970811843872
22,0.9830508232116699,0.04345240071415901,0.0003,0.7164649963378906,1.1340259313583374
23,0.9870955348014832,0.04225653037428856,0.0003,0.6759600043296814,1.7182753086090088
24,0.9851694703102112,0.04023478552699089,0.0003,0.7206733226776123,1.5081517696380615
25,0.9684129357337952,0.11429227888584137,0.0003,0.5817990303039551,3.6148970127105713
26,0.9745762944221497,0.07329746335744858,0.0003,0.6812204122543335,1.3026924133300781
27,0.980354368686676,0.05373942852020264,0.0003,0.7196212410926819,1.1451082229614258
28,0.9784283638000488,0.05523527041077614,0.0003,0.7243555784225464,1.7660070657730103
29,0.9817026257514954,0.055552948266267776,9e-05,0.6964755654335022,1.2573888301849365
30,0.9882511496543884,0.03307550773024559,9e-05,0.7048921585083008,1.1234822273254395
31,0.9895994067192078,0.03120490536093712,9e-05,0.7085744142532349,1.419297218322754
32,0.9911401867866516,0.02821422927081585,9e-05,0.7085744142532349,1.1787570714950562
33,0.9913328289985657,0.02666916325688362,9e-05,0.7196212410926819,1.152503490447998
34,0.991718053817749,0.02441081590950489,9e-05,0.6975275874137878,1.4962480068206787
35,0.9899845719337463,0.032041262835264206,9e-05,0.7091004848480225,1.40420401096344
36,0.990755021572113,0.025091471150517464,9e-05,0.7033140659332275,1.5274728536605835
37,0.991718053817749,0.026708394289016724,9e-05,0.7201473116874695,1.4414036273956299
38,0.991525411605835,0.022109970450401306,9e-05,0.6980536580085754,1.5122861862182617
39,0.9930662512779236,0.018090808764100075,2.7e-05,0.7169910669326782,1.4681955575942993
40,0.9947996735572815,0.017857255414128304,2.7e-05,0.7311940789222717,1.37998366355896
41,0.9940292835235596,0.01438464131206274,2.7e-05,0.7154129147529602,1.3915377855300903
42,0.9928736686706543,0.025854365900158882,2.7e-05,0.7296159863471985,1.3798508644104004
43,0.9949923157691956,0.015988925471901894,2.7e-05,0.7159389853477478,1.399821162223816
44,0.9961479306221008,0.014036023057997227,2.7e-05,0.7117306590080261,1.4750233888626099
45,0.9969183206558228,0.01197484415024519,2.7e-05,0.7127827405929565,1.4810588359832764
46,0.9953774809837341,0.013857015408575535,2.7e-05,0.7085744142532349,1.6953647136688232
47,0.9967257380485535,0.013331512920558453,2.7e-05,0.708048403263092,1.472155213356018
48,0.9949923157691956,0.014680908061563969,2.7e-05,0.723303496837616,1.5291290283203125
49,0.9973035454750061,0.011157692410051823,8.1e-06,0.7227774858474731,1.5104831457138062
