epoch,accuracy,loss,val_accuracy,val_loss
0,0.5261437892913818,0.6981510519981384,0.6666666865348816,0.6760618686676025
1,0.6282680034637451,0.6515144109725952,0.6666666865348816,0.6498898267745972
2,0.6683006286621094,0.616491973400116,0.6666666865348816,0.7951093316078186
3,0.6830065250396729,0.6015949249267578,0.6666666865348816,1.008642554283142
4,0.7132353186607361,0.5682393908500671,0.6666666865348816,1.0979331731796265
5,0.7058823704719543,0.5570570230484009,0.6666666865348816,0.971295177936554
6,0.7091503143310547,0.5359110236167908,0.6666666865348816,0.8765857219696045
7,0.7165032625198364,0.5328309535980225,0.6555555462837219,0.7620254755020142
8,0.7287581562995911,0.5192325115203857,0.5911111235618591,0.7526282668113708
9,0.7614378929138184,0.4830420911312103,0.6088888645172119,0.7280145287513733
10,0.7491829991340637,0.47873130440711975,0.6311110854148865,0.7468709945678711
11,0.7655228972434998,0.45490410923957825,0.5266666412353516,0.8250952363014221
12,0.7704248428344727,0.46200400590896606,0.5177778005599976,0.8658468723297119
13,0.7949346303939819,0.44239333271980286,0.5933333039283752,0.8682472109794617
14,0.7933006286621094,0.42836523056030273,0.504444420337677,0.9182417392730713
15,0.8055555820465088,0.3999476730823517,0.4555555582046509,1.0391085147857666
16,0.8055555820465088,0.394864022731781,0.5577777624130249,1.002943992614746
17,0.8161764740943909,0.3900661766529083,0.5244444608688354,1.049636721611023
18,0.8047385811805725,0.38314467668533325,0.48222222924232483,1.1316778659820557
19,0.8235294222831726,0.3584056496620178,0.5577777624130249,1.1593433618545532
20,0.8366013169288635,0.35750311613082886,0.5488888621330261,1.1904360055923462
21,0.8406862616539001,0.3383994698524475,0.5400000214576721,1.2303026914596558
22,0.8537581562995911,0.32427287101745605,0.47111111879348755,1.367148756980896
23,0.8627451062202454,0.3087896704673767,0.4266666769981384,1.3964308500289917
24,0.8374183177947998,0.336051881313324,0.504444420337677,1.4831091165542603
25,0.8717319965362549,0.29062461853027344,0.5444444417953491,1.480566143989563
26,0.8406862616539001,0.2983244061470032,0.3844444453716278,1.4924525022506714
