epoch,accuracy,loss,val_accuracy,val_loss
0,0.5792483687400818,0.6783686876296997,0.6666666865348816,0.6361133456230164
1,0.6478758454322815,0.6421051025390625,0.6666666865348816,0.7198268175125122
2,0.6895424723625183,0.592536449432373,0.6666666865348816,0.9084698557853699
3,0.6797385811805725,0.6022327542304993,0.6666666865348816,1.0442826747894287
4,0.6870915293693542,0.5784211754798889,0.6666666865348816,1.1087840795516968
5,0.718137264251709,0.555159866809845,0.6666666865348816,1.0727137327194214
6,0.7050653696060181,0.5552095770835876,0.6666666865348816,0.9838376641273499
7,0.7328431606292725,0.5337467193603516,0.6577777862548828,0.9058886766433716
8,0.7295751571655273,0.5173426866531372,0.6333333253860474,0.7943266034126282
9,0.7189542651176453,0.5184192061424255,0.6177777647972107,0.7591416239738464
10,0.7352941036224365,0.5087397694587708,0.5666666626930237,0.7406543493270874
11,0.7434640526771545,0.4984648525714874,0.5955555438995361,0.7462540864944458
12,0.7565359473228455,0.4861542582511902,0.5911111235618591,0.8050205707550049
13,0.7638888955116272,0.4712265729904175,0.6177777647972107,0.788723349571228
14,0.790032684803009,0.43759390711784363,0.6755555272102356,0.8529608845710754
15,0.7843137383460999,0.42737334966659546,0.644444465637207,0.8728658556938171
16,0.8055555820465088,0.41522690653800964,0.6377778053283691,0.8971160054206848
17,0.798202633857727,0.408062219619751,0.6466666460037231,0.9520249366760254
18,0.8039215803146362,0.3824353814125061,0.5822222232818604,1.026816725730896
19,0.8227124214172363,0.37773948907852173,0.5799999833106995,1.109728217124939
20,0.826797366142273,0.37116190791130066,0.6333333253860474,1.035605788230896
21,0.8325163125991821,0.3511867821216583,0.5244444608688354,1.23294198513031
22,0.8341503143310547,0.3506225049495697,0.6311110854148865,1.202588438987732
23,0.834967315196991,0.34469881653785706,0.5333333611488342,1.2088435888290405
24,0.8553921580314636,0.32832860946655273,0.4977777898311615,1.397720217704773
25,0.8357843160629272,0.3481120765209198,0.6244444251060486,1.28238046169281
