epoch,accuracy,loss,val_accuracy,val_loss
0,0.5669934749603271,0.6802232265472412,0.6666666865348816,0.6376933455467224
1,0.656862735748291,0.6306650638580322,0.6666666865348816,0.7275349497795105
2,0.6617646813392639,0.609369158744812,0.6666666865348816,0.8810951709747314
3,0.6772875785827637,0.5960506200790405,0.6666666865348816,0.9753984808921814
4,0.7034313678741455,0.576672375202179,0.6666666865348816,0.9927492141723633
5,0.7197712659835815,0.5554426312446594,0.6666666865348816,0.9502858519554138
6,0.726307213306427,0.5410661697387695,0.6666666865348816,0.8786577582359314
7,0.7459150552749634,0.5087838768959045,0.6600000262260437,0.861762285232544
8,0.7459150552749634,0.4988595247268677,0.6066666841506958,0.7624577283859253
9,0.7598039507865906,0.4672292172908783,0.5266666412353516,0.7994655966758728
10,0.7785947918891907,0.46008917689323425,0.699999988079071,0.8191708922386169
11,0.7875816822052002,0.44241875410079956,0.6622222065925598,0.8547574877738953
12,0.781862735748291,0.4273969829082489,0.6888889074325562,0.8930098414421082
13,0.8194444179534912,0.3929608166217804,0.6200000047683716,0.9907323122024536
14,0.7973856329917908,0.4091956317424774,0.6177777647972107,1.0287034511566162
15,0.8145424723625183,0.3814321756362915,0.6800000071525574,1.1065232753753662
16,0.8186274766921997,0.3695632219314575,0.5088889002799988,1.171912431716919
17,0.8292483687400818,0.35918575525283813,0.5844444632530212,1.2215214967727661
18,0.8357843160629272,0.34372636675834656,0.48444443941116333,1.340392827987671
19,0.8423202633857727,0.3461053967475891,0.5088889002799988,1.3186750411987305
20,0.8472222089767456,0.3172902762889862,0.5311111211776733,1.386505126953125
21,0.8570261597633362,0.3144904375076294,0.4933333396911621,1.519290804862976
22,0.8619281053543091,0.30246421694755554,0.4555555582046509,1.5140537023544312
23,0.8660130500793457,0.304038941860199,0.5844444632530212,1.6347790956497192
24,0.866830050945282,0.29447317123413086,0.448888897895813,1.563300371170044
25,0.866830050945282,0.28255975246429443,0.48222222924232483,1.7838623523712158
