epoch,accuracy,loss,val_accuracy,val_loss
0,0.5825163125991821,0.6831101775169373,0.6666666865348816,0.6368924975395203
1,0.6576797366142273,0.641524076461792,0.6666666865348816,0.7295176982879639
2,0.688725471496582,0.5986220836639404,0.6666666865348816,0.9873490929603577
3,0.7058823704719543,0.5864690542221069,0.6666666865348816,1.2561899423599243
4,0.7271241545677185,0.5602619647979736,0.6666666865348816,1.2667285203933716
5,0.7303921580314636,0.548072338104248,0.6666666865348816,1.2182319164276123
6,0.7230392098426819,0.5369410514831543,0.6666666865348816,1.0795713663101196
7,0.7369281053543091,0.5210235714912415,0.6577777862548828,0.9535453915596008
8,0.7434640526771545,0.5121555924415588,0.6555555462837219,0.8863013982772827
9,0.7442810535430908,0.5061224102973938,0.6111111044883728,0.8326254487037659
10,0.7450980544090271,0.4778761565685272,0.5422222018241882,0.8673232197761536
11,0.7720588445663452,0.45099809765815735,0.6622222065925598,0.8560444712638855
12,0.7638888955116272,0.4472344219684601,0.5644444227218628,0.8827046751976013
13,0.7908496856689453,0.43237045407295227,0.5133333206176758,0.9592669606208801
14,0.8088235259056091,0.40224045515060425,0.5266666412353516,0.9765869379043579
15,0.8063725233078003,0.38946425914764404,0.6222222447395325,1.0492973327636719
16,0.7998365759849548,0.3946206867694855,0.5266666412353516,1.0490070581436157
17,0.8235294222831726,0.36397621035575867,0.5377777814865112,1.1000908613204956
18,0.8145424723625183,0.37352272868156433,0.5066666603088379,1.2085601091384888
19,0.8316993713378906,0.35756203532218933,0.5244444608688354,1.2434988021850586
20,0.8390522599220276,0.3466193675994873,0.5266666412353516,1.3118668794631958
21,0.8300653696060181,0.3392534554004669,0.48444443941116333,1.4363995790481567
22,0.8537581562995911,0.33359500765800476,0.46444445848464966,1.298262119293213
23,0.858660101890564,0.30233630537986755,0.46000000834465027,1.4245880842208862
24,0.8700980544090271,0.29008159041404724,0.5266666412353516,1.4791964292526245
25,0.8733659982681274,0.280891090631485,0.5444444417953491,1.7338361740112305
