epoch,accuracy,loss,val_accuracy,val_loss
0,0.5522875785827637,0.6962043046951294,0.6666666865348816,0.6421414613723755
1,0.6576797366142273,0.6381883025169373,0.6666666865348816,0.6656262874603271
2,0.6699346303939819,0.614085853099823,0.6666666865348816,0.8138736486434937
3,0.7001634240150452,0.5879451036453247,0.6666666865348816,0.9335129857063293
4,0.7156862616539001,0.574069082736969,0.6666666865348816,0.9325518608093262
5,0.7254902124404907,0.5355548858642578,0.6666666865348816,0.9907090067863464
6,0.7491829991340637,0.5147207975387573,0.6666666865348816,0.9754624366760254
7,0.7638888955116272,0.5019852519035339,0.6200000047683716,0.9651719331741333
8,0.7843137383460999,0.4865357279777527,0.6555555462837219,0.9015632271766663
9,0.7761437892913818,0.47833672165870667,0.648888885974884,0.844765841960907
10,0.8031045794487,0.43635454773902893,0.5688889026641846,0.8348811268806458
11,0.7965686321258545,0.4359942078590393,0.6688888669013977,0.8343178033828735
12,0.7883986830711365,0.4308895170688629,0.6577777862548828,0.8517846465110779
13,0.8022875785827637,0.415387898683548,0.6422222256660461,0.9074229001998901
14,0.8145424723625183,0.39645159244537354,0.6644444465637207,0.9343467950820923
15,0.8161764740943909,0.38547787070274353,0.5600000023841858,1.080449104309082
16,0.8104575276374817,0.3855264186859131,0.5711110830307007,1.053926706314087
17,0.8341503143310547,0.35071244835853577,0.5333333611488342,1.0659905672073364
18,0.8374183177947998,0.3423996865749359,0.5733333230018616,1.1859221458435059
19,0.8406862616539001,0.3368592858314514,0.47333332896232605,1.266960859298706
20,0.8341503143310547,0.31365928053855896,0.5555555820465088,1.2914376258850098
21,0.8619281053543091,0.3109092116355896,0.5355555415153503,1.3995496034622192
22,0.8717319965362549,0.29743078351020813,0.6088888645172119,1.2652273178100586
23,0.8439542651176453,0.31256985664367676,0.47111111879348755,1.4440603256225586
24,0.8619281053543091,0.3006139099597931,0.5311111211776733,1.5059131383895874
25,0.8651960492134094,0.2873953878879547,0.5199999809265137,1.7226415872573853
