epoch,accuracy,loss,val_accuracy,val_loss
0,0.5735294222831726,0.6908860206604004,0.6666666865348816,0.6401863098144531
1,0.6274510025978088,0.6584791541099548,0.6666666865348816,0.6678507924079895
2,0.6830065250396729,0.6182743906974792,0.6666666865348816,0.8356685638427734
3,0.6977124214172363,0.5975315570831299,0.6666666865348816,1.0288312435150146
4,0.6977124214172363,0.5842733383178711,0.6666666865348816,1.0497037172317505
5,0.7083333134651184,0.5719377994537354,0.6666666865348816,1.0069612264633179
6,0.733660101890564,0.5596317648887634,0.6666666865348816,0.9018696546554565
7,0.7312091588973999,0.5361490249633789,0.6555555462837219,0.8193507790565491
8,0.7132353186607361,0.5417987108230591,0.6333333253860474,0.7453760504722595
9,0.7107843160629272,0.5380082726478577,0.6644444465637207,0.7179494500160217
10,0.7393791079521179,0.526296079158783,0.551111102104187,0.7210450768470764
11,0.7246732115745544,0.5156155228614807,0.5799999833106995,0.7354456782341003
12,0.7303921580314636,0.5154531598091125,0.6266666650772095,0.7499481439590454
13,0.7295751571655273,0.4958421289920807,0.5288888812065125,0.7465959787368774
14,0.7459150552749634,0.4912049174308777,0.6133333444595337,0.7484483122825623
15,0.7467319965362549,0.475009948015213,0.5755555629730225,0.7745307087898254
16,0.7565359473228455,0.4582095742225647,0.6044444441795349,0.8206525444984436
17,0.7712418437004089,0.4502793252468109,0.42444443702697754,0.8786019086837769
18,0.7753267884254456,0.43631574511528015,0.5222222208976746,0.906536877155304
19,0.7810457348823547,0.43163633346557617,0.5666666626930237,0.9545539617538452
20,0.8063725233078003,0.407890260219574,0.48222222924232483,1.0135924816131592
21,0.8031045794487,0.3996158540248871,0.551111102104187,1.0659289360046387
22,0.8014705777168274,0.38072800636291504,0.46888887882232666,1.1480281352996826
23,0.7990196347236633,0.38906729221343994,0.448888897895813,1.209047794342041
24,0.8104575276374817,0.36964666843414307,0.5177778005599976,1.2072551250457764
25,0.8161764740943909,0.3642958998680115,0.47333332896232605,1.2413225173950195
