epoch,accuracy,loss,val_accuracy,val_loss
0,0.5212418437004089,0.7051234245300293,0.6666666865348816,0.6505767703056335
1,0.6217319965362549,0.6439291834831238,0.6666666865348816,0.6999386548995972
2,0.6936274766921997,0.5945703983306885,0.6666666865348816,0.9703485369682312
3,0.7001634240150452,0.5757725238800049,0.6666666865348816,1.2037798166275024
4,0.6985294222831726,0.5798152685165405,0.6666666865348816,1.253422498703003
5,0.7124183177947998,0.5612373352050781,0.6666666865348816,1.065637469291687
6,0.720588207244873,0.5288310050964355,0.6666666865348816,1.0134538412094116
7,0.7401960492134094,0.5141786336898804,0.6666666865348816,1.0411826372146606
8,0.741830050945282,0.499894380569458,0.5711110830307007,0.9743502736091614
9,0.7450980544090271,0.49261170625686646,0.5688889026641846,0.8914045691490173
10,0.7540849447250366,0.46235421299934387,0.46666666865348816,0.8675845861434937
11,0.7785947918891907,0.45065203309059143,0.5955555438995361,0.8816733360290527
12,0.7728758454322815,0.4301891028881073,0.551111102104187,0.9238454103469849
13,0.7745097875595093,0.43576863408088684,0.5155555605888367,0.9714644551277161
14,0.7769607901573181,0.4089268445968628,0.5199999809265137,0.985105574131012
15,0.8063725233078003,0.40534016489982605,0.5111111402511597,0.9829185605049133
16,0.8014705777168274,0.38569343090057373,0.5199999809265137,1.1092485189437866
17,0.7965686321258545,0.38077613711357117,0.46888887882232666,1.145575761795044
18,0.8186274766921997,0.3710975646972656,0.46888887882232666,1.2013728618621826
19,0.8169934749603271,0.36653634905815125,0.4866666793823242,1.2558019161224365
20,0.8259803652763367,0.34820595383644104,0.5066666603088379,1.2462868690490723
21,0.8357843160629272,0.34137728810310364,0.47555556893348694,1.4336092472076416
22,0.8594771027565002,0.3215065002441406,0.42222222685813904,1.5078312158584595
23,0.8406862616539001,0.32950374484062195,0.4444444477558136,1.5310049057006836
24,0.834967315196991,0.3335515558719635,0.4000000059604645,1.5530797243118286
25,0.8562091588973999,0.30685150623321533,0.4422222077846527,1.5577555894851685
