epoch,accuracy,loss,val_accuracy,val_loss
0,0.5857843160629272,0.674371600151062,0.6666666865348816,0.6347246170043945
1,0.6593137383460999,0.6307582855224609,0.6666666865348816,0.7095342874526978
2,0.6911764740943909,0.5906187295913696,0.6666666865348816,0.8563482761383057
3,0.6993464231491089,0.5883199572563171,0.6666666865348816,0.9576148986816406
4,0.7156862616539001,0.5586625933647156,0.6666666865348816,1.0004010200500488
5,0.7197712659835815,0.5508195757865906,0.6666666865348816,0.9202429056167603
6,0.7066993713378906,0.5506188869476318,0.6666666865348816,0.906170666217804
7,0.7222222089767456,0.5381924510002136,0.6600000262260437,0.868560254573822
8,0.7410130500793457,0.517178475856781,0.5133333206176758,0.8089942932128906
9,0.7475489974021912,0.500174343585968,0.5933333039283752,0.731860339641571
10,0.7565359473228455,0.4801230728626251,0.5777778029441833,0.7360920310020447
11,0.7606208920478821,0.471232146024704,0.48444443941116333,0.8030833601951599
12,0.7655228972434998,0.47376540303230286,0.504444420337677,0.8391664028167725
13,0.7826797366142273,0.43828582763671875,0.504444420337677,0.8621401190757751
14,0.7851307392120361,0.42152640223503113,0.5266666412353516,0.9021098613739014
15,0.8276143670082092,0.3853410482406616,0.6000000238418579,0.9698209166526794
16,0.8210784196853638,0.3893999755382538,0.4866666793823242,1.0064252614974976
17,0.8178104758262634,0.38362953066825867,0.5400000214576721,1.042746901512146
18,0.8169934749603271,0.37361031770706177,0.5222222208976746,1.0679832696914673
19,0.8243464231491089,0.36309748888015747,0.46888887882232666,1.113101840019226
20,0.8276143670082092,0.348074734210968,0.4399999976158142,1.1787118911743164
21,0.8406862616539001,0.34054040908813477,0.5266666412353516,1.2037924528121948
22,0.8472222089767456,0.3257908523082733,0.5177778005599976,1.267845869064331
23,0.8390522599220276,0.3321259319782257,0.5244444608688354,1.3065904378890991
24,0.8545751571655273,0.3128476142883301,0.5088889002799988,1.410028338432312
25,0.8464052081108093,0.3127368986606598,0.4466666579246521,1.4687480926513672
