epoch,accuracy,loss,val_accuracy,val_loss
0,0.5947712659835815,0.6743984222412109,0.6666666865348816,0.637373685836792
1,0.6642156839370728,0.6453099846839905,0.6666666865348816,0.8225629329681396
2,0.6838235259056091,0.6108056306838989,0.6666666865348816,1.0877835750579834
3,0.7124183177947998,0.5817543268203735,0.6666666865348816,1.332529067993164
4,0.7165032625198364,0.5746551156044006,0.6666666865348816,1.2975647449493408
5,0.7238562107086182,0.5640095472335815,0.6666666865348816,1.1904736757278442
6,0.7295751571655273,0.5468012690544128,0.6666666865348816,0.9606514573097229
7,0.7410130500793457,0.5346091985702515,0.6555555462837219,0.8539137840270996
8,0.7361111044883728,0.5269071459770203,0.6422222256660461,0.7730673551559448
9,0.7369281053543091,0.5145030617713928,0.653333306312561,0.723396360874176
10,0.7573529481887817,0.5029095411300659,0.7111111283302307,0.7155589461326599
11,0.7442810535430908,0.4930739998817444,0.6088888645172119,0.7287415862083435
12,0.7638888955116272,0.4824206829071045,0.6266666650772095,0.7916037440299988
13,0.7875816822052002,0.44561025500297546,0.6777777671813965,0.8513222932815552
14,0.7883986830711365,0.4254569113254547,0.6466666460037231,0.9316859245300293
15,0.8251634240150452,0.40417763590812683,0.653333306312561,1.0230324268341064
16,0.7933006286621094,0.40796926617622375,0.6511111259460449,0.989719808101654
17,0.8161764740943909,0.4089159369468689,0.5799999833106995,1.0095828771591187
18,0.8218954205513,0.38968726992607117,0.6466666460037231,1.0841065645217896
19,0.8284313678741455,0.3657473921775818,0.6622222065925598,1.105703353881836
20,0.826797366142273,0.3707248568534851,0.648888885974884,1.090733289718628
21,0.845588207244873,0.34518542885780334,0.5799999833106995,1.1586004495620728
22,0.8578431606292725,0.33030441403388977,0.5866666436195374,1.1702837944030762
23,0.8717319965362549,0.3154628872871399,0.5022222399711609,1.2464940547943115
24,0.8643791079521179,0.3095998466014862,0.5911111235618591,1.3451416492462158
25,0.8741829991340637,0.30589109659194946,0.5244444608688354,1.3485376834869385
