epoch,accuracy,loss,val_accuracy,val_loss
0,0.5923202633857727,0.6770437359809875,0.6666666865348816,0.6353055834770203
1,0.665032684803009,0.6259547472000122,0.6666666865348816,0.783493161201477
2,0.6830065250396729,0.5923596620559692,0.6666666865348816,1.0774630308151245
3,0.7026143670082092,0.573163628578186,0.6666666865348816,1.305303692817688
4,0.7238562107086182,0.5628753900527954,0.6666666865348816,1.3429725170135498
5,0.726307213306427,0.5508198738098145,0.6666666865348816,1.1805425882339478
6,0.7189542651176453,0.5375381112098694,0.6666666865348816,1.0407506227493286
7,0.7295751571655273,0.5275043249130249,0.6555555462837219,0.8583024144172668
8,0.7377451062202454,0.5093826055526733,0.6399999856948853,0.9129987955093384
9,0.7385621070861816,0.5078784227371216,0.5799999833106995,0.8073556423187256
10,0.7671568393707275,0.47950997948646545,0.648888885974884,0.7718117237091064
11,0.7761437892913818,0.4655572175979614,0.6044444441795349,0.7841210961341858
12,0.7826797366142273,0.44772079586982727,0.6044444441795349,0.8034448027610779
13,0.7826797366142273,0.43845677375793457,0.6288889050483704,0.8122169971466064
14,0.8088235259056091,0.41031593084335327,0.5133333206176758,0.9302017688751221
15,0.8169934749603271,0.39885005354881287,0.4933333396911621,0.9853471517562866
16,0.8194444179534912,0.3837042450904846,0.47333332896232605,1.0371578931808472
17,0.8145424723625183,0.39195728302001953,0.5133333206176758,1.0436108112335205
18,0.813725471496582,0.38104963302612305,0.5488888621330261,1.0844074487686157
19,0.8464052081108093,0.34528911113739014,0.47111111879348755,1.155275821685791
20,0.8472222089767456,0.33794501423835754,0.5488888621330261,1.1713966131210327
21,0.8504902124404907,0.32012301683425903,0.41111111640930176,1.2978899478912354
22,0.8521241545677185,0.31437790393829346,0.5377777814865112,1.3194375038146973
23,0.8790849447250366,0.29016393423080444,0.5022222399711609,1.377392292022705
24,0.8733659982681274,0.30954545736312866,0.5622222423553467,1.409018635749817
25,0.8758170008659363,0.2915632128715515,0.48444443941116333,1.436072826385498
