epoch,accuracy,loss,val_accuracy,val_loss
0,0.8506110310554504,0.41298311948776245,0.7768670320510864,0.5417445302009583
1,0.8961230516433716,0.3104114532470703,0.7941712141036987,0.510126531124115
2,0.9087652564048767,0.2571618854999542,0.9025501012802124,0.36835646629333496
3,0.9226717352867126,0.20994582772254944,0.8706739544868469,0.4474038779735565
4,0.9367888569831848,0.176306813955307,0.8797814249992371,0.5296797156333923
5,0.9433206915855408,0.15561793744564056,0.8406193256378174,0.8000158667564392
6,0.9424778819084167,0.15406404435634613,0.8788706660270691,0.5166290402412415
7,0.9490097165107727,0.13870275020599365,0.8843351602554321,0.531701385974884
8,0.9580699801445007,0.12771965563297272,0.881602942943573,0.5829640030860901
9,0.9605984091758728,0.11820634454488754,0.874316930770874,0.45811760425567627
10,0.9597555994987488,0.11421236395835876,0.875227689743042,0.44780921936035156
11,0.9671302437782288,0.10105565935373306,0.8961748480796814,0.41406917572021484
12,0.9707121849060059,0.08806174993515015,0.8861566781997681,0.6563008427619934
13,0.9671302437782288,0.09881726652383804,0.8852459192276001,0.5249140858650208
14,0.9721871018409729,0.08320508897304535,0.9353369474411011,0.26595330238342285
15,0.9766119122505188,0.07082521915435791,0.8779599070549011,0.8024548292160034
16,0.9774547219276428,0.06485801935195923,0.8351548314094543,0.5500671863555908
17,0.9812473654747009,0.05734505504369736,0.8897996544837952,0.44250327348709106
18,0.981879472732544,0.05915415659546852,0.8542805314064026,0.5530529618263245
19,0.9799831509590149,0.060112811625003815,0.8861566781997681,0.6710447072982788
20,0.9871470928192139,0.044777292758226395,0.8433515429496765,0.8152632713317871
21,0.982932984828949,0.05182226002216339,0.8916211128234863,0.4164217412471771
22,0.9884113073348999,0.04029067978262901,0.937158465385437,0.2206735908985138
23,0.9888327121734619,0.03701818734407425,0.8515482544898987,0.8498536348342896
24,0.9869363903999329,0.04327889159321785,0.8852459192276001,0.748641312122345
25,0.9886220097541809,0.03469477966427803,0.8642987012863159,0.5341968536376953
26,0.9894648194313049,0.032123588025569916,0.8861566781997681,0.6225162744522095
27,0.9886220097541809,0.03052384778857231,0.8916211128234863,0.582255482673645
28,0.990729033946991,0.03332347422838211,0.8652094602584839,0.9310681223869324
29,0.993046760559082,0.027372336015105247,0.8515482544898987,0.5380269289016724
30,0.993468165397644,0.02470652014017105,0.8588342666625977,0.44311079382896423
31,0.993257462978363,0.02318112552165985,0.8287795782089233,1.2657033205032349
32,0.990939736366272,0.032766200602054596,0.8834244012832642,0.8714116811752319
33,0.9957859516143799,0.01637856848537922,0.8278688788414001,1.3677664995193481
34,0.9949430823326111,0.01835569553077221,0.873406171798706,0.4011739194393158
35,0.991571843624115,0.026831232011318207,0.8907103538513184,0.5550082921981812
36,0.9968394637107849,0.013558223843574524,0.8469945192337036,0.5400869250297546
37,0.9959966540336609,0.016305478289723396,0.8624772429466248,1.0721062421798706
38,0.991150438785553,0.02796798199415207,0.8989071249961853,0.31512391567230225
39,0.9943109750747681,0.021179761737585068,0.8442623019218445,0.7655505537986755
40,0.9945216774940491,0.015091759152710438,0.8670309782028198,0.5584185123443604
41,0.9947323799133301,0.01869155280292034,0.8369763493537903,0.5957688093185425
42,0.9945216774940491,0.01902034319937229,0.817850649356842,1.2337837219238281
43,0.9941002726554871,0.022104421630501747,0.8679417371749878,0.6284144520759583
44,0.998314380645752,0.009500106796622276,0.881602942943573,0.680036187171936
45,0.9957859516143799,0.014209028333425522,0.8269581198692322,0.7621880769729614
46,0.998103678226471,0.008491420187056065,0.8306010961532593,1.9221903085708618
47,0.992414653301239,0.026244649663567543,0.8661202192306519,1.2484923601150513
