epoch,accuracy,loss,val_accuracy,val_loss
0,0.8495575189590454,0.40364792943000793,0.7768670320510864,0.5404170751571655
1,0.8961230516433716,0.29448139667510986,0.7923497557640076,0.5320742130279541
2,0.9174041152000427,0.23994681239128113,0.8588342666625977,0.4445839822292328
3,0.9245680570602417,0.20351581275463104,0.8642987012863159,0.4237522780895233
4,0.9403708577156067,0.17033547163009644,0.8797814249992371,0.4875656068325043
5,0.9469026327133179,0.15461765229701996,0.8588342666625977,0.47925814986228943
6,0.9477454423904419,0.14832377433776855,0.8779599070549011,0.4646134078502655
7,0.9494311213493347,0.13526834547519684,0.8588342666625977,0.5539507269859314
8,0.9546986818313599,0.12528780102729797,0.8897996544837952,0.44855207204818726
9,0.9593341946601868,0.11499104648828506,0.8770492076873779,0.40131503343582153
10,0.9629161357879639,0.11004598438739777,0.8642987012863159,0.7678987979888916
11,0.9648124575614929,0.09738816320896149,0.8825136423110962,0.7038421630859375
12,0.9709228873252869,0.08744598925113678,0.8670309782028198,0.6040498614311218
13,0.973872721195221,0.08001337200403214,0.8551912307739258,0.5286589860916138
14,0.974715530872345,0.08061712235212326,0.8606557250022888,0.4697881042957306
15,0.97576904296875,0.07094569504261017,0.8879781365394592,0.6159583330154419
16,0.976401150226593,0.07095709443092346,0.8852459192276001,0.7661811113357544
17,0.976190447807312,0.06875958293676376,0.8943533897399902,0.39928197860717773
18,0.9797724485397339,0.06180162727832794,0.8934426307678223,0.3746877610683441
19,0.984197199344635,0.05224037542939186,0.8843351602554321,0.5155407786369324
20,0.9882006049156189,0.04490337893366814,0.8834244012832642,0.3882465660572052
21,0.98525071144104,0.04595646262168884,0.8588342666625977,0.5546650886535645
22,0.9875684976577759,0.04107042774558067,0.875227689743042,0.566737174987793
23,0.98525071144104,0.04392457753419876,0.8579235076904297,0.5769249796867371
24,0.9873577952384949,0.045707959681749344,0.8897996544837952,0.5553073287010193
25,0.9888327121734619,0.03937140852212906,0.8633880019187927,0.8771839141845703
26,0.98314368724823,0.04673778638243675,0.8661202192306519,0.5519803762435913
27,0.990939736366272,0.028927786275744438,0.8907103538513184,0.45426177978515625
28,0.9890434145927429,0.03405631706118584,0.8642987012863159,0.3538639545440674
29,0.992414653301239,0.026619942858815193,0.8870673775672913,0.5915477871894836
30,0.9886220097541809,0.035848695784807205,0.8861566781997681,0.5935273766517639
31,0.993468165397644,0.022616948932409286,0.87613844871521,0.8415051698684692
32,0.992414653301239,0.023138105869293213,0.8706739544868469,0.42032670974731445
33,0.992203950881958,0.026754513382911682,0.8642987012863159,0.5202327966690063
34,0.9968394637107849,0.016442757099866867,0.9143897891044617,0.3414192497730255
35,0.991571843624115,0.028512414544820786,0.8570127487182617,0.9091598987579346
36,0.993678867816925,0.020018160343170166,0.87613844871521,0.5362861752510071
37,0.9957859516143799,0.013696306385099888,0.8542805314064026,0.6580630540847778
38,0.993889570236206,0.02068151906132698,0.9043715596199036,0.3964079022407532
39,0.9964180588722229,0.014950097538530827,0.8624772429466248,1.2610529661178589
40,0.998314380645752,0.00853415485471487,0.8679417371749878,0.5486953854560852
41,0.9968394637107849,0.014024442993104458,0.8879781365394592,0.5874086618423462
42,0.992836058139801,0.020831484347581863,0.8515482544898987,0.950593113899231
43,0.993678867816925,0.015366483479738235,0.8606557250022888,0.9716858863830566
44,0.9964180588722229,0.012403997592628002,0.8797814249992371,0.5294877886772156
45,0.9957859516143799,0.011840790510177612,0.9071038365364075,0.410025417804718
46,0.9951537847518921,0.014457049779593945,0.8770492076873779,0.5256970524787903
47,0.9957859516143799,0.014695186167955399,0.9061930775642395,0.21667812764644623
48,0.9972608685493469,0.009645424783229828,0.8315118551254272,1.2235422134399414
49,0.9974715709686279,0.010878590866923332,0.8524590134620667,0.9365659952163696
