epoch,accuracy,loss,val_accuracy,val_loss
0,0.8324905037879944,0.4241183400154114,0.7768670320510864,0.5388548374176025
1,0.8950695395469666,0.30645716190338135,0.81876140832901,0.5512073636054993
2,0.9138221740722656,0.25094565749168396,0.8551912307739258,0.43090060353279114
3,0.9243573546409607,0.20724520087242126,0.8542805314064026,0.5632467269897461
4,0.9374209642410278,0.17783041298389435,0.8479052782058716,0.5267568826675415
5,0.9433206915855408,0.16320767998695374,0.8642987012863159,0.48627954721450806
6,0.9502739310264587,0.144730806350708,0.8861566781997681,0.5733256340026855
7,0.9549093842506409,0.13313759863376617,0.8551912307739258,0.7401787042617798
8,0.9584913849830627,0.12088467925786972,0.874316930770874,0.8425548076629639
9,0.9652338624000549,0.1098649799823761,0.8706739544868469,0.5837703347206116
10,0.9637589454650879,0.1055636927485466,0.8561019897460938,0.6275091767311096
11,0.9700800776481628,0.09389977157115936,0.8834244012832642,0.6984351277351379
12,0.9711335897445679,0.08608356863260269,0.8670309782028198,0.4917267858982086
13,0.975136935710907,0.08208121359348297,0.9071038365364075,0.35501810908317566
14,0.9768226146697998,0.07496277242898941,0.8870673775672913,0.6683369874954224
15,0.975979745388031,0.07539919018745422,0.8998178243637085,0.34131428599357605
16,0.9806152582168579,0.0610865093767643,0.8615664839744568,0.44663506746292114
17,0.9814580678939819,0.05461530387401581,0.8998178243637085,0.40719613432884216
18,0.983354389667511,0.05064777284860611,0.8788706660270691,0.5284432172775269
19,0.982300877571106,0.0597541518509388,0.8852459192276001,0.6135414838790894
20,0.9869363903999329,0.04304175451397896,0.8852459192276001,0.5562636852264404
21,0.982722282409668,0.05396077036857605,0.8533697724342346,0.47160592675209045
22,0.984829306602478,0.049018215388059616,0.8879781365394592,0.3886374533176422
23,0.9892541170120239,0.03488457575440407,0.8570127487182617,0.4888704717159271
24,0.9871470928192139,0.043041251599788666,0.8442623019218445,0.622484564781189
25,0.9871470928192139,0.03389908745884895,0.8579235076904297,0.6889340281486511
26,0.9898862242698669,0.037136197090148926,0.9171220660209656,0.38244885206222534
27,0.993046760559082,0.024393124505877495,0.8570127487182617,0.5604639053344727
28,0.991150438785553,0.025312907993793488,0.8870673775672913,0.507574200630188
29,0.992414653301239,0.02243177592754364,0.8032786846160889,0.7370059490203857
30,0.992414653301239,0.02207070402801037,0.8934426307678223,0.616428792476654
31,0.990939736366272,0.030747119337320328,0.8916211128234863,0.5258734226226807
32,0.9949430823326111,0.014005336910486221,0.7413479089736938,1.1308730840682983
33,0.993889570236206,0.022202882915735245,0.8952640891075134,0.45411190390586853
34,0.992414653301239,0.022543685510754585,0.9262295365333557,0.1986258327960968
35,0.993046760559082,0.02236512489616871,0.8542805314064026,0.45574647188186646
36,0.992836058139801,0.02372077852487564,0.8515482544898987,0.6255816221237183
37,0.9949430823326111,0.01734660565853119,0.8670309782028198,0.580622673034668
38,0.9953645467758179,0.013857940211892128,0.8351548314094543,0.6079131364822388
39,0.9945216774940491,0.015859216451644897,0.8251366019248962,1.1471227407455444
40,0.9951537847518921,0.016343295574188232,0.875227689743042,0.3771475553512573
41,0.9962073564529419,0.01087032537907362,0.8570127487182617,0.6991432905197144
42,0.9945216774940491,0.01290262769907713,0.8788706660270691,0.6720673441886902
43,0.9943109750747681,0.015750745311379433,0.9080145955085754,0.3869049549102783
44,0.990939736366272,0.02581486478447914,0.8861566781997681,0.6904729604721069
45,0.9972608685493469,0.009871973656117916,0.9071038365364075,0.34764331579208374
46,0.9957859516143799,0.01409992203116417,0.8479052782058716,0.991981029510498
47,0.9962073564529419,0.011584261432290077,0.8843351602554321,0.5160980224609375
48,0.9970501661300659,0.009495777077972889,0.9007285833358765,0.35479599237442017
49,0.9959966540336609,0.010685543529689312,0.8561019897460938,0.7655224800109863
