epoch,accuracy,loss,val_accuracy,val_loss
0,0.8636747002601624,0.4014902710914612,0.8023679256439209,0.5491690039634705
1,0.8992835879325867,0.2824152410030365,0.7714025378227234,0.49344950914382935
2,0.9144542813301086,0.231620192527771,0.874316930770874,0.40998411178588867
3,0.9363674521446228,0.18436826765537262,0.8451730608940125,0.7678471803665161
4,0.9361567497253418,0.16693434119224548,0.8852459192276001,0.611243724822998
5,0.9435313940048218,0.15080465376377106,0.8825136423110962,0.48652663826942444
6,0.9509060382843018,0.13469307124614716,0.8661202192306519,0.4724610149860382
7,0.9534344673156738,0.127764031291008,0.7914389967918396,0.4883968234062195
8,0.9568057060241699,0.11793787777423859,0.8861566781997681,0.49930986762046814
9,0.9610198140144348,0.10757241398096085,0.8852459192276001,0.6886035203933716
10,0.966076672077179,0.09923803061246872,0.881602942943573,0.5827965140342712
11,0.966076672077179,0.09548819065093994,0.8888888955116272,0.5176867246627808
12,0.9677623510360718,0.09447189420461655,0.7413479089736938,0.8085224032402039
13,0.9736620187759399,0.07793036848306656,0.8916211128234863,0.391433447599411
14,0.975136935710907,0.07032913714647293,0.8852459192276001,0.6582950949668884
15,0.9782975316047668,0.07022388279438019,0.8843351602554321,0.44357311725616455
16,0.9793510437011719,0.060088660567998886,0.8679417371749878,0.5714017748832703
17,0.982722282409668,0.04954889044165611,0.8479052782058716,0.613574206829071
18,0.982722282409668,0.052792180329561234,0.873406171798706,0.6360273957252502
19,0.9863042831420898,0.04352987930178642,0.8897996544837952,0.4377956688404083
20,0.98525071144104,0.04997529089450836,0.8597449660301208,0.9016106724739075
21,0.9894648194313049,0.03533686324954033,0.8624772429466248,0.759416937828064
22,0.9871470928192139,0.04360373318195343,0.806010901927948,0.5040159821510315
23,0.991571843624115,0.027804750949144363,0.8779599070549011,0.3871724307537079
24,0.991571843624115,0.026898564770817757,0.8588342666625977,0.752720057964325
25,0.9884113073348999,0.0374700166285038,0.812386155128479,0.4519372582435608
26,0.99262535572052,0.02517174743115902,0.8351548314094543,0.6864113211631775
27,0.993678867816925,0.022667130455374718,0.8351548314094543,1.0962779521942139
28,0.9951537847518921,0.01901797391474247,0.8870673775672913,0.6890787482261658
29,0.99262535572052,0.02270403876900673,0.8834244012832642,0.6633304953575134
30,0.9949430823326111,0.023658016696572304,0.874316930770874,0.9710992574691772
31,0.9959966540336609,0.013114908710122108,0.8897996544837952,0.45917797088623047
32,0.991361141204834,0.029677739366889,0.8551912307739258,0.7081727981567383
33,0.9962073564529419,0.011541474610567093,0.8770492076873779,0.3735673725605011
34,0.998735785484314,0.008264697156846523,0.8788706660270691,0.6354851126670837
35,0.992836058139801,0.025662865489721298,0.9244080185890198,0.29369044303894043
36,0.9945216774940491,0.019062858074903488,0.8351548314094543,0.7985008358955383
37,0.9970501661300659,0.011074409820139408,0.8861566781997681,0.685573935508728
38,0.9968394637107849,0.014269036240875721,0.87613844871521,1.131213665008545
39,0.9941002726554871,0.019595317542552948,0.8652094602584839,0.9653605818748474
40,0.998735785484314,0.005151829682290554,0.8570127487182617,0.671015202999115
41,0.9949430823326111,0.012492844834923744,0.8533697724342346,1.1179136037826538
42,0.9966287612915039,0.009822010062634945,0.9007285833358765,0.491414874792099
43,0.9972608685493469,0.011010942049324512,0.8397085666656494,1.0544692277908325
44,0.9947323799133301,0.014481605030596256,0.817850649356842,0.9867216944694519
45,0.9966287612915039,0.009083685465157032,0.8797814249992371,0.7036970257759094
46,0.998103678226471,0.00846934225410223,0.8724954724311829,0.5670378804206848
47,0.9968394637107849,0.007623838726431131,0.8078324198722839,1.7178139686584473
48,0.9947323799133301,0.015115698799490929,0.87613844871521,0.7579052448272705
49,0.998735785484314,0.005773480981588364,0.8897996544837952,0.6721369028091431
