epoch,accuracy,loss,val_accuracy,val_loss
0,0.8508217334747314,0.41015419363975525,0.7941712141036987,0.6009253263473511
1,0.8925411105155945,0.2953072488307953,0.7768670320510864,0.49425795674324036
2,0.9171934127807617,0.22355251014232635,0.8506374955177307,0.5253854393959045
3,0.9235145449638367,0.20742540061473846,0.8551912307739258,0.47768715023994446
4,0.9357353448867798,0.17142455279827118,0.8488160371780396,0.46974241733551025
5,0.9439527988433838,0.1543070375919342,0.8588342666625977,0.4671664237976074
6,0.9469026327133179,0.14193059504032135,0.8852459192276001,0.6878939270973206
7,0.9528023600578308,0.13253772258758545,0.8879781365394592,0.4058268368244171
8,0.9587020874023438,0.11943184584379196,0.8770492076873779,0.5428400039672852
9,0.9646017551422119,0.10485361516475677,0.868852436542511,0.4048613905906677
10,0.9654445648193359,0.09837605059146881,0.8797814249992371,0.8770444989204407
11,0.9681837558746338,0.08741296827793121,0.8606557250022888,0.5109873414039612
12,0.9694479703903198,0.09552009403705597,0.8843351602554321,0.3630775511264801
13,0.9804045557975769,0.06623875349760056,0.8852459192276001,0.6282732486724854
14,0.9785082340240479,0.07000982761383057,0.8788706660270691,0.600864052772522
15,0.9797724485397339,0.06579916179180145,0.880692183971405,0.4964841306209564
16,0.9812473654747009,0.058448050171136856,0.8870673775672913,0.5420266389846802
17,0.98314368724823,0.05629299581050873,0.8879781365394592,0.6196020245552063
18,0.984197199344635,0.05018109828233719,0.881602942943573,0.7069900631904602
19,0.9863042831420898,0.04851624742150307,0.8852459192276001,0.5498943328857422
20,0.985672116279602,0.04758799448609352,0.8897996544837952,0.7087810635566711
21,0.98525071144104,0.041821204125881195,0.8433515429496765,0.3959035575389862
22,0.991993248462677,0.03347353637218475,0.8934426307678223,0.3498128652572632
23,0.9894648194313049,0.03598581254482269,0.8952640891075134,0.4553837776184082
24,0.993468165397644,0.029087450355291367,0.8542805314064026,0.45179280638694763
25,0.99262535572052,0.026222895830869675,0.8870673775672913,0.557681679725647
26,0.992203950881958,0.02700856700539589,0.8661202192306519,0.7342395186424255
27,0.99262535572052,0.02651422657072544,0.8907103538513184,0.7097936868667603
28,0.992414653301239,0.022039320319890976,0.8533697724342346,0.4050599932670593
29,0.9949430823326111,0.0182050671428442,0.8779599070549011,1.2048113346099854
30,0.993678867816925,0.02106150984764099,0.8979963660240173,0.4585523009300232
31,0.993257462978363,0.027116626501083374,0.9562841653823853,0.17303889989852905
32,0.9943109750747681,0.017501991242170334,0.9016393423080444,0.3877854645252228
33,0.9955752491950989,0.015122040174901485,0.8797814249992371,0.706801176071167
34,0.9955752491950989,0.01619548536837101,0.8624772429466248,0.3855527639389038
35,0.9943109750747681,0.018245002254843712,0.8597449660301208,0.6717456579208374
36,0.9962073564529419,0.011476939544081688,0.8424407839775085,0.9797684550285339
37,0.9943109750747681,0.016551226377487183,0.8943533897399902,0.42409011721611023
38,0.9962073564529419,0.011962372809648514,0.9590163826942444,0.14898526668548584
39,0.9953645467758179,0.018277429044246674,0.9089252948760986,0.34813937544822693
40,0.9972608685493469,0.009315156377851963,0.8943533897399902,0.7506261467933655
41,0.9976822733879089,0.009324640966951847,0.7887067198753357,1.6493988037109375
42,0.9966287612915039,0.008542102761566639,0.9098360538482666,0.24647530913352966
43,0.9976822733879089,0.007789677008986473,0.8497267961502075,0.7286995053291321
44,0.9974715709686279,0.008816961199045181,0.8943533897399902,0.7279846668243408
45,0.998525083065033,0.005220653489232063,0.8524590134620667,1.0882972478866577
46,0.9953645467758179,0.014467377215623856,0.8588342666625977,0.8124842643737793
47,0.998314380645752,0.007605631835758686,0.9025501012802124,0.4542626440525055
48,0.998946487903595,0.004397541284561157,0.8679417371749878,0.9849985837936401
49,0.99262535572052,0.030254464596509933,0.8360655903816223,1.2772890329360962
