epoch,accuracy,loss,val_accuracy,val_loss
0,0.8400758504867554,0.42877843976020813,0.7768670320510864,0.5357486605644226
1,0.8923304080963135,0.3054417669773102,0.8415300250053406,0.5462028980255127
2,0.9161399006843567,0.23374612629413605,0.8579235076904297,0.5922978520393372
3,0.9264643788337708,0.20227371156215668,0.880692183971405,0.47554653882980347
4,0.9342604279518127,0.18024837970733643,0.8679417371749878,0.5921140909194946
5,0.9439527988433838,0.1543215811252594,0.8770492076873779,0.5225212574005127
6,0.9462705254554749,0.14021378755569458,0.8834244012832642,0.660048246383667
7,0.9521702527999878,0.13418148458003998,0.8907103538513184,0.5060080885887146
8,0.9603877067565918,0.11327138543128967,0.8879781365394592,0.5262784957885742
9,0.9572271108627319,0.11673363298177719,0.8907103538513184,0.4503172039985657
10,0.9675516486167908,0.09862496703863144,0.8897996544837952,0.5306239128112793
11,0.9692372679710388,0.08816812187433243,0.8843351602554321,0.8617284297943115
12,0.9723978042602539,0.08476044982671738,0.8715847134590149,0.5728406310081482
13,0.9736620187759399,0.07599982619285583,0.881602942943573,0.6615036725997925
14,0.9707121849060059,0.08269531279802322,0.8706739544868469,0.9392268657684326
15,0.982300877571106,0.06281421333551407,0.8852459192276001,0.618055522441864
16,0.98314368724823,0.0602853037416935,0.8934426307678223,0.3932276666164398
17,0.983986496925354,0.05793547257781029,0.7950819730758667,0.5915330648422241
18,0.9869363903999329,0.043002400547266006,0.8588342666625977,0.8114224076271057
19,0.9808259606361389,0.06241592392325401,0.881602942943573,0.5825779438018799
20,0.9882006049156189,0.039592090994119644,0.8779599070549011,0.6617828011512756
21,0.984197199344635,0.04561879113316536,0.87613844871521,0.3471565544605255
22,0.9892541170120239,0.03417271003127098,0.8825136423110962,0.7023463249206543
23,0.9884113073348999,0.03553455322980881,0.8387978076934814,0.40380731225013733
24,0.991993248462677,0.02791696786880493,0.8633880019187927,0.7464582920074463
25,0.9886220097541809,0.03468932583928108,0.8369763493537903,0.583023190498352
26,0.991571843624115,0.030139902606606483,0.8861566781997681,0.561257004737854
27,0.991150438785553,0.028138386085629463,0.8624772429466248,0.5804524421691895
28,0.993889570236206,0.023097673431038857,0.8251366019248962,0.6606766581535339
29,0.991571843624115,0.026071231812238693,0.8724954724311829,0.4510083496570587
30,0.993257462978363,0.020328273996710777,0.9180327653884888,0.3230479657649994
31,0.992203950881958,0.025465598329901695,0.868852436542511,1.0341112613677979
32,0.9943109750747681,0.019658206030726433,0.8897996544837952,0.8886004090309143
33,0.993046760559082,0.022278273478150368,0.8661202192306519,1.0361924171447754
34,0.9953645467758179,0.015361483208835125,0.8961748480796814,0.4770500063896179
35,0.993257462978363,0.02191244810819626,0.8715847134590149,0.5148020386695862
36,0.9964180588722229,0.013340363278985023,0.873406171798706,0.786891520023346
37,0.9957859516143799,0.013355891220271587,0.8387978076934814,0.7777736186981201
38,0.9955752491950989,0.02024983800947666,0.8524590134620667,0.9346635937690735
39,0.99262535572052,0.018799660727381706,0.8433515429496765,1.2672396898269653
40,0.9951537847518921,0.019544707611203194,0.8233151435852051,0.6743460893630981
41,0.9951537847518921,0.01266175601631403,0.9444444179534912,0.21787013113498688
42,0.9974715709686279,0.008545182645320892,0.8706739544868469,0.6333585381507874
43,0.9964180588722229,0.014759046025574207,0.8570127487182617,0.7746807336807251
44,0.9957859516143799,0.01217635441571474,0.9043715596199036,0.45704540610313416
45,0.9945216774940491,0.01690041832625866,0.8770492076873779,0.6671543717384338
46,0.9966287612915039,0.010358047671616077,0.8916211128234863,0.6179907917976379
47,0.9974715709686279,0.009755059145390987,0.8779599070549011,0.6379646062850952
48,0.9957859516143799,0.011553739197552204,0.8788706660270691,0.6059466600418091
49,0.9972608685493469,0.00831703469157219,0.8224043846130371,1.61629319190979
