epoch,accuracy,loss,val_accuracy,val_loss
0,0.8474504947662354,0.40744781494140625,0.6502732038497925,0.637291669845581
1,0.8910661339759827,0.2970859110355377,0.7723132967948914,0.49848195910453796
2,0.9207754135131836,0.22900068759918213,0.869763195514679,0.4081842601299286
3,0.9292035102844238,0.19735726714134216,0.8825136423110962,0.5119014382362366
4,0.9325748085975647,0.1800561547279358,0.8597449660301208,0.554112434387207
5,0.9458491206169128,0.1564474254846573,0.8770492076873779,0.6414065957069397
6,0.9487990140914917,0.13700050115585327,0.8834244012832642,0.6275609135627747
7,0.9534344673156738,0.12779848277568817,0.8324226140975952,0.5920183062553406
8,0.9521702527999878,0.13560250401496887,0.8606557250022888,0.4869450330734253
9,0.9614412188529968,0.11075469851493835,0.881602942943573,0.5540909767150879
10,0.9610198140144348,0.10944043099880219,0.869763195514679,0.5547261238098145
11,0.9688158631324768,0.0923854187130928,0.8870673775672913,0.4770803451538086
12,0.9654445648193359,0.09883981943130493,0.8852459192276001,0.555898904800415
13,0.9732406139373779,0.07868897914886475,0.8870673775672913,0.6051495671272278
14,0.974294126033783,0.07735232263803482,0.8861566781997681,0.4395454525947571
15,0.9770333170890808,0.06735660880804062,0.881602942943573,0.6236463785171509
16,0.9785082340240479,0.06408045440912247,0.868852436542511,0.41479578614234924
17,0.984407901763916,0.052686549723148346,0.8952640891075134,0.5262851119041443
18,0.983565092086792,0.05256253480911255,0.811475396156311,0.6425455212593079
19,0.9867256879806519,0.04757979139685631,0.8770492076873779,0.5511165857315063
20,0.985461413860321,0.04188188910484314,0.8861566781997681,0.4847945272922516
21,0.984197199344635,0.04356849938631058,0.8624772429466248,0.6692317128181458
22,0.9896755218505859,0.03742479905486107,0.8797814249992371,0.6914228796958923
23,0.9882006049156189,0.035166990011930466,0.8633880019187927,0.46856045722961426
24,0.9871470928192139,0.03854767233133316,0.8251366019248962,0.7145727276802063
25,0.991361141204834,0.02806011214852333,0.9071038365364075,0.33492496609687805
26,0.9945216774940491,0.02088325098156929,0.9216758012771606,0.23014196753501892
27,0.993257462978363,0.025082819163799286,0.8606557250022888,0.4529778063297272
28,0.993046760559082,0.02279777266085148,0.8670309782028198,1.0255515575408936
29,0.992414653301239,0.021757841110229492,0.8497267961502075,0.7595375776290894
30,0.992836058139801,0.027411900460720062,0.8852459192276001,0.6011120676994324
31,0.992414653301239,0.023905770853161812,0.8779599070549011,0.7040861248970032
32,0.993678867816925,0.020003098994493484,0.8369763493537903,0.581468403339386
33,0.9951537847518921,0.017914583906531334,0.8825136423110962,0.5666400790214539
34,0.9947323799133301,0.018841512501239777,0.8897996544837952,0.666384220123291
35,0.99262535572052,0.025940194725990295,0.8852459192276001,0.7579712867736816
36,0.9941002726554871,0.01976068504154682,0.8324226140975952,0.9385213851928711
37,0.993257462978363,0.022533919662237167,0.8051002025604248,1.0155612230300903
38,0.9970501661300659,0.011517689563333988,0.8934426307678223,0.8950310349464417
39,0.9957859516143799,0.011398917064070702,0.9080145955085754,0.31864574551582336
40,0.9955752491950989,0.016786500811576843,0.8460837602615356,0.84447181224823
41,0.9964180588722229,0.01191373635083437,0.873406171798706,0.5707110166549683
42,0.998735785484314,0.007343993056565523,0.8897996544837952,0.6162214279174805
43,0.9949430823326111,0.012289167381823063,0.8624772429466248,1.14069664478302
44,0.9951537847518921,0.017899513244628906,0.8515482544898987,0.5443149209022522
45,0.9976822733879089,0.008740372024476528,0.8442623019218445,0.6493945121765137
46,0.9966287612915039,0.010825944133102894,0.8724954724311829,0.6617400050163269
47,0.9966287612915039,0.011288189329206944,0.8469945192337036,0.7600064277648926
48,0.9968394637107849,0.009379005990922451,0.8378870487213135,0.7076128125190735
49,0.9976822733879089,0.0075933197513222694,0.8260473608970642,1.3530967235565186
