epoch,accuracy,loss,val_accuracy,val_loss
0,0.8554572463035583,0.4059882164001465,0.7914389967918396,0.5279936194419861
1,0.8975979685783386,0.3000178635120392,0.7531875967979431,0.49224820733070374
2,0.9127686619758606,0.23443461954593658,0.8278688788414001,0.4333479106426239
3,0.9235145449638367,0.20383888483047485,0.8788706660270691,0.5314061045646667
4,0.9319427013397217,0.17399944365024567,0.8451730608940125,0.633313775062561
5,0.9382637739181519,0.15787827968597412,0.8724954724311829,0.5718078017234802
6,0.9391066431999207,0.1562713384628296,0.8570127487182617,0.5876802802085876
7,0.9521702527999878,0.13204611837863922,0.87613844871521,0.5526465773582458
8,0.9506953358650208,0.13297024369239807,0.881602942943573,0.47270718216896057
9,0.9599663019180298,0.1085943877696991,0.8879781365394592,0.6110376119613647
10,0.9639696478843689,0.10415469110012054,0.8825136423110962,0.7011242508888245
11,0.966498076915741,0.09483981132507324,0.881602942943573,0.5733444094657898
12,0.9726085066795349,0.08539266884326935,0.8979963660240173,0.5091766715049744
13,0.9719763994216919,0.09186257421970367,0.8897996544837952,0.5045711994171143
14,0.9734513163566589,0.08008287847042084,0.8852459192276001,0.6131230592727661
15,0.9766119122505188,0.07414252310991287,0.880692183971405,0.7275115251541138
16,0.976401150226593,0.07113885134458542,0.8934426307678223,0.41212666034698486
17,0.9806152582168579,0.0575072318315506,0.8861566781997681,0.40161219239234924
18,0.9810366630554199,0.05315832048654556,0.7959927320480347,0.9757253527641296
19,0.9801938533782959,0.0640098974108696,0.87613844871521,0.8358970880508423
20,0.983986496925354,0.04596430063247681,0.8642987012863159,1.0324249267578125
21,0.985672116279602,0.04372277855873108,0.7923497557640076,0.8033839464187622
22,0.9886220097541809,0.03933464735746384,0.87613844871521,0.9382316470146179
23,0.990307629108429,0.032338257879018784,0.8542805314064026,0.5495998859405518
24,0.9888327121734619,0.035465121269226074,0.8369763493537903,0.6528078317642212
25,0.985461413860321,0.052774883806705475,0.8670309782028198,0.7075098156929016
26,0.992836058139801,0.024262793362140656,0.8533697724342346,0.9822580218315125
27,0.990729033946991,0.02769593335688114,0.8888888955116272,0.6615148186683655
28,0.991150438785553,0.02482401393353939,0.8260473608970642,0.7133063673973083
29,0.985672116279602,0.040934693068265915,0.8160291314125061,0.6957817077636719
30,0.9947323799133301,0.020015304908156395,0.7285974621772766,0.9399086236953735
31,0.993678867816925,0.023331928998231888,0.875227689743042,0.9540160894393921
32,0.991361141204834,0.0276460163295269,0.8861566781997681,0.9480579495429993
33,0.9947323799133301,0.019967444241046906,0.8679417371749878,0.5455062389373779
34,0.992414653301239,0.021930430084466934,0.9061930775642395,0.2473447471857071
35,0.9947323799133301,0.019097639247775078,0.8870673775672913,0.5108214020729065
36,0.9947323799133301,0.0184168703854084,0.8715847134590149,1.0061256885528564
37,0.993468165397644,0.020884398370981216,0.8342440724372864,0.6959534287452698
38,0.9968394637107849,0.013366669416427612,0.9025501012802124,0.4623600244522095
39,0.9953645467758179,0.019220149144530296,0.8925318717956543,0.5521757006645203
40,0.9941002726554871,0.01768631674349308,0.8351548314094543,0.5171012282371521
41,0.9953645467758179,0.016838936135172844,0.7850637435913086,0.7698900103569031
42,0.9949430823326111,0.018411409109830856,0.8561019897460938,1.0842978954315186
43,0.9949430823326111,0.01624036766588688,0.8825136423110962,0.3159656524658203
44,0.9949430823326111,0.012637922540307045,0.8861566781997681,0.9574741721153259
45,0.9955752491950989,0.01765662059187889,0.9198542833328247,0.1771160513162613
46,0.9972608685493469,0.010956314392387867,0.875227689743042,0.640363872051239
47,0.9959966540336609,0.012300612404942513,0.8479052782058716,1.0247334241867065
48,0.9959966540336609,0.01015304122120142,0.880692183971405,0.747407853603363
49,0.9966287612915039,0.010703730396926403,0.8715847134590149,0.9933028221130371
