epoch,accuracy,loss,val_accuracy,val_loss
0,0.8581963777542114,0.39781811833381653,0.7795992493629456,0.546527624130249
1,0.8988621830940247,0.2845224142074585,0.7349726557731628,0.5589768886566162
2,0.9203540086746216,0.22708585858345032,0.8533697724342346,0.5126977562904358
3,0.9235145449638367,0.20092429220676422,0.8551912307739258,0.5143568515777588
4,0.9393173456192017,0.16942454874515533,0.8561019897460938,0.6089602708816528
5,0.9431099891662598,0.16091527044773102,0.881602942943573,0.5107413530349731
6,0.9500632286071777,0.13716275990009308,0.8788706660270691,0.4010968506336212
7,0.9563843011856079,0.12459705770015717,0.8561019897460938,0.5210750102996826
8,0.9599663019180298,0.11487073451280594,0.8770492076873779,0.5759566426277161
9,0.965865969657898,0.10094981640577316,0.8561019897460938,0.7198655605316162
10,0.9702907800674438,0.09393276274204254,0.8861566781997681,0.4777510166168213
11,0.9688158631324768,0.09064892679452896,0.9016393423080444,0.355876624584198
12,0.9736620187759399,0.07822280377149582,0.8925318717956543,0.44305872917175293
13,0.9776654243469238,0.07199431955814362,0.9089252948760986,0.3653944730758667
14,0.976401150226593,0.07035922259092331,0.87613844871521,0.7745788097381592
15,0.976190447807312,0.06873372197151184,0.880692183971405,0.6842859387397766
16,0.9814580678939819,0.05712178722023964,0.873406171798706,0.5749747157096863
17,0.982090175151825,0.054584383964538574,0.880692183971405,0.697141706943512
18,0.984197199344635,0.04572218656539917,0.8888888955116272,0.5902441740036011
19,0.9879899024963379,0.040349602699279785,0.8870673775672913,0.709417462348938
20,0.982722282409668,0.05160932242870331,0.8943533897399902,0.49016934633255005
21,0.9860935807228088,0.0415225550532341,0.8861566781997681,0.4896726608276367
22,0.9890434145927429,0.0335659459233284,0.8779599070549011,0.7053321003913879
23,0.9894648194313049,0.03523527830839157,0.9262295365333557,0.2334260642528534
24,0.9882006049156189,0.03870869427919388,0.9052823185920715,0.3795604705810547
25,0.991150438785553,0.030160918831825256,0.8579235076904297,0.7381044626235962
26,0.991150438785553,0.024867117404937744,0.8907103538513184,0.6947762370109558
27,0.9892541170120239,0.031932491809129715,0.8260473608970642,0.5777349472045898
28,0.99262535572052,0.0234364103525877,0.8706739544868469,0.419481098651886
29,0.991782546043396,0.026508325710892677,0.8533697724342346,1.1879429817199707
30,0.991150438785553,0.02672635018825531,0.8934426307678223,0.43020984530448914
31,0.9941002726554871,0.021224791184067726,0.7194899916648865,0.9213886857032776
32,0.9949430823326111,0.016358990222215652,0.8897996544837952,0.7153616547584534
33,0.9957859516143799,0.017462337389588356,0.8715847134590149,0.8049880266189575
34,0.991361141204834,0.03054935298860073,0.8506374955177307,1.0534240007400513
35,0.993257462978363,0.0192265622317791,0.8369763493537903,0.9680169224739075
36,0.9959966540336609,0.015805380418896675,0.8897996544837952,0.5515987873077393
37,0.9959966540336609,0.017391273751854897,0.8788706660270691,0.9267187118530273
38,0.9951537847518921,0.018672920763492584,0.8652094602584839,1.1449202299118042
39,0.993678867816925,0.020423922687768936,0.873406171798706,0.7731555700302124
40,0.9968394637107849,0.012810437008738518,0.8351548314094543,0.7422513961791992
41,0.9947323799133301,0.016925184056162834,0.874316930770874,1.0095053911209106
42,0.9953645467758179,0.01663282886147499,0.87613844871521,0.5986963510513306
43,0.9953645467758179,0.01583000272512436,0.8451730608940125,0.8176157474517822
44,0.9972608685493469,0.008013243786990643,0.8870673775672913,0.6121258735656738
45,0.9968394637107849,0.01120394840836525,0.8451730608940125,0.6159126162528992
46,0.9978929758071899,0.010733619332313538,0.875227689743042,0.5738279819488525
47,0.9962073564529419,0.012996986508369446,0.8934426307678223,0.7866663932800293
48,0.9947323799133301,0.023500779643654823,0.9016393423080444,0.42926791310310364
