epoch,accuracy,loss,val_accuracy,val_loss
0,0.8318583965301514,0.4307493269443512,0.7768670320510864,0.5339205265045166
1,0.8879055976867676,0.3267374038696289,0.8287795782089233,0.48611924052238464
2,0.9121365547180176,0.25165092945098877,0.8661202192306519,0.40723916888237
3,0.9188790321350098,0.21665960550308228,0.8861566781997681,0.3892413377761841
4,0.9363674521446228,0.17382796108722687,0.8479052782058716,0.5488848090171814
5,0.9424778819084167,0.15968012809753418,0.8333333134651184,0.6747225522994995
6,0.9553307890892029,0.13811612129211426,0.873406171798706,0.7034806609153748
7,0.9544879794120789,0.12629282474517822,0.8797814249992371,0.43091145157814026
8,0.9532237648963928,0.12866337597370148,0.8861566781997681,0.5555649995803833
9,0.9681837558746338,0.10825495421886444,0.8870673775672913,0.602447509765625
10,0.9673409461975098,0.09749062359333038,0.8834244012832642,0.47130346298217773
11,0.9709228873252869,0.08325346559286118,0.8825136423110962,0.5522409081459045
12,0.974504828453064,0.08074626326560974,0.881602942943573,0.5789695382118225
13,0.975558340549469,0.07702713459730148,0.8096539378166199,0.4617888033390045
14,0.9766119122505188,0.08153673261404037,0.8561019897460938,0.527958333492279
15,0.9776654243469238,0.060898322612047195,0.9034608602523804,0.36078426241874695
16,0.9808259606361389,0.05402231216430664,0.8834244012832642,0.5869566798210144
17,0.9804045557975769,0.06311804056167603,0.8825136423110962,0.6132092475891113
18,0.98314368724823,0.05183807760477066,0.8925318717956543,0.3242094814777374
19,0.984618604183197,0.05013323575258255,0.8479052782058716,0.5295584201812744
20,0.9867256879806519,0.04340694844722748,0.8916211128234863,0.5453695058822632
21,0.9863042831420898,0.04572366550564766,0.8907103538513184,0.3913903832435608
22,0.9884113073348999,0.033893439918756485,0.9025501012802124,0.39385730028152466
23,0.9875684976577759,0.03731662780046463,0.8825136423110962,0.4248417615890503
24,0.991150438785553,0.030802829191088676,0.8633880019187927,0.3672899901866913
25,0.990096926689148,0.028803009539842606,0.8488160371780396,1.0785071849822998
26,0.9898862242698669,0.03183286637067795,0.8287795782089233,0.7308537364006042
27,0.99262535572052,0.026320673525333405,0.8479052782058716,0.3919250965118408
28,0.991782546043396,0.028460882604122162,0.880692183971405,0.8846622109413147
29,0.9949430823326111,0.017736921086907387,0.8998178243637085,0.4169253706932068
30,0.993257462978363,0.023119907826185226,0.8897996544837952,0.6632573008537292
31,0.993678867816925,0.021812014281749725,0.8251366019248962,0.7118032574653625
32,0.9949430823326111,0.01806247979402542,0.8825136423110962,1.2040027379989624
33,0.9951537847518921,0.01893017813563347,0.8925318717956543,0.6311088800430298
34,0.993468165397644,0.021965762600302696,0.9207650423049927,0.25037118792533875
35,0.9959966540336609,0.01553433109074831,0.8515482544898987,0.6958298087120056
36,0.993889570236206,0.019761422649025917,0.8989071249961853,0.5464847087860107
37,0.9972608685493469,0.011012176051735878,0.8843351602554321,0.5784231424331665
38,0.9970501661300659,0.008994845673441887,0.8961748480796814,0.3870944082736969
39,0.9959966540336609,0.012976518832147121,0.8579235076904297,0.8442345857620239
40,0.9959966540336609,0.011471283622086048,0.8497267961502075,0.9453629851341248
41,0.9976822733879089,0.010254109278321266,0.8961748480796814,0.5199459195137024
42,0.993889570236206,0.01771199330687523,0.868852436542511,0.7256059646606445
43,0.998735785484314,0.005883467383682728,0.9043715596199036,0.3926527500152588
44,0.9955752491950989,0.014378939755260944,0.8561019897460938,0.7811130285263062
45,0.9953645467758179,0.01615779660642147,0.8561019897460938,0.7928987741470337
46,0.9970501661300659,0.009707491844892502,0.8606557250022888,0.6993674039840698
47,0.9970501661300659,0.008733752183616161,0.9234972596168518,0.42674481868743896
48,0.9970501661300659,0.010741423815488815,0.8542805314064026,0.8830082416534424
49,0.9945216774940491,0.02044757828116417,0.8387978076934814,1.1274183988571167
