epoch,accuracy,loss,val_accuracy,val_loss
0,0.6169354915618896,0.6725509166717529,0.5645161271095276,0.7093759179115295
1,0.6169354915618896,0.6656175255775452,0.5645161271095276,0.7054144740104675
2,0.6169354915618896,0.6659049391746521,0.5645161271095276,0.681631326675415
3,0.6169354915618896,0.665337860584259,0.5645161271095276,0.7031833529472351
4,0.6169354915618896,0.6628342270851135,0.5645161271095276,0.7470289468765259
5,0.6169354915618896,0.6605455279350281,0.5645161271095276,0.6877006888389587
6,0.6169354915618896,0.6605910658836365,0.5645161271095276,0.6612454652786255
7,0.6169354915618896,0.6700511574745178,0.5645161271095276,0.6849097609519958
8,0.6169354915618896,0.6690161228179932,0.5645161271095276,0.6897713541984558
9,0.6169354915618896,0.6681417226791382,0.5645161271095276,0.6869634985923767
10,0.6169354915618896,0.6659881472587585,0.5645161271095276,0.6853460669517517
11,0.6169354915618896,0.664951503276825,0.5645161271095276,0.6871954798698425
12,0.6169354915618896,0.6655121445655823,0.5645161271095276,0.6908971071243286
13,0.6169354915618896,0.6677808165550232,0.5645161271095276,0.7003203630447388
14,0.6169354915618896,0.6668504476547241,0.5645161271095276,0.6861660480499268
15,0.6169354915618896,0.6674150228500366,0.5645161271095276,0.6866751313209534
16,0.6169354915618896,0.665591835975647,0.5645161271095276,0.6892514824867249
17,0.6169354915618896,0.6672613024711609,0.5645161271095276,0.6867538690567017
18,0.6169354915618896,0.6664602756500244,0.5645161271095276,0.690919041633606
19,0.6169354915618896,0.6668273210525513,0.5645161271095276,0.6905279755592346
20,0.6169354915618896,0.6665248870849609,0.5645161271095276,0.6857485175132751
21,0.6169354915618896,0.6671487092971802,0.5645161271095276,0.6869081258773804
22,0.6169354915618896,0.6662346124649048,0.5645161271095276,0.6887244582176208
23,0.6169354915618896,0.6663132309913635,0.5645161271095276,0.6894677877426147
24,0.6169354915618896,0.6659507155418396,0.5645161271095276,0.6917734742164612
25,0.6169354915618896,0.6659349799156189,0.5645161271095276,0.6908684968948364
26,0.6169354915618896,0.6654175519943237,0.5645161271095276,0.6909635066986084
27,0.6169354915618896,0.6664535999298096,0.5645161271095276,0.6900485754013062
28,0.6169354915618896,0.6666415333747864,0.5645161271095276,0.6874791383743286
29,0.6169354915618896,0.6670483946800232,0.5645161271095276,0.6878076195716858
