epoch,accuracy,loss,val_accuracy,val_loss
0,0.6142473220825195,0.6831953525543213,0.5645161271095276,0.6893230676651001
1,0.6169354915618896,0.6704394817352295,0.5645161271095276,0.6867773532867432
2,0.6169354915618896,0.6666228771209717,0.5645161271095276,0.6867871880531311
3,0.6169354915618896,0.6688677072525024,0.5645161271095276,0.6853504180908203
4,0.6169354915618896,0.6665370464324951,0.5645161271095276,0.6892039179801941
5,0.6169354915618896,0.6656022667884827,0.5645161271095276,0.6850346922874451
6,0.6169354915618896,0.6653002500534058,0.5645161271095276,0.6864984631538391
7,0.6169354915618896,0.6648747324943542,0.5645161271095276,0.6959095597267151
8,0.6169354915618896,0.668941080570221,0.5645161271095276,0.6901389360427856
9,0.6169354915618896,0.6684063076972961,0.5645161271095276,0.6864124536514282
10,0.6169354915618896,0.6673150658607483,0.5645161271095276,0.6886376738548279
11,0.6169354915618896,0.6664825677871704,0.5645161271095276,0.6854138374328613
12,0.6169354915618896,0.6679233312606812,0.5645161271095276,0.6867684125900269
13,0.6169354915618896,0.6654225587844849,0.5645161271095276,0.6987304091453552
14,0.6169354915618896,0.667168140411377,0.5645161271095276,0.6869673132896423
15,0.6169354915618896,0.6661400198936462,0.5645161271095276,0.6880882978439331
16,0.6169354915618896,0.6675810217857361,0.5645161271095276,0.6903834342956543
17,0.6169354915618896,0.6658547520637512,0.5645161271095276,0.6901637315750122
18,0.6169354915618896,0.6663562655448914,0.5645161271095276,0.6889907121658325
19,0.6169354915618896,0.6675217151641846,0.5645161271095276,0.6897702813148499
20,0.6169354915618896,0.6650216579437256,0.5645161271095276,0.6911152601242065
21,0.6169354915618896,0.6664234399795532,0.5645161271095276,0.6887922286987305
22,0.6169354915618896,0.6668910384178162,0.5645161271095276,0.6923549175262451
23,0.6169354915618896,0.6666629314422607,0.5645161271095276,0.6875724792480469
24,0.6169354915618896,0.665571391582489,0.5645161271095276,0.6909021139144897
25,0.6169354915618896,0.6660257577896118,0.5645161271095276,0.6889840364456177
26,0.6169354915618896,0.6667824387550354,0.5645161271095276,0.692511260509491
27,0.6169354915618896,0.666342556476593,0.5645161271095276,0.6890503168106079
28,0.6169354915618896,0.666480302810669,0.5645161271095276,0.6896669268608093
29,0.6169354915618896,0.6655083298683167,0.5645161271095276,0.687839150428772
