epoch,accuracy,loss,val_accuracy,val_loss
0,0.6162634491920471,0.6752561926841736,0.5645161271095276,0.6887028813362122
1,0.6169354915618896,0.6659894585609436,0.5645161271095276,0.6817706823348999
2,0.6169354915618896,0.6649876832962036,0.5645161271095276,0.6994149684906006
3,0.6169354915618896,0.6671769022941589,0.5645161271095276,0.6814597845077515
4,0.6169354915618896,0.6655164957046509,0.5645161271095276,0.685237467288971
5,0.6169354915618896,0.6694654822349548,0.5645161271095276,0.6873040795326233
6,0.6169354915618896,0.6676260232925415,0.5645161271095276,0.6990258097648621
7,0.6169354915618896,0.6688486933708191,0.5645161271095276,0.6928351521492004
8,0.6169354915618896,0.6669405698776245,0.5645161271095276,0.688149094581604
9,0.6169354915618896,0.6678367257118225,0.5645161271095276,0.6908475756645203
10,0.6169354915618896,0.667334794998169,0.5645161271095276,0.6892950534820557
11,0.6169354915618896,0.6666046977043152,0.5645161271095276,0.691813051700592
12,0.6169354915618896,0.6656044721603394,0.5645161271095276,0.6858326196670532
13,0.6169354915618896,0.6675875782966614,0.5645161271095276,0.6861648559570312
14,0.6169354915618896,0.6672240495681763,0.5645161271095276,0.6903384923934937
15,0.6169354915618896,0.6658995151519775,0.5645161271095276,0.6909556984901428
16,0.6169354915618896,0.6665778756141663,0.5645161271095276,0.6912041902542114
17,0.6169354915618896,0.6662439703941345,0.5645161271095276,0.6892183423042297
18,0.6169354915618896,0.6667104959487915,0.5645161271095276,0.6916344165802002
19,0.6169354915618896,0.6663330793380737,0.5645161271095276,0.689637303352356
20,0.6169354915618896,0.6657254695892334,0.5645161271095276,0.6936540603637695
21,0.6169354915618896,0.6642330288887024,0.5645161271095276,0.6881665587425232
22,0.6169354915618896,0.667395830154419,0.5645161271095276,0.6886782646179199
23,0.6169354915618896,0.6677306890487671,0.5645161271095276,0.6870227456092834
24,0.6169354915618896,0.6668527126312256,0.5645161271095276,0.6894328594207764
25,0.6169354915618896,0.6649639010429382,0.5645161271095276,0.6961262822151184
26,0.6169354915618896,0.6660783886909485,0.5645161271095276,0.6871697902679443
27,0.6169354915618896,0.6659653782844543,0.5645161271095276,0.690989077091217
28,0.6169354915618896,0.6661660075187683,0.5645161271095276,0.6877425312995911
