epoch,accuracy,loss,val_accuracy,val_loss
0,0.6122311949729919,0.6763948202133179,0.5645161271095276,0.6901596784591675
1,0.6169354915618896,0.6672136187553406,0.5645161271095276,0.6857650279998779
2,0.6169354915618896,0.6684616804122925,0.5645161271095276,0.6912893652915955
3,0.6169354915618896,0.6669793128967285,0.5645161271095276,0.6835476160049438
4,0.6169354915618896,0.6653105020523071,0.5645161271095276,0.6834098100662231
5,0.6169354915618896,0.6614086031913757,0.5645161271095276,0.6785004138946533
6,0.6169354915618896,0.6590182781219482,0.5645161271095276,0.6791388988494873
7,0.6169354915618896,0.6660716533660889,0.5645161271095276,0.6990681290626526
8,0.6169354915618896,0.6701196432113647,0.5645161271095276,0.6959844827651978
9,0.6169354915618896,0.6679999232292175,0.5645161271095276,0.6941990256309509
10,0.6169354915618896,0.6668571829795837,0.5645161271095276,0.692251980304718
11,0.6169354915618896,0.6665880680084229,0.5645161271095276,0.6899021863937378
12,0.6169354915618896,0.6678187847137451,0.5645161271095276,0.6906079649925232
13,0.6169354915618896,0.6669323444366455,0.5645161271095276,0.6901328563690186
14,0.6169354915618896,0.6665278077125549,0.5645161271095276,0.6896976232528687
15,0.6169354915618896,0.6665219664573669,0.5645161271095276,0.6869940757751465
16,0.6169354915618896,0.6665418148040771,0.5645161271095276,0.6886307001113892
17,0.6169354915618896,0.6659705638885498,0.5645161271095276,0.6890457272529602
18,0.6169354915618896,0.6665998101234436,0.5645161271095276,0.688798725605011
19,0.6169354915618896,0.6658084988594055,0.5645161271095276,0.691161036491394
20,0.6169354915618896,0.6667027473449707,0.5645161271095276,0.6886873841285706
21,0.6169354915618896,0.6646284461021423,0.5645161271095276,0.6913031339645386
22,0.6169354915618896,0.6673346757888794,0.5645161271095276,0.6894075870513916
23,0.6169354915618896,0.6664702892303467,0.5645161271095276,0.6938127875328064
24,0.6169354915618896,0.6664380431175232,0.5645161271095276,0.6892238259315491
25,0.6169354915618896,0.6664907932281494,0.5645161271095276,0.6869033575057983
26,0.6169354915618896,0.6674453020095825,0.5645161271095276,0.6904778480529785
27,0.6169354915618896,0.665720522403717,0.5645161271095276,0.686365008354187
28,0.6169354915618896,0.6667099595069885,0.5645161271095276,0.6899482011795044
29,0.6169354915618896,0.6652454137802124,0.5645161271095276,0.6939237713813782
