epoch,accuracy,loss,val_accuracy,val_loss
0,0.613575279712677,0.6710821986198425,0.5645161271095276,0.7218989729881287
1,0.6169354915618896,0.6666000485420227,0.5645161271095276,0.6863995790481567
2,0.6169354915618896,0.6696845889091492,0.5645161271095276,0.6864504218101501
3,0.6169354915618896,0.6649186611175537,0.5645161271095276,0.6824886798858643
4,0.6169354915618896,0.6681190133094788,0.5645161271095276,0.6841440796852112
5,0.6169354915618896,0.6626718044281006,0.5645161271095276,0.6943455934524536
6,0.6169354915618896,0.669019341468811,0.5645161271095276,0.6929265260696411
7,0.6169354915618896,0.666012704372406,0.5645161271095276,0.6863292455673218
8,0.6169354915618896,0.6663016676902771,0.5645161271095276,0.6929547786712646
9,0.6169354915618896,0.6677179336547852,0.5645161271095276,0.6872255206108093
10,0.6169354915618896,0.6665093898773193,0.5645161271095276,0.6899837255477905
11,0.6169354915618896,0.6669357419013977,0.5645161271095276,0.6923902630805969
12,0.6169354915618896,0.6657370328903198,0.5645161271095276,0.6889140009880066
13,0.6169354915618896,0.6672046780586243,0.5645161271095276,0.6950428485870361
14,0.6169354915618896,0.6669132113456726,0.5645161271095276,0.6910530924797058
15,0.6169354915618896,0.6659349203109741,0.5645161271095276,0.6857728958129883
16,0.6169354915618896,0.6678246259689331,0.5645161271095276,0.6879559755325317
17,0.6169354915618896,0.6666045784950256,0.5645161271095276,0.6887074708938599
18,0.6169354915618896,0.6673469543457031,0.5645161271095276,0.6901374459266663
19,0.6169354915618896,0.6666013598442078,0.5645161271095276,0.6897755861282349
20,0.6169354915618896,0.6667605638504028,0.5645161271095276,0.6891940832138062
21,0.6169354915618896,0.6671187877655029,0.5645161271095276,0.6918318271636963
22,0.6169354915618896,0.6652739644050598,0.5645161271095276,0.6910261511802673
23,0.6169354915618896,0.6664503812789917,0.5645161271095276,0.6894488334655762
24,0.6169354915618896,0.6664300560951233,0.5645161271095276,0.6885054111480713
25,0.6169354915618896,0.6663679480552673,0.5645161271095276,0.6894461512565613
26,0.6169354915618896,0.6668915748596191,0.5645161271095276,0.6929122805595398
27,0.6169354915618896,0.666878342628479,0.5645161271095276,0.6886249780654907
28,0.6169354915618896,0.6667796969413757,0.5645161271095276,0.6888166666030884
