epoch,accuracy,loss,val_accuracy,val_loss
0,0.6155914068222046,0.67204749584198,0.5645161271095276,0.6870806813240051
1,0.6169354915618896,0.6669302582740784,0.5645161271095276,0.6834698915481567
2,0.6169354915618896,0.6651890873908997,0.5645161271095276,0.6832364201545715
3,0.6169354915618896,0.6671758890151978,0.5645161271095276,0.6829540729522705
4,0.6169354915618896,0.6686811447143555,0.5645161271095276,0.6830805540084839
5,0.6169354915618896,0.6652519702911377,0.5645161271095276,0.6866422295570374
6,0.6169354915618896,0.6676809787750244,0.5645161271095276,0.6895043849945068
7,0.6169354915618896,0.66329425573349,0.5645161271095276,0.6849173903465271
8,0.6169354915618896,0.6673718094825745,0.5645161271095276,0.6890542507171631
9,0.6169354915618896,0.6669898629188538,0.5645161271095276,0.6943128705024719
10,0.6169354915618896,0.6672642230987549,0.5645161271095276,0.6878600716590881
11,0.6169354915618896,0.6661731600761414,0.5645161271095276,0.6900002360343933
12,0.6169354915618896,0.6665149927139282,0.5645161271095276,0.6883876323699951
13,0.6169354915618896,0.6669942736625671,0.5645161271095276,0.6894168853759766
14,0.6169354915618896,0.6674960255622864,0.5645161271095276,0.6899102330207825
15,0.6169354915618896,0.6661561131477356,0.5645161271095276,0.6896845698356628
16,0.6169354915618896,0.6660823822021484,0.5645161271095276,0.6924458742141724
17,0.6169354915618896,0.6663714051246643,0.5645161271095276,0.6877531409263611
18,0.6169354915618896,0.666620671749115,0.5645161271095276,0.6881319284439087
19,0.6169354915618896,0.6657098531723022,0.5645161271095276,0.6908134818077087
20,0.6169354915618896,0.6660962700843811,0.5645161271095276,0.6899963617324829
21,0.6169354915618896,0.666037380695343,0.5645161271095276,0.6885151863098145
22,0.6169354915618896,0.6670875549316406,0.5645161271095276,0.6892643570899963
23,0.6169354915618896,0.6662914156913757,0.5645161271095276,0.6902440190315247
24,0.6169354915618896,0.6659589409828186,0.5645161271095276,0.6885979771614075
25,0.6169354915618896,0.6671102643013,0.5645161271095276,0.6899457573890686
26,0.6169354915618896,0.665964663028717,0.5645161271095276,0.6889216899871826
27,0.6169354915618896,0.6660427451133728,0.5645161271095276,0.6927247643470764
28,0.6169354915618896,0.6669098138809204,0.5645161271095276,0.6905351281166077
