epoch,accuracy,loss,val_accuracy,val_loss
0,0.6102150678634644,0.6696351766586304,0.5645161271095276,0.6901232600212097
1,0.6169354915618896,0.6709871888160706,0.5645161271095276,0.6885471343994141
2,0.6169354915618896,0.6663390398025513,0.5645161271095276,0.6871746182441711
3,0.6169354915618896,0.6676009893417358,0.5645161271095276,0.6835749745368958
4,0.6169354915618896,0.6620446443557739,0.5645161271095276,0.715962827205658
5,0.6169354915618896,0.6645566821098328,0.5645161271095276,0.7076400518417358
6,0.6169354915618896,0.6643601059913635,0.5645161271095276,0.7134577631950378
7,0.6169354915618896,0.6674639582633972,0.5645161271095276,0.6842687726020813
8,0.6169354915618896,0.6632083058357239,0.5645161271095276,0.6785901784896851
9,0.6169354915618896,0.6619411110877991,0.5645161271095276,0.6857205629348755
10,0.6169354915618896,0.6687608361244202,0.5645161271095276,0.6859232783317566
11,0.6169354915618896,0.6667169332504272,0.5645161271095276,0.6899644732475281
12,0.6169354915618896,0.6676684617996216,0.5645161271095276,0.6876664161682129
13,0.6169354915618896,0.6665569543838501,0.5645161271095276,0.6861386299133301
14,0.6169354915618896,0.6679528951644897,0.5645161271095276,0.6904148459434509
15,0.6169354915618896,0.6670526266098022,0.5645161271095276,0.6888924837112427
16,0.6169354915618896,0.6662262678146362,0.5645161271095276,0.6938788294792175
17,0.6169354915618896,0.667111337184906,0.5645161271095276,0.6938983798027039
18,0.6169354915618896,0.6673741340637207,0.5645161271095276,0.6904270648956299
19,0.6169354915618896,0.6665199398994446,0.5645161271095276,0.6923015117645264
20,0.6169354915618896,0.6672057509422302,0.5645161271095276,0.6915674805641174
21,0.6169354915618896,0.6669506430625916,0.5645161271095276,0.6909728646278381
22,0.6169354915618896,0.666649341583252,0.5645161271095276,0.6895972490310669
23,0.6169354915618896,0.6662665605545044,0.5645161271095276,0.6867919564247131
24,0.6169354915618896,0.6658368110656738,0.5645161271095276,0.6907331943511963
25,0.6169354915618896,0.6659109592437744,0.5645161271095276,0.6895261406898499
26,0.6169354915618896,0.6671262383460999,0.5645161271095276,0.6883074641227722
27,0.6169354915618896,0.6654460430145264,0.5645161271095276,0.6857384443283081
28,0.6169354915618896,0.6679711937904358,0.5645161271095276,0.6876240968704224
29,0.6169354915618896,0.6659231781959534,0.5645161271095276,0.6904698610305786
