epoch,accuracy,loss,val_accuracy,val_loss
0,0.6162634491920471,0.6771240234375,0.5645161271095276,0.6875664591789246
1,0.6169354915618896,0.6670526266098022,0.5645161271095276,0.7012934684753418
2,0.6169354915618896,0.6705133318901062,0.5645161271095276,0.6852976083755493
3,0.6169354915618896,0.6630708575248718,0.5645161271095276,0.6909968852996826
4,0.6169354915618896,0.6626208424568176,0.5645161271095276,0.6799547672271729
5,0.6169354915618896,0.646963357925415,0.5645161271095276,0.6574161648750305
6,0.6088709831237793,0.6399132609367371,0.5645161271095276,0.6576225161552429
7,0.6169354915618896,0.6690908074378967,0.5645161271095276,0.6858533024787903
8,0.6169354915618896,0.6677242517471313,0.5645161271095276,0.7105424404144287
9,0.6169354915618896,0.6662201285362244,0.5645161271095276,0.6880986094474792
10,0.6169354915618896,0.6677513718605042,0.5645161271095276,0.6859225034713745
11,0.6169354915618896,0.6674314737319946,0.5645161271095276,0.6861147880554199
12,0.6169354915618896,0.6666332483291626,0.5645161271095276,0.688364565372467
13,0.6169354915618896,0.6667494177818298,0.5645161271095276,0.693087100982666
14,0.6169354915618896,0.6672236919403076,0.5645161271095276,0.690850019454956
15,0.6169354915618896,0.6662367582321167,0.5645161271095276,0.6900063753128052
16,0.6169354915618896,0.6679558753967285,0.5645161271095276,0.6864584684371948
17,0.6169354915618896,0.6668053865432739,0.5645161271095276,0.6898910999298096
18,0.6169354915618896,0.6656617522239685,0.5645161271095276,0.6927697062492371
19,0.6169354915618896,0.6667838096618652,0.5645161271095276,0.6868998408317566
20,0.6169354915618896,0.6673730611801147,0.5645161271095276,0.689458429813385
21,0.6169354915618896,0.6668189167976379,0.5645161271095276,0.6883542537689209
22,0.6169354915618896,0.6666702628135681,0.5645161271095276,0.692668080329895
23,0.6169354915618896,0.6669428944587708,0.5645161271095276,0.686741292476654
24,0.6169354915618896,0.6661673784255981,0.5645161271095276,0.6934363842010498
25,0.6169354915618896,0.667123019695282,0.5645161271095276,0.6898093223571777
26,0.6169354915618896,0.6666184067726135,0.5645161271095276,0.6894382238388062
27,0.6169354915618896,0.6667622923851013,0.5645161271095276,0.6891613006591797
28,0.6169354915618896,0.6658069491386414,0.5645161271095276,0.6877077221870422
29,0.6169354915618896,0.6672570109367371,0.5645161271095276,0.6885668039321899
