epoch,accuracy,loss,val_accuracy,val_loss
0,0.6155914068222046,0.6724377274513245,0.5645161271095276,0.6837756037712097
1,0.6169354915618896,0.6703760027885437,0.5645161271095276,0.6831493377685547
2,0.6169354915618896,0.6634358763694763,0.5645161271095276,0.7578689455986023
3,0.6169354915618896,0.6674123406410217,0.5645161271095276,0.6994498372077942
4,0.6169354915618896,0.6663487553596497,0.5645161271095276,0.6916911602020264
5,0.6169354915618896,0.667798638343811,0.5645161271095276,0.6865366101264954
6,0.6169354915618896,0.6678122878074646,0.5645161271095276,0.696717381477356
7,0.6169354915618896,0.6672368049621582,0.5645161271095276,0.6868686676025391
8,0.6169354915618896,0.6677579879760742,0.5645161271095276,0.6858195066452026
9,0.6169354915618896,0.6660794615745544,0.5645161271095276,0.6906623244285583
10,0.6169354915618896,0.6657229065895081,0.5645161271095276,0.6865487098693848
11,0.6169354915618896,0.6665619611740112,0.5645161271095276,0.6914082765579224
12,0.6169354915618896,0.6672502756118774,0.5645161271095276,0.6890243291854858
13,0.6169354915618896,0.6669206619262695,0.5645161271095276,0.6908279657363892
14,0.6169354915618896,0.6666856408119202,0.5645161271095276,0.6871350407600403
15,0.6169354915618896,0.6667018532752991,0.5645161271095276,0.6862046718597412
16,0.6169354915618896,0.6660171151161194,0.5645161271095276,0.6875529289245605
17,0.6169354915618896,0.6662755608558655,0.5645161271095276,0.6966069340705872
18,0.6169354915618896,0.666117250919342,0.5645161271095276,0.6872751116752625
19,0.6169354915618896,0.6661257147789001,0.5645161271095276,0.6946825385093689
20,0.6169354915618896,0.6667335033416748,0.5645161271095276,0.6905977725982666
21,0.6169354915618896,0.6670498251914978,0.5645161271095276,0.6893330812454224
22,0.6169354915618896,0.666482150554657,0.5645161271095276,0.6966901421546936
23,0.6169354915618896,0.6668082475662231,0.5645161271095276,0.6873887777328491
24,0.6169354915618896,0.6674414277076721,0.5645161271095276,0.6904008984565735
25,0.6169354915618896,0.6656238436698914,0.5645161271095276,0.6877316832542419
26,0.6169354915618896,0.6657448410987854,0.5645161271095276,0.6887073516845703
