epoch,accuracy,loss,val_accuracy,val_loss
0,0.613575279712677,0.6767935752868652,0.5645161271095276,0.6839034557342529
1,0.6169354915618896,0.6713054180145264,0.5645161271095276,0.6840400099754333
2,0.6169354915618896,0.6675344109535217,0.5645161271095276,0.6893889904022217
3,0.6169354915618896,0.6655609607696533,0.5645161271095276,0.6945380568504333
4,0.6169354915618896,0.6684700846672058,0.5645161271095276,0.6838972568511963
5,0.6169354915618896,0.666022002696991,0.5645161271095276,0.687737762928009
6,0.6169354915618896,0.666513204574585,0.5645161271095276,0.7027999758720398
7,0.6169354915618896,0.6667224764823914,0.5645161271095276,0.6865888833999634
8,0.6169354915618896,0.6678284406661987,0.5645161271095276,0.6858869791030884
9,0.6169354915618896,0.6666131615638733,0.5645161271095276,0.6905983686447144
10,0.6169354915618896,0.6665398478507996,0.5645161271095276,0.695780873298645
11,0.6169354915618896,0.66677325963974,0.5645161271095276,0.6887160539627075
12,0.6169354915618896,0.6652049422264099,0.5645161271095276,0.6905564069747925
13,0.6169354915618896,0.6671890020370483,0.5645161271095276,0.689830482006073
14,0.6169354915618896,0.6668972969055176,0.5645161271095276,0.6861246824264526
15,0.6169354915618896,0.6674793362617493,0.5645161271095276,0.6889960765838623
16,0.6169354915618896,0.6663693785667419,0.5645161271095276,0.6865866184234619
17,0.6169354915618896,0.6666460633277893,0.5645161271095276,0.6877272725105286
18,0.6169354915618896,0.6660991907119751,0.5645161271095276,0.6902700662612915
19,0.6169354915618896,0.6671051979064941,0.5645161271095276,0.6905345916748047
20,0.6169354915618896,0.6662634611129761,0.5645161271095276,0.6908856630325317
21,0.6169354915618896,0.6664788722991943,0.5645161271095276,0.6925072073936462
22,0.6169354915618896,0.6669217348098755,0.5645161271095276,0.6888365149497986
23,0.6169354915618896,0.6656567454338074,0.5645161271095276,0.6900589466094971
24,0.6169354915618896,0.6663070917129517,0.5645161271095276,0.6918885707855225
25,0.6169354915618896,0.6662841439247131,0.5645161271095276,0.6879651546478271
26,0.6169354915618896,0.6664723753929138,0.5645161271095276,0.6893782019615173
27,0.6169354915618896,0.6668329834938049,0.5645161271095276,0.6902117729187012
28,0.6169354915618896,0.6667711138725281,0.5645161271095276,0.6899287104606628
29,0.6169354915618896,0.6663510203361511,0.5645161271095276,0.6881750822067261
