epoch,accuracy,loss,lr,val_accuracy,val_loss
0,0.6217257380485535,0.8258293867111206,0.001,0.27774855494499207,1.861686110496521
1,0.7663713693618774,0.5779373049736023,0.001,0.26301947236061096,1.7590601444244385
2,0.7879430055618286,0.518768846988678,0.001,0.5702261924743652,0.8805877566337585
3,0.7929506897926331,0.5129573345184326,0.001,0.5681220293045044,0.990570068359375
4,0.8112480640411377,0.4568353593349457,0.001,0.6301946640014648,0.9699347615242004
5,0.8176040053367615,0.4283941984176636,0.001,0.5854813456535339,1.0697084665298462
6,0.8224191069602966,0.42285823822021484,0.001,0.5875855088233948,1.0660746097564697
7,0.8305084705352783,0.4100908041000366,0.001,0.5954760909080505,1.0322431325912476
8,0.8353235721588135,0.3957236111164093,0.001,0.6149395108222961,1.0155229568481445
9,0.8434129357337952,0.37118643522262573,0.001,0.5118358731269836,1.6410616636276245
10,0.85920649766922,0.3456006944179535,0.001,0.6433455944061279,0.8733437061309814
11,0.8543913960456848,0.36639484763145447,0.001,0.5812730193138123,1.1877992153167725
12,0.8580508232116699,0.3448258340358734,0.001,0.5665439367294312,1.2777280807495117
13,0.8644067645072937,0.33586928248405457,0.001,0.6417675018310547,0.8611181974411011
14,0.8684514760971069,0.3268144428730011,0.001,0.5533929467201233,1.6630409955978394
15,0.8549692034721375,0.36087122559547424,0.001,0.7012099027633667,0.808478832244873
16,0.8748074173927307,0.3229871988296509,0.001,0.6617569923400879,1.0403660535812378
17,0.8775038719177246,0.3052007853984833,0.001,0.5244607925415039,1.8946919441223145
18,0.8773112297058105,0.3009105324745178,0.001,0.5970541834831238,1.1907484531402588
19,0.8753852248191833,0.30859726667404175,0.001,0.669121503829956,1.1529418230056763
20,0.875963032245636,0.3062337636947632,0.001,0.6175696849822998,0.9155406355857849
21,0.8886748552322388,0.2778269946575165,0.001,0.6701735854148865,0.8585752844810486
22,0.8896378874778748,0.2823239266872406,0.001,0.6123093366622925,1.0512921810150146
23,0.8788520693778992,0.29884669184684753,0.001,0.637559175491333,1.4987380504608154
24,0.8800076842308044,0.29917916655540466,0.001,0.6301946640014648,1.11637544631958
25,0.8857858180999756,0.2946929335594177,0.001,0.579694926738739,1.100244164466858
26,0.8828967809677124,0.28652188181877136,0.001,0.6328248381614685,1.148685336112976
27,0.8952234387397766,0.2688584625720978,0.001,0.598632276058197,1.0816655158996582
28,0.8846302032470703,0.2787344753742218,0.001,0.6743819117546082,0.9654355645179749
29,0.8865562677383423,0.2788461446762085,0.001,0.6259863376617432,1.1939506530761719
30,0.8932973742485046,0.26643988490104675,0.001,0.5975801944732666,1.1842840909957886
31,0.8958012461662292,0.2507196068763733,0.0003,0.6680694222450256,0.9647656083106995
32,0.9044684171676636,0.23532596230506897,0.0003,0.6517622470855713,1.071338415145874
33,0.9054314494132996,0.23218539357185364,0.0003,0.6522882580757141,1.0534697771072388
34,0.9073574542999268,0.23893846571445465,0.0003,0.6217780113220215,1.1095424890518188
35,0.9140986204147339,0.21289193630218506,0.0003,0.6501840949058533,1.0226287841796875
36,0.902157187461853,0.23558761179447174,0.0003,0.6622830033302307,1.0565264225006104
37,0.9050462245941162,0.2318069338798523,0.0003,0.6633350849151611,0.9980836510658264
38,0.9108243584632874,0.22538164258003235,0.0003,0.6864808201789856,0.9569823741912842
39,0.9175654649734497,0.21235240995883942,0.0003,0.6575486660003662,1.3142353296279907
40,0.910439133644104,0.2185957431793213,0.0003,0.6780641674995422,1.0820214748382568
41,0.9202619194984436,0.20862552523612976,0.0003,0.6827985048294067,1.0278608798980713
42,0.9167950749397278,0.20950011909008026,0.0003,0.6664913296699524,1.1861200332641602
43,0.9131355881690979,0.22017192840576172,0.0003,0.6922672390937805,0.9718117713928223
44,0.918913722038269,0.2097247838973999,0.0003,0.6670173406600952,1.0757725238800049
45,0.9117873907089233,0.22042208909988403,0.0003,0.6470279097557068,1.2052720785140991
46,0.9277734756469727,0.20415368676185608,9e-05,0.6712256669998169,1.0754642486572266
47,0.9162172675132751,0.202568918466568,9e-05,0.6770120859146118,1.0497398376464844
48,0.9216101765632629,0.1956086903810501,9e-05,0.6633350849151611,1.1381155252456665
49,0.9275808930397034,0.19342373311519623,9e-05,0.6638611555099487,1.0356084108352661
