epoch,accuracy,loss,lr,val_accuracy,val_loss
0,0.6429121494293213,0.802894651889801,0.001,0.26301947236061096,1.8419133424758911
1,0.7725346684455872,0.5409407615661621,0.001,0.26301947236061096,1.5372498035430908
2,0.7944915294647217,0.4862746000289917,0.001,0.6743819117546082,0.7730509042739868
3,0.8131741285324097,0.44502198696136475,0.001,0.6570225954055786,0.755099892616272
4,0.8226116895675659,0.4212804138660431,0.001,0.7054182291030884,0.7905073761940002
5,0.8341679573059082,0.3877038359642029,0.001,0.5060494542121887,1.5154445171356201
6,0.8347457647323608,0.3739708364009857,0.001,0.6601788401603699,0.899856448173523
7,0.8507319092750549,0.3679490387439728,0.001,0.6696475744247437,0.9080349206924438
8,0.8397534489631653,0.3609916865825653,0.001,0.5286691188812256,1.5531567335128784
9,0.849768877029419,0.3635779619216919,0.001,0.7127827405929565,0.8407977819442749
10,0.8645994067192078,0.3181757926940918,0.001,0.658074676990509,0.906441330909729
11,0.8649845719337463,0.318339079618454,0.001,0.6044187545776367,1.0993236303329468
12,0.8593990802764893,0.3331238031387329,0.001,0.7085744142532349,0.9624356031417847
13,0.865562379360199,0.3186204731464386,0.001,0.7017359137535095,0.8002247214317322
14,0.8761556148529053,0.2928861677646637,0.001,0.7075223326683044,0.8526495099067688
15,0.8757703900337219,0.3000209927558899,0.001,0.6617569923400879,1.1632790565490723
16,0.8763482570648193,0.2980981469154358,0.001,0.6607049107551575,0.9119818210601807
17,0.882511556148529,0.2876713275909424,0.001,0.6964755654335022,0.8648261427879333
18,0.8798151016235352,0.289228618144989,0.001,0.6901630759239197,1.0682578086853027
19,0.8954160213470459,0.2626233994960785,0.0003,0.7432929873466492,0.9323998689651489
20,0.9013867378234863,0.236341193318367,0.0003,0.6685954928398132,1.0570068359375
21,0.8971494436264038,0.25448739528656006,0.0003,0.7012099027633667,0.858529806137085
22,0.8965716361999512,0.2463579922914505,0.0003,0.7417148947715759,0.9398344159126282
23,0.9108243584632874,0.234295055270195,0.0003,0.7322461605072021,0.968818724155426
24,0.9073574542999268,0.23097209632396698,0.0003,0.7027879953384399,0.987448513507843
25,0.9060092568397522,0.2334374487400055,0.0003,0.7406628131866455,1.0123547315597534
26,0.9046609997749329,0.2349933683872223,0.0003,0.6854287385940552,1.0668749809265137
27,0.9056240320205688,0.23296838998794556,0.0003,0.7327722311019897,0.9974549412727356
28,0.9048536419868469,0.2364579141139984,0.0003,0.7296159863471985,0.9390971660614014
29,0.901964545249939,0.23682381212711334,0.0003,0.724881649017334,0.9295381307601929
30,0.9004237055778503,0.24473407864570618,0.0003,0.6365070939064026,1.3611751794815063
31,0.9044684171676636,0.24046501517295837,0.0003,0.7264597415924072,0.9694703221321106
32,0.901194155216217,0.23810985684394836,0.0003,0.734350323677063,0.9062737822532654
33,0.909476101398468,0.2331574410200119,0.0003,0.7227774858474731,1.0087696313858032
34,0.9071648716926575,0.23090364038944244,9e-05,0.74539715051651,0.9329760670661926
35,0.9142912030220032,0.22460928559303284,9e-05,0.7348763942718506,0.9786291718482971
36,0.9200693368911743,0.2141094207763672,9e-05,0.7211993932723999,0.9867668151855469
37,0.9129430055618286,0.2186882197856903,9e-05,0.7401367425918579,1.042673945426941
38,0.9192989468574524,0.21608850359916687,9e-05,0.7548658847808838,0.9812200665473938
39,0.9102465510368347,0.2196291983127594,9e-05,0.7322461605072021,1.0082120895385742
40,0.9129430055618286,0.21981708705425262,9e-05,0.7480273246765137,0.9568644165992737
41,0.9140986204147339,0.21352845430374146,9e-05,0.7448711395263672,0.9698477983474731
42,0.9171802997589111,0.2180701047182083,9e-05,0.735928475856781,0.9908058047294617
43,0.9167950749397278,0.21249280869960785,9e-05,0.7522356510162354,0.953037679195404
44,0.9131355881690979,0.21804574131965637,9e-05,0.7264597415924072,1.0378055572509766
45,0.9144838452339172,0.21417111158370972,9e-05,0.7475013136863708,0.9790675640106201
46,0.9081279039382935,0.22797508537769318,9e-05,0.7106785774230957,1.086222529411316
47,0.9156394600868225,0.2183675467967987,9e-05,0.7348763942718506,1.0080293416976929
48,0.9169876575469971,0.21513228118419647,9e-05,0.7311940789222717,0.9746336936950684
49,0.9158320426940918,0.21175208687782288,2.7e-05,0.7443450689315796,0.9817595481872559
