epoch,accuracy,loss,lr,val_accuracy,val_loss
0,0.5778120160102844,0.887932300567627,0.001,0.2651236057281494,2.0644426345825195
1,0.7265022993087769,0.6378470063209534,0.001,0.294581800699234,1.3466546535491943
2,0.7804314494132996,0.533748984336853,0.001,0.5839031934738159,0.7415286898612976
3,0.8102850317955017,0.4619632959365845,0.001,0.6864808201789856,0.7192438840866089
4,0.8083590269088745,0.44475439190864563,0.001,0.5376117825508118,1.2629554271697998
5,0.8106702566146851,0.44507959485054016,0.001,0.7133088111877441,0.7961611151695251
6,0.8179892301559448,0.4199323058128357,0.001,0.6333508491516113,0.9410810470581055
7,0.8176040053367615,0.4313114583492279,0.001,0.6770120859146118,0.8925206065177917
8,0.8297380805015564,0.3873053789138794,0.001,0.6649131774902344,0.8216574788093567
9,0.8407164812088013,0.37449291348457336,0.001,0.5933719277381897,1.1488021612167358
10,0.8432203531265259,0.3790243864059448,0.001,0.6454497575759888,0.7538141012191772
11,0.8437981605529785,0.37210026383399963,0.001,0.6912151575088501,0.7415470480918884
12,0.8526579141616821,0.3470219671726227,0.001,0.5975801944732666,0.9826856255531311
13,0.8495762944221497,0.361320823431015,0.001,0.6249342560768127,0.8360734581947327
14,0.8534283638000488,0.3353516757488251,0.001,0.5886375308036804,0.9843649864196777
15,0.8615177273750305,0.325381875038147,0.001,0.665439248085022,0.7342920303344727
16,0.8638289570808411,0.3146471679210663,0.001,0.6391372680664062,1.022326946258545
17,0.8524653315544128,0.3322068452835083,0.001,0.6685954928398132,0.8556274175643921
18,0.8638289570808411,0.31228819489479065,0.001,0.481325626373291,1.608680009841919
19,0.8763482570648193,0.2913822829723358,0.0003,0.6728037595748901,0.8637229204177856
20,0.8788520693778992,0.2786194384098053,0.0003,0.6386112570762634,1.0051954984664917
21,0.8775038719177246,0.28385040163993835,0.0003,0.6359810829162598,0.9196405410766602
22,0.8867488503456116,0.27018988132476807,0.0003,0.6417675018310547,0.959733247756958
23,0.8913713693618774,0.2659784257411957,0.0003,0.6696475744247437,0.9105756878852844
24,0.8809707164764404,0.27468186616897583,0.0003,0.6670173406600952,1.0896323919296265
25,0.8877118825912476,0.2713674306869507,0.0003,0.6791162490844727,0.9394059777259827
26,0.8892527222633362,0.2611962556838989,0.0003,0.6522882580757141,0.9725160002708435
27,0.891756534576416,0.26309576630592346,0.0003,0.6696475744247437,1.1895211935043335
28,0.8967642784118652,0.25855714082717896,0.0003,0.6685954928398132,1.1005265712738037
29,0.8934899568557739,0.25528717041015625,0.0003,0.674907922744751,1.0388015508651733
30,0.8890600800514221,0.26487159729003906,0.0003,0.7217254042625427,0.9166914820671082
31,0.8956086039543152,0.24946077167987823,0.0003,0.5691741108894348,1.230786681175232
32,0.892719566822052,0.2690170407295227,0.0003,0.6791162490844727,0.9692761301994324
33,0.894645631313324,0.26412758231163025,0.0003,0.6917411684989929,0.9881473183631897
34,0.8998458981513977,0.24806755781173706,9e-05,0.6849026679992676,0.9971393942832947
35,0.9000385403633118,0.23795394599437714,9e-05,0.7069963216781616,0.9854745864868164
36,0.8959938287734985,0.2524511218070984,9e-05,0.6822724938392639,0.9241392016410828
37,0.9031201601028442,0.2401721477508545,9e-05,0.687532901763916,1.0026147365570068
38,0.9008089303970337,0.24182918667793274,9e-05,0.7033140659332275,0.9696490168571472
39,0.9025423526763916,0.2328333854675293,9e-05,0.6827985048294067,0.934179425239563
40,0.902157187461853,0.23761563003063202,9e-05,0.7127827405929565,0.9371419548988342
41,0.9036979675292969,0.23096361756324768,9e-05,0.685954749584198,1.0911897420883179
42,0.9050462245941162,0.229696586728096,9e-05,0.6980536580085754,0.9165797233581543
43,0.8940678238868713,0.24755866825580597,9e-05,0.6891109943389893,0.9926538467407227
44,0.9044684171676636,0.23418964445590973,9e-05,0.6901630759239197,0.941318690776825
45,0.9017719626426697,0.2343701273202896,9e-05,0.6743819117546082,0.9807783365249634
46,0.909476101398468,0.22492752969264984,9e-05,0.6801683306694031,0.9848453402519226
47,0.91140216588974,0.22562383115291595,9e-05,0.6943714022636414,0.921432375907898
48,0.9013867378234863,0.2350471317768097,9e-05,0.6996317505836487,0.9710424542427063
49,0.9100539088249207,0.21937642991542816,2.7e-05,0.7006838321685791,0.9549775719642639
