epoch,accuracy,loss,lr,val_accuracy,val_loss
0,0.7900616526603699,0.48241904377937317,0.001,0.2982640862464905,2.8047337532043457
1,0.8736517429351807,0.30997389554977417,0.001,0.31088900566101074,2.736664056777954
2,0.8998458981513977,0.26464569568634033,0.001,0.5381377935409546,1.8678873777389526
3,0.9077426791191101,0.2434077113866806,0.001,0.717517077922821,0.5540268421173096
4,0.9148690104484558,0.2356284260749817,0.001,0.812204122543335,0.4508131444454193
5,0.918913722038269,0.20518948137760162,0.001,0.5586533546447754,2.531071901321411
6,0.9244992136955261,0.20199643075466156,0.001,0.626512348651886,0.9851250052452087
7,0.9248844385147095,0.1998058706521988,0.001,0.5723303556442261,1.8792420625686646
8,0.9322034120559692,0.17549747228622437,0.001,0.7169910669326782,0.756096363067627
9,0.9341294169425964,0.16742703318595886,0.001,0.6849026679992676,0.8814384341239929
10,0.9329738020896912,0.1765461415052414,0.001,0.4902682900428772,2.2940661907196045
11,0.937596321105957,0.16276372969150543,0.001,0.48869016766548157,2.289623975753784
12,0.9472265243530273,0.14041900634765625,0.001,0.5544450283050537,4.348492622375488
13,0.9377889037132263,0.16062866151332855,0.001,0.6065228581428528,2.35203218460083
14,0.9441448450088501,0.14422494173049927,0.001,0.7122567296028137,0.9400596618652344
15,0.9607087969779968,0.10722900927066803,0.0003,0.7117306590080261,1.0464084148406982
16,0.9647534489631653,0.09726186841726303,0.0003,0.6991057395935059,1.1244601011276245
17,0.9657164812088013,0.09715812653303146,0.0003,0.5349816083908081,2.1529767513275146
18,0.962634801864624,0.10045988112688065,0.0003,0.6386112570762634,1.7979214191436768
19,0.9657164812088013,0.09799155592918396,0.0003,0.5839031934738159,1.707029938697815
20,0.9682203531265259,0.09149287641048431,0.0003,0.6948974132537842,1.3335654735565186
21,0.9695685505867004,0.08734223991632462,0.0003,0.7027879953384399,1.3077826499938965
22,0.9659090638160706,0.09154785424470901,0.0003,0.6706996560096741,1.4498684406280518
23,0.9668720960617065,0.09490223973989487,0.0003,0.7643345594406128,0.7933341860771179
24,0.9682203531265259,0.08832430839538574,0.0003,0.6843766570091248,1.3662993907928467
25,0.9745762944221497,0.0767805278301239,9e-05,0.7033140659332275,1.2061965465545654
26,0.9770801067352295,0.06768384575843811,9e-05,0.767490804195404,0.7793669104576111
27,0.973805844783783,0.08037175983190536,9e-05,0.76380854845047,0.7356884479522705
28,0.9755392670631409,0.07208684086799622,9e-05,0.7332982420921326,1.1366788148880005
29,0.9749614596366882,0.07296381890773773,9e-05,0.7680168151855469,1.0155463218688965
30,0.9749614596366882,0.06915122270584106,9e-05,0.7801157236099243,1.0436749458312988
31,0.9734206199645996,0.08043704926967621,9e-05,0.773277223110199,0.8246654868125916
32,0.9763097167015076,0.07010693848133087,9e-05,0.76380854845047,0.7741538286209106
33,0.9741910696029663,0.0756988376379013,9e-05,0.7422409057617188,1.3880335092544556
34,0.9736132621765137,0.07428515702486038,9e-05,0.7611783146858215,1.026096224784851
35,0.9795839786529541,0.06084046512842178,2.7e-05,0.7643345594406128,1.0663374662399292
36,0.9755392670631409,0.06958214193582535,2.7e-05,0.7496054768562317,1.0985052585601807
37,0.9784283638000488,0.06511042267084122,2.7e-05,0.7490794062614441,1.0823357105255127
38,0.9818952083587646,0.0575912669301033,2.7e-05,0.7874802947044373,0.8505586981773376
39,0.9805470108985901,0.06224130466580391,2.7e-05,0.7869542241096497,0.8180191516876221
40,0.9755392670631409,0.0700235590338707,2.7e-05,0.76380854845047,1.0926593542099
41,0.9786209464073181,0.06585440784692764,2.7e-05,0.7559179663658142,1.0240488052368164
42,0.9801617860794067,0.06391683220863342,2.7e-05,0.7538138031959534,0.9208583831787109
43,0.9784283638000488,0.06762511283159256,2.7e-05,0.7590741515159607,0.8963020443916321
44,0.9776579141616821,0.0685877725481987,2.7e-05,0.7916885614395142,0.8743429780006409
45,0.9782357215881348,0.06355266273021698,8.1e-06,0.7716991305351257,1.0112124681472778
46,0.981317400932312,0.0632542297244072,8.1e-06,0.773277223110199,0.950173556804657
47,0.9791987538337708,0.06467451900243759,8.1e-06,0.7643345594406128,1.0266212224960327
48,0.9774653315544128,0.06286376714706421,8.1e-06,0.7596002221107483,0.9704442024230957
49,0.9791987538337708,0.06416390836238861,8.1e-06,0.76380854845047,0.9591910243034363
