epoch,accuracy,loss,lr,val_accuracy,val_loss
0,0.7727272510528564,0.5185564756393433,0.001,0.26301947236061096,2.662792444229126
1,0.8707627058029175,0.3156397342681885,0.001,0.26354551315307617,4.240750312805176
2,0.8805854916572571,0.29730477929115295,0.001,0.6770120859146118,0.8348338007926941
3,0.8977272510528564,0.266935259103775,0.001,0.5444502830505371,2.2556724548339844
4,0.9115947484970093,0.2338106781244278,0.001,0.5639137029647827,2.030900001525879
5,0.9154468178749084,0.21759098768234253,0.001,0.724881649017334,0.7073298692703247
6,0.9237288236618042,0.2018776386976242,0.001,0.5523408651351929,2.4176015853881836
7,0.9223805665969849,0.2021663337945938,0.001,0.5660178661346436,1.2747353315353394
8,0.9343220591545105,0.17575843632221222,0.001,0.5365597009658813,2.5932624340057373
9,0.9283512830734253,0.19780591130256653,0.001,0.4797475039958954,2.840951681137085
10,0.937403678894043,0.1621793657541275,0.001,0.6743819117546082,1.0764086246490479
11,0.9379814863204956,0.16246263682842255,0.001,0.7027879953384399,0.8431470990180969
12,0.9404853582382202,0.14975635707378387,0.001,0.7201473116874695,0.9817978739738464
13,0.9474191069602966,0.1404285877943039,0.001,0.6328248381614685,1.1330891847610474
14,0.94780433177948,0.14309421181678772,0.001,0.5702261924743652,2.091747760772705
15,0.9489599466323853,0.13570542633533478,0.001,0.6901630759239197,0.97117018699646
16,0.9479969143867493,0.13819092512130737,0.001,0.713834822177887,0.8388848900794983
17,0.956278920173645,0.1232038363814354,0.001,0.7143608331680298,1.0906295776367188
18,0.9510785937309265,0.13127194344997406,0.001,0.6885849833488464,1.1500884294509888
19,0.9541602730751038,0.120881088078022,0.001,0.6612309217453003,1.1540875434875488
20,0.9524267911911011,0.13011951744556427,0.001,0.539189875125885,2.731468677520752
21,0.9605161547660828,0.1074017882347107,0.0003,0.6917411684989929,0.8500377535820007
22,0.96359783411026,0.09984233975410461,0.0003,0.7012099027633667,0.9649480581283569
23,0.9653312563896179,0.08881279826164246,0.0003,0.6954234838485718,0.9351252317428589
24,0.9707241654396057,0.08462555706501007,0.0003,0.7574960589408875,0.9906864166259766
25,0.9695685505867004,0.08148794621229172,0.0003,0.734350323677063,0.8676351308822632
26,0.9714946150779724,0.07938787341117859,0.0003,0.7227774858474731,1.1834752559661865
27,0.9711093902587891,0.07676700502634048,0.0003,0.6491320133209229,1.5509902238845825
28,0.9713020324707031,0.08168205618858337,0.0003,0.7296159863471985,0.9000282287597656
29,0.9724576473236084,0.07845503091812134,0.0003,0.7585481405258179,0.709151566028595
30,0.973998486995697,0.07333467155694962,0.0003,0.7017359137535095,1.2779852151870728
31,0.9765022993087769,0.06969314068555832,0.0003,0.7459232211112976,0.9095459580421448
32,0.9755392670631409,0.07248146086931229,0.0003,0.7569699883460999,0.8613913059234619
33,0.9751541018486023,0.07518638670444489,0.0003,0.6812204122543335,1.4450820684432983
34,0.9782357215881348,0.06628098338842392,0.0003,0.7406628131866455,0.9699459075927734
35,0.9765022993087769,0.07381486147642136,0.0003,0.7501314878463745,0.9219874739646912
36,0.9795839786529541,0.059270843863487244,9e-05,0.7538138031959534,0.8181929588317871
37,0.9805470108985901,0.05937545746564865,9e-05,0.7327722311019897,1.0301276445388794
38,0.980354368686676,0.056748125702142715,9e-05,0.7401367425918579,1.031896948814392
39,0.9795839786529541,0.05743984133005142,9e-05,0.7317201495170593,1.0353541374206543
40,0.980354368686676,0.05744457244873047,9e-05,0.7422409057617188,0.9911012053489685
41,0.9811248183250427,0.05509907007217407,9e-05,0.7322461605072021,1.010871171951294
42,0.9809321761131287,0.05887854844331741,9e-05,0.7769594788551331,0.8101654648780823
43,0.9820878505706787,0.056267060339450836,9e-05,0.7464492321014404,1.0545825958251953
44,0.9786209464073181,0.06031041592359543,9e-05,0.7311940789222717,1.1797784566879272
45,0.9799692034721375,0.06496445089578629,9e-05,0.7432929873466492,0.9994314908981323
46,0.9797765612602234,0.057866089046001434,9e-05,0.7627564668655396,1.0127134323120117
47,0.9824730157852173,0.05209154263138771,9e-05,0.765912652015686,1.0778292417526245
48,0.9784283638000488,0.061840903013944626,9e-05,0.773277223110199,0.7957810163497925
49,0.9836286306381226,0.05714842677116394,9e-05,0.7574960589408875,1.0091315507888794
