epoch,accuracy,loss,lr,val_accuracy,val_loss
0,0.7887133955955505,0.49715325236320496,0.001,0.26301947236061096,2.129206657409668
1,0.8619029521942139,0.3429950177669525,0.001,0.28774330019950867,1.5691893100738525
2,0.8983050584793091,0.24939985573291779,0.001,0.5192004442214966,1.5079765319824219
3,0.9117873907089233,0.2355385720729828,0.001,0.7653866410255432,0.48099932074546814
4,0.9087057113647461,0.23828217387199402,0.001,0.5733824372291565,1.5480681657791138
5,0.918913722038269,0.211671844124794,0.001,0.7196212410926819,0.9171276688575745
6,0.9322034120559692,0.18933932483196259,0.001,0.6943714022636414,1.0278922319412231
7,0.9339368343353271,0.17389588057994843,0.001,0.5402419567108154,2.0909650325775146
8,0.9308551549911499,0.1882062554359436,0.001,0.7122567296028137,0.9286087155342102
9,0.9414483904838562,0.16056029498577118,0.001,0.6906890869140625,0.8951977491378784
10,0.9348998665809631,0.17687134444713593,0.001,0.5360336899757385,1.5231324434280396
11,0.9377889037132263,0.15772634744644165,0.001,0.6601788401603699,1.3481882810592651
12,0.9472265243530273,0.13823965191841125,0.001,0.5386638641357422,2.498155117034912
13,0.9456856846809387,0.13734808564186096,0.001,0.6554445028305054,1.2376453876495361
14,0.9595531821250916,0.11328833550214767,0.0003,0.7769594788551331,0.7420253157615662
15,0.9568567276000977,0.11601188778877258,0.0003,0.7406628131866455,0.80455082654953
16,0.9614791870117188,0.10192042589187622,0.0003,0.8211467862129211,0.6142445802688599
17,0.9620569944381714,0.10497082024812698,0.0003,0.8269332051277161,0.8682769536972046
18,0.9647534489631653,0.09553103148937225,0.0003,0.7627564668655396,0.9769641160964966
19,0.9666795134544373,0.09111469984054565,0.0003,0.7548658847808838,1.060079574584961
20,0.9662942886352539,0.08840595930814743,0.0003,0.5928458571434021,2.0336599349975586
21,0.9651386737823486,0.09602662175893784,0.0003,0.5954760909080505,1.7389814853668213
22,0.9678351283073425,0.08658759295940399,0.0003,0.7217254042625427,1.2442655563354492
23,0.9672573208808899,0.08566515147686005,0.0003,0.7511835694313049,1.1225383281707764
24,0.9695685505867004,0.083774134516716,9e-05,0.7890583872795105,0.9114087224006653
25,0.9743836522102356,0.08119042962789536,9e-05,0.7690688967704773,0.9011340737342834
26,0.9703390002250671,0.08586791157722473,9e-05,0.7396107316017151,1.1350352764129639
27,0.9751541018486023,0.0695759505033493,9e-05,0.8022093772888184,0.8116172552108765
28,0.9734206199645996,0.07351597398519516,9e-05,0.8132562041282654,0.8202272057533264
29,0.9766949415206909,0.06727958470582962,9e-05,0.7506575584411621,1.0453988313674927
30,0.9766949415206909,0.06524974852800369,9e-05,0.7837979793548584,0.7061498761177063
31,0.9774653315544128,0.06500181555747986,9e-05,0.767490804195404,0.8779106140136719
32,0.9770801067352295,0.07013696432113647,9e-05,0.7869542241096497,0.7022166848182678
33,0.9751541018486023,0.06523524969816208,9e-05,0.7806417942047119,0.7933260798454285
34,0.9807395935058594,0.05947508662939072,2.7e-05,0.7690688967704773,0.8997964262962341
35,0.9774653315544128,0.06589040905237198,2.7e-05,0.7874802947044373,0.9520635008811951
36,0.9770801067352295,0.06757733970880508,2.7e-05,0.7859021425247192,0.935714066028595
37,0.9815100431442261,0.05907565355300903,2.7e-05,0.7895844578742981,0.8169773817062378
38,0.9807395935058594,0.056739646941423416,2.7e-05,0.7853761315345764,0.8693957328796387
39,0.9788135886192322,0.0609651617705822,2.7e-05,0.7853761315345764,0.8891853094100952
40,0.9784283638000488,0.06242550536990166,2.7e-05,0.7916885614395142,0.943014919757843
41,0.9782357215881348,0.060980286449193954,2.7e-05,0.7801157236099243,0.9827203154563904
42,0.9791987538337708,0.059609152376651764,2.7e-05,0.782745897769928,0.9257948994636536
43,0.9780431389808655,0.06456359475851059,2.7e-05,0.7890583872795105,0.944979727268219
44,0.9791987538337708,0.060299571603536606,8.1e-06,0.7864282131195068,0.8978294730186462
45,0.9809321761131287,0.058396078646183014,8.1e-06,0.7901104688644409,0.9369446039199829
46,0.9799692034721375,0.05494312569499016,8.1e-06,0.7916885614395142,0.8552840352058411
47,0.9782357215881348,0.05821523815393448,8.1e-06,0.795370876789093,0.8888052701950073
48,0.9828582406044006,0.052289701998233795,8.1e-06,0.7995791435241699,0.9445086121559143
49,0.9840138554573059,0.055422648787498474,8.1e-06,0.8022093772888184,0.9584642052650452
