epoch,accuracy,loss,lr,val_accuracy,val_loss
0,0.8114407062530518,0.44700294733047485,0.001,0.3324565887451172,2.197516918182373
1,0.8900231122970581,0.2832237780094147,0.001,0.2803787589073181,3.8680810928344727
2,0.9075500965118408,0.2493806630373001,0.001,0.6507101655006409,1.16948401927948
3,0.9152542352676392,0.22333285212516785,0.001,0.6217780113220215,0.9842761754989624
4,0.9248844385147095,0.20037350058555603,0.001,0.7169910669326782,0.8979018926620483
5,0.9308551549911499,0.18109601736068726,0.001,0.724881649017334,0.7776678204536438
6,0.9372110962867737,0.16868892312049866,0.001,0.7033140659332275,0.6324387788772583
7,0.937596321105957,0.15229249000549316,0.001,0.7601262331008911,0.43923383951187134
8,0.9441448450088501,0.1501166671514511,0.001,0.6033666729927063,0.8856214880943298
9,0.9460708498954773,0.1350812017917633,0.001,0.7296159863471985,0.5883961915969849
10,0.955123245716095,0.12595011293888092,0.001,0.6806943416595459,1.3283381462097168
11,0.9512711763381958,0.13137313723564148,0.001,0.7748553156852722,0.7102575302124023
12,0.937596321105957,0.15741556882858276,0.001,0.23356127738952637,8.132173538208008
13,0.9464560747146606,0.1356402337551117,0.001,0.7511835694313049,0.8291882276535034
14,0.955315887928009,0.11529529094696045,0.001,0.7627564668655396,0.7218526005744934
15,0.9566640853881836,0.11906573921442032,0.001,0.7206733226776123,1.0484684705734253
16,0.966486930847168,0.09590394049882889,0.001,0.459231972694397,7.831295013427734
17,0.9637904763221741,0.10394664108753204,0.001,0.8274592161178589,0.6267234086990356
18,0.9684129357337952,0.09102058410644531,0.001,0.8185165524482727,0.9794443249702454
19,0.9689907431602478,0.08374441415071487,0.001,0.812204122543335,0.7292821407318115
20,0.972072422504425,0.08259470015764236,0.001,0.7701209783554077,0.8084242343902588
21,0.9610939621925354,0.1130816638469696,0.001,0.615465521812439,1.8345340490341187
22,0.9689907431602478,0.0863618329167366,0.001,0.7027879953384399,2.0166244506835938
23,0.9809321761131287,0.061276957392692566,0.0003,0.7475013136863708,0.8985337615013123
24,0.9826656579971313,0.05373198539018631,0.0003,0.7695949673652649,0.9192171692848206
25,0.9830508232116699,0.05289759486913681,0.0003,0.821672797203064,0.709404706954956
26,0.9849768877029419,0.048204366117715836,0.0003,0.7869542241096497,1.1045124530792236
27,0.9836286306381226,0.05142557621002197,0.0003,0.7543398141860962,0.9898849725723267
28,0.9869029521942139,0.04532095789909363,0.0003,0.815886378288269,0.8476465344429016
29,0.9869029521942139,0.04099304601550102,0.0003,0.767490804195404,1.1257603168487549
30,0.9791987538337708,0.057475339621305466,0.0003,0.7811678051948547,0.8678032159805298
31,0.9882511496543884,0.03838147968053818,0.0003,0.7517096400260925,1.1198030710220337
32,0.9838212728500366,0.04714545980095863,0.0003,0.7012099027633667,1.8751980066299438
33,0.9818952083587646,0.052540265023708344,0.0003,0.7722251415252686,1.099216341972351
34,0.9872881174087524,0.04515691101551056,0.0003,0.8095738887786865,0.8797698616981506
35,0.9880585670471191,0.040682051330804825,0.0003,0.7480273246765137,1.1449251174926758
36,0.9888289570808411,0.037360161542892456,0.0003,0.8079957962036133,0.9990251064300537
37,0.9872881174087524,0.039305347949266434,0.0003,0.7569699883460999,1.196548581123352
38,0.9874807596206665,0.039750441908836365,9e-05,0.762230396270752,1.0440500974655151
39,0.9895994067192078,0.03226329758763313,9e-05,0.793792724609375,0.8903219699859619
40,0.9895994067192078,0.03464505076408386,9e-05,0.8264071345329285,0.8528224229812622
41,0.9909476041793823,0.029230723157525063,9e-05,0.7916885614395142,0.81349778175354
42,0.9899845719337463,0.033634427934885025,9e-05,0.8090478777885437,0.9306131601333618
43,0.9922958612442017,0.025143101811408997,9e-05,0.7980010509490967,0.9795656204223633
44,0.9899845719337463,0.032514557242393494,9e-05,0.8111520409584045,1.0064222812652588
45,0.9894067645072937,0.03413929045200348,9e-05,0.8016833066940308,0.8904391527175903
46,0.9892141819000244,0.03201134502887726,9e-05,0.7759073972702026,0.9948909878730774
47,0.991718053817749,0.02997012436389923,9e-05,0.8011572957038879,1.0114996433258057
48,0.992488443851471,0.027439162135124207,9e-05,0.7759073972702026,1.0966686010360718
49,0.9892141819000244,0.03422754630446434,9e-05,0.8011572957038879,0.9746096134185791
