epoch,accuracy,loss,lr,val_accuracy,val_loss
0,0.8320493102073669,0.40716323256492615,0.001,0.4402945935726166,1.6093922853469849
1,0.8929121494293213,0.28308090567588806,0.001,0.40399789810180664,1.9584275484085083
2,0.9121725559234619,0.23541590571403503,0.001,0.6201999187469482,1.2565761804580688
3,0.9202619194984436,0.21648381650447845,0.001,0.6670173406600952,0.9137405157089233
4,0.9191063046455383,0.20969025790691376,0.001,0.7627564668655396,0.7669075131416321
5,0.9320107698440552,0.18236859142780304,0.001,0.7932667136192322,0.6206759810447693
6,0.9399075508117676,0.16241750121116638,0.001,0.6538664102554321,1.1482670307159424
7,0.9453004598617554,0.15442098677158356,0.001,0.687532901763916,1.0482925176620483
8,0.9526194334030151,0.12403833121061325,0.001,0.804839551448822,0.5572910904884338
9,0.9453004598617554,0.14397944509983063,0.001,0.5323513746261597,2.8212006092071533
10,0.9427965879440308,0.1530161052942276,0.001,0.5938979387283325,2.31198787689209
11,0.9530045986175537,0.132780522108078,0.001,0.6912151575088501,0.9711626768112183
12,0.956086277961731,0.12377018481492996,0.001,0.6959494948387146,0.8043131828308105
13,0.9634052515029907,0.10791768878698349,0.001,0.3982114791870117,2.148679733276367
14,0.9570493102073669,0.11903001368045807,0.001,0.804839551448822,0.715054452419281
15,0.9678351283073425,0.09730859100818634,0.001,0.7532877326011658,1.3572930097579956
16,0.9680277109146118,0.09986016899347305,0.001,0.7722251415252686,0.823988139629364
17,0.9662942886352539,0.09979532659053802,0.001,0.7190952301025391,1.510740876197815
18,0.964560866355896,0.10111643373966217,0.001,0.7769594788551331,0.9387503266334534
19,0.9659090638160706,0.08986314386129379,0.001,0.7890583872795105,0.6860927939414978
20,0.9705315828323364,0.08134893327951431,0.001,0.7406628131866455,1.4413758516311646
21,0.9755392670631409,0.07072573155164719,0.001,0.7417148947715759,1.1674338579177856
22,0.9761170744895935,0.07629701495170593,0.001,0.724881649017334,1.7903857231140137
23,0.9759244918823242,0.0670648142695427,0.001,0.723303496837616,1.1234376430511475
24,0.9824730157852173,0.0519011951982975,0.0003,0.7590741515159607,0.9815508127212524
25,0.9863251447677612,0.046287618577480316,0.0003,0.7411888241767883,1.0530273914337158
26,0.9869029521942139,0.04185783490538597,0.0003,0.7701209783554077,0.9731231927871704
27,0.9869029521942139,0.041823409497737885,0.0003,0.6785902380943298,1.1236683130264282
28,0.9878659248352051,0.037844687700271606,0.0003,0.7780115604400635,1.2185643911361694
29,0.9847843050956726,0.04364035278558731,0.0003,0.8169384598731995,1.0327814817428589
30,0.9836286306381226,0.04685778170824051,0.0003,0.7869542241096497,0.9921139478683472
31,0.9874807596206665,0.037058982998132706,0.0003,0.7669647336006165,1.1029421091079712
32,0.9853621125221252,0.04129962995648384,0.0003,0.7348763942718506,1.2331067323684692
33,0.9880585670471191,0.03539840877056122,0.0003,0.7895844578742981,0.9640204310417175
34,0.9872881174087524,0.03544909879565239,0.0003,0.7748553156852722,0.7861368060112
35,0.990755021572113,0.027237290516495705,0.0003,0.7801157236099243,1.3736692667007446
36,0.9849768877029419,0.042004555463790894,0.0003,0.7922146320343018,0.9793641567230225
37,0.9909476041793823,0.03202620521187782,0.0003,0.7906364798545837,1.0851093530654907
38,0.9895994067192078,0.03342102840542793,0.0003,0.7296159863471985,1.030964732170105
39,0.991718053817749,0.0281709935516119,9e-05,0.746975302696228,1.048559546470642
40,0.991718053817749,0.02779451571404934,9e-05,0.7348763942718506,1.1942970752716064
41,0.9938367009162903,0.023579392582178116,9e-05,0.793792724609375,1.1079610586166382
42,0.991718053817749,0.026980489492416382,9e-05,0.7611783146858215,1.0879071950912476
43,0.9919106364250183,0.024757705628871918,9e-05,0.7580220699310303,1.2309530973434448
44,0.9934514760971069,0.02431761473417282,9e-05,0.746975302696228,1.0221340656280518
45,0.9940292835235596,0.02060784585773945,9e-05,0.7748553156852722,1.1095715761184692
46,0.9919106364250183,0.026606973260641098,9e-05,0.7548658847808838,1.0238844156265259
47,0.9919106364250183,0.027088899165391922,9e-05,0.7480273246765137,1.1863956451416016
48,0.9942218661308289,0.022617075592279434,9e-05,0.7948448061943054,1.0048158168792725
49,0.9919106364250183,0.026545578613877296,9e-05,0.7690688967704773,1.0791655778884888
