epoch,accuracy,loss,lr,val_accuracy,val_loss
0,0.8295454382896423,0.41841766238212585,0.001,0.24618621170520782,2.336338996887207
1,0.8894453048706055,0.2765904664993286,0.001,0.40399789810180664,3.0015621185302734
2,0.9150616526603699,0.21619273722171783,0.001,0.6428195834159851,1.8258914947509766
3,0.9279661178588867,0.18969020247459412,0.001,0.6891109943389893,0.9608045816421509
4,0.9325885772705078,0.1811835616827011,0.001,0.674907922744751,0.9125186800956726
5,0.929121732711792,0.18280111253261566,0.001,0.6975275874137878,1.0598729848861694
6,0.9418336153030396,0.1657717227935791,0.001,0.7511835694313049,0.8432454466819763
7,0.9464560747146606,0.1462707370519638,0.001,0.44292476773262024,1.947034478187561
8,0.9557010531425476,0.1200905591249466,0.001,0.697001576423645,1.0065501928329468
9,0.956278920173645,0.12773126363754272,0.001,0.6638611555099487,0.9747337698936462
10,0.9549306631088257,0.12320128828287125,0.001,0.6607049107551575,1.0904788970947266
11,0.9605161547660828,0.11020408570766449,0.001,0.7480273246765137,1.1617392301559448
12,0.9647534489631653,0.1001102477312088,0.001,0.6812204122543335,0.734275221824646
13,0.9647534489631653,0.10091638565063477,0.001,0.6948974132537842,1.6685481071472168
14,0.966486930847168,0.09635601192712784,0.001,0.6533403396606445,1.7592593431472778
15,0.9705315828323364,0.0837077796459198,0.001,0.7401367425918579,0.992547869682312
16,0.9686055183410645,0.09161551296710968,0.001,0.6559705138206482,1.2774012088775635
17,0.9726502299308777,0.07792846113443375,0.001,0.665439248085022,1.6030299663543701
18,0.9716871976852417,0.08325956761837006,0.001,0.804839551448822,0.8084484934806824
19,0.9705315828323364,0.09062299877405167,0.001,0.7969489693641663,0.8698415160179138
20,0.9724576473236084,0.08062417060136795,0.001,0.6212520003318787,2.3841686248779297
21,0.9791987538337708,0.06519750505685806,0.001,0.756443977355957,1.2591382265090942
22,0.9757319092750549,0.07463919371366501,0.001,0.6975275874137878,1.1703132390975952
23,0.9772727489471436,0.06555958837270737,0.001,0.7711730599403381,1.3820987939834595
24,0.9759244918823242,0.07335317134857178,0.001,0.7438190579414368,1.0207189321517944
25,0.9791987538337708,0.0599210299551487,0.001,0.7780115604400635,0.7739401459693909
26,0.9790061712265015,0.06331857293844223,0.001,0.7406628131866455,1.8804997205734253
27,0.9780431389808655,0.07180703431367874,0.001,0.7916885614395142,0.7265164852142334
28,0.981317400932312,0.051867708563804626,0.001,0.7380326390266418,1.4352247714996338
29,0.9826656579971313,0.05294657498598099,0.001,0.7774855494499207,0.8751001954078674
30,0.983243465423584,0.04712831601500511,0.001,0.7837979793548584,0.9516128897666931
31,0.9855546951293945,0.04347026348114014,0.001,0.815886378288269,0.8861340880393982
32,0.9857472777366638,0.04153957590460777,0.001,0.6717517375946045,1.8851823806762695
33,0.9851694703102112,0.05151765048503876,0.001,0.6791162490844727,5.82016658782959
34,0.9857472777366638,0.0436927005648613,0.001,0.7727512121200562,1.0271106958389282
35,0.9713020324707031,0.08982665836811066,0.001,0.7890583872795105,0.876179039478302
36,0.9761170744895935,0.06938597559928894,0.001,0.8648080229759216,0.7245709896087646
37,0.9805470108985901,0.05985556170344353,0.001,0.7864282131195068,0.7482638359069824
38,0.9774653315544128,0.07601095736026764,0.001,0.762230396270752,1.3865658044815063
39,0.9857472777366638,0.040936972945928574,0.001,0.8353497982025146,0.785399854183197
40,0.9855546951293945,0.041112978011369705,0.001,0.7985270619392395,0.9278470277786255
41,0.9886363744735718,0.03356421738862991,0.001,0.7432929873466492,1.5624533891677856
42,0.9853621125221252,0.045929644256830215,0.001,0.7916885614395142,0.5090553164482117
43,0.9880585670471191,0.035000842064619064,0.001,0.7190952301025391,2.1103620529174805
44,0.9811248183250427,0.0556122325360775,0.001,0.7596002221107483,1.4736270904541016
45,0.9892141819000244,0.04389504715800285,0.001,0.734350323677063,1.4014124870300293
46,0.9876733422279358,0.04108258709311485,0.001,0.7548658847808838,1.286684513092041
47,0.9869029521942139,0.04394588619470596,0.001,0.7522356510162354,1.4742425680160522
48,0.9874807596206665,0.044911496341228485,0.001,0.8006312251091003,1.322182536125183
49,0.9890215992927551,0.031462013721466064,0.001,0.7890583872795105,1.235750675201416
