epoch,accuracy,loss,lr,val_accuracy,val_loss
0,0.8260785937309265,0.42159685492515564,0.001,0.39926353096961975,3.1400904655456543
1,0.8988829255104065,0.26798775792121887,0.001,0.41346660256385803,4.799709796905518
2,0.9139060378074646,0.2412542849779129,0.001,0.6670173406600952,1.2508989572525024
3,0.919876754283905,0.20998872816562653,0.001,0.7269858121871948,0.7020982503890991
4,0.9227657914161682,0.2026604413986206,0.001,0.6123093366622925,1.6048954725265503
5,0.9316256046295166,0.17457444965839386,0.001,0.6065228581428528,1.4719566106796265
6,0.9424114227294922,0.1492718607187271,0.001,0.7390847206115723,1.1688008308410645
7,0.9483821392059326,0.14423297345638275,0.001,0.6438716650009155,1.641670823097229
8,0.945878267288208,0.14934112131595612,0.001,0.6817464232444763,1.0742089748382568
9,0.9460708498954773,0.14773879945278168,0.001,0.7906364798545837,0.5771099925041199
10,0.9533898234367371,0.1214667335152626,0.001,0.6943714022636414,1.1115820407867432
11,0.9676425457000732,0.10054747015237808,0.001,0.7169910669326782,0.7674505710601807
12,0.965523898601532,0.09590105712413788,0.001,0.7948448061943054,0.841468095779419
13,0.9666795134544373,0.09780553728342056,0.001,0.708048403263092,2.5356509685516357
14,0.9734206199645996,0.08508294075727463,0.001,0.8527091145515442,0.6460601687431335
15,0.9766949415206909,0.06969679892063141,0.001,0.7880063056945801,0.5549671053886414
16,0.9770801067352295,0.07048001140356064,0.001,0.756443977355957,1.3161457777023315
17,0.9711093902587891,0.08702927082777023,0.001,0.6133614182472229,2.218228578567505
18,0.966486930847168,0.10508835315704346,0.001,0.34139925241470337,14.915014266967773
19,0.9695685505867004,0.08225002884864807,0.001,0.7596002221107483,1.2020199298858643
20,0.9531972408294678,0.1484784036874771,0.001,0.5618095993995667,4.501776695251465
21,0.9676425457000732,0.09662775695323944,0.001,0.7096264958381653,1.4770622253417969
22,0.9734206199645996,0.08248209208250046,0.001,0.5817990303039551,2.0007524490356445
23,0.974768877029419,0.08081571012735367,0.001,0.556023120880127,2.658860445022583
24,0.9709168076515198,0.09677689522504807,0.001,0.6685954928398132,1.39895498752594
25,0.9805470108985901,0.05708315223455429,0.001,0.7185691595077515,1.2447861433029175
26,0.9793913960456848,0.06321784853935242,0.001,0.7085744142532349,1.1699821949005127
27,0.9751541018486023,0.07458586245775223,0.001,0.7548658847808838,1.6710402965545654
28,0.9755392670631409,0.07870737463235855,0.001,0.7695949673652649,0.9983582496643066
29,0.98420649766922,0.05277916416525841,0.001,0.7185691595077515,2.132521629333496
30,0.9840138554573059,0.04932849109172821,0.001,0.7669647336006165,1.064846396446228
31,0.9878659248352051,0.04127180576324463,0.0003,0.7932667136192322,1.0943738222122192
32,0.9895994067192078,0.03477123752236366,0.0003,0.7795897126197815,1.3165819644927979
33,0.9922958612442017,0.025059793144464493,0.0003,0.7811678051948547,1.392281413078308
34,0.9903697967529297,0.028244100511074066,0.0003,0.7869542241096497,1.182284951210022
35,0.9903697967529297,0.03310748562216759,0.0003,0.8022093772888184,0.9414742588996887
36,0.9892141819000244,0.03207337483763695,0.0003,0.7448711395263672,1.57157301902771
37,0.9901772141456604,0.031095994636416435,0.0003,0.6138874292373657,2.384213447570801
38,0.9926810264587402,0.02358357608318329,0.0003,0.7853761315345764,1.2840880155563354
39,0.9932588338851929,0.0222823154181242,0.0003,0.7632824778556824,1.634321928024292
40,0.9922958612442017,0.031628891825675964,0.0003,0.7496054768562317,1.267608404159546
41,0.9949923157691956,0.020607488229870796,0.0003,0.7296159863471985,1.739424228668213
42,0.9940292835235596,0.022307008504867554,0.0003,0.8016833066940308,0.9914395809173584
43,0.9921032190322876,0.023192528635263443,0.0003,0.8258811235427856,0.8348333835601807
44,0.992488443851471,0.02253570593893528,0.0003,0.8306154608726501,0.8362810015678406
45,0.9942218661308289,0.018650377169251442,0.0003,0.7632824778556824,1.559412956237793
46,0.9922958612442017,0.026746535673737526,9e-05,0.7664387226104736,1.3191168308258057
47,0.9940292835235596,0.021734366193413734,9e-05,0.8027353882789612,1.3039928674697876
48,0.9957627058029175,0.014419780112802982,9e-05,0.7969489693641663,1.2221542596817017
49,0.9947996735572815,0.014877050183713436,9e-05,0.7690688967704773,1.485876202583313
