epoch,accuracy,loss,lr,val_accuracy,val_loss
0,0.8295454382896423,0.4160297214984894,0.001,0.2582851052284241,3.8846490383148193
1,0.8994607329368591,0.2711271345615387,0.001,0.2582851052284241,5.950042247772217
2,0.9192989468574524,0.22136780619621277,0.001,0.6943714022636414,2.4169726371765137
3,0.9204545617103577,0.2154388427734375,0.001,0.6117832660675049,0.9084276556968689
4,0.930084764957428,0.19283455610275269,0.001,0.6701735854148865,1.400972843170166
5,0.9329738020896912,0.17682969570159912,0.001,0.7022619843482971,1.0236214399337769
6,0.9431818127632141,0.1587766408920288,0.001,0.7217254042625427,0.9007530212402344
7,0.9518489837646484,0.13872671127319336,0.001,0.7190952301025391,0.7789735198020935
8,0.955315887928009,0.12409759312868118,0.001,0.7543398141860962,1.1146758794784546
9,0.954352855682373,0.13092586398124695,0.001,0.5497106909751892,2.4689202308654785
10,0.954352855682373,0.12348151206970215,0.001,0.7811678051948547,1.1043845415115356
11,0.9680277109146118,0.09820728003978729,0.001,0.7990531325340271,0.9261460304260254
12,0.9686055183410645,0.0964478924870491,0.001,0.7680168151855469,0.8301324844360352
13,0.9701463580131531,0.08633966743946075,0.001,0.6359810829162598,2.2847516536712646
14,0.9705315828323364,0.09082169085741043,0.001,0.6675434112548828,1.9106512069702148
15,0.9668720960617065,0.09052899479866028,0.001,0.6559705138206482,1.7687815427780151
16,0.9695685505867004,0.09097202867269516,0.001,0.7196212410926819,1.1173784732818604
17,0.973805844783783,0.08125284314155579,0.001,0.44450289011001587,4.939461708068848
18,0.9741910696029663,0.07577048987150192,0.001,0.6138874292373657,2.0488250255584717
19,0.9836286306381226,0.05798358470201492,0.001,0.6349290013313293,2.930955171585083
20,0.972842812538147,0.08357387781143188,0.001,0.6991057395935059,3.0550765991210938
21,0.973998486995697,0.07728294283151627,0.001,0.7811678051948547,1.0122877359390259
22,0.9797765612602234,0.06503701210021973,0.001,0.7990531325340271,0.949838399887085
23,0.9815100431442261,0.05570097640156746,0.0003,0.8321935534477234,0.892744779586792
24,0.9890215992927551,0.03507823497056961,0.0003,0.7506575584411621,1.425026535987854
25,0.9878659248352051,0.039414115250110626,0.0003,0.7517096400260925,1.2795170545578003
26,0.9903697967529297,0.030614104121923447,0.0003,0.74539715051651,1.3210875988006592
27,0.9867103099822998,0.04637372866272926,0.0003,0.6785902380943298,1.9927129745483398
28,0.9895994067192078,0.03357157111167908,0.0003,0.752761721611023,1.1596434116363525
29,0.9901772141456604,0.02784285880625248,0.0003,0.7617043852806091,1.4151175022125244
30,0.991525411605835,0.027709590271115303,0.0003,0.717517077922821,1.2213057279586792
31,0.9861325025558472,0.0396154411137104,0.0003,0.7874802947044373,0.9484496116638184
32,0.9909476041793823,0.02670781873166561,0.0003,0.7269858121871948,1.2596333026885986
33,0.9909476041793823,0.02827884443104267,0.0003,0.7627564668655396,1.473533272743225
34,0.9911401867866516,0.029985157772898674,0.0003,0.7332982420921326,1.6384344100952148
35,0.9921032190322876,0.02624610811471939,0.0003,0.7885323762893677,1.1362916231155396
36,0.9942218661308289,0.02207988314330578,0.0003,0.7538138031959534,1.167266607284546
37,0.9922958612442017,0.023929396644234657,0.0003,0.7590741515159607,1.5753614902496338
38,0.9946070909500122,0.014434651471674442,9e-05,0.752761721611023,1.4796603918075562
39,0.9940292835235596,0.01842379756271839,9e-05,0.7443450689315796,1.326627492904663
40,0.9949923157691956,0.021448632702231407,9e-05,0.706470251083374,1.4997541904449463
41,0.9946070909500122,0.01731102354824543,9e-05,0.7085744142532349,1.7919576168060303
42,0.9949923157691956,0.016786420717835426,9e-05,0.7106785774230957,1.454966425895691
43,0.9955701231956482,0.014951230958104134,9e-05,0.7448711395263672,1.3260555267333984
44,0.9947996735572815,0.014751648530364037,9e-05,0.7243555784225464,1.5739258527755737
