epoch,accuracy,loss,lr,val_accuracy,val_loss
0,0.8270416259765625,0.4263100028038025,0.001,0.34613361954689026,2.7614927291870117
1,0.9025423526763916,0.2537505030632019,0.001,0.35455024242401123,2.2234015464782715
2,0.9062018394470215,0.22964948415756226,0.001,0.6743819117546082,1.2117141485214233
3,0.9216101765632629,0.20469413697719574,0.001,0.6575486660003662,0.7856374382972717
4,0.9298921227455139,0.19019097089767456,0.001,0.5176222920417786,2.1829748153686523
5,0.9443374276161194,0.1505025178194046,0.001,0.76380854845047,0.6955007314682007
6,0.9389445185661316,0.16426272690296173,0.001,0.7143608331680298,0.9742116332054138
7,0.9474191069602966,0.1407228261232376,0.001,0.717517077922821,1.0704340934753418
8,0.9601309895515442,0.11332108825445175,0.001,0.7227774858474731,0.9991426467895508
9,0.9491525292396545,0.14111997187137604,0.001,0.7701209783554077,0.8490124940872192
10,0.9576271176338196,0.11314772814512253,0.001,0.7432929873466492,1.2309062480926514
11,0.9557010531425476,0.136992946267128,0.001,0.8027353882789612,1.0706934928894043
12,0.9426040053367615,0.16688016057014465,0.001,0.7811678051948547,0.7765145301818848
13,0.9603235721588135,0.1118394210934639,0.001,0.7475013136863708,0.6015114784240723
14,0.9630200266838074,0.10429778695106506,0.001,0.7022619843482971,1.004881501197815
15,0.972842812538147,0.07613052427768707,0.001,0.7743293046951294,1.174519658088684
16,0.964560866355896,0.10790112614631653,0.001,0.815886378288269,0.5865129232406616
17,0.9732280373573303,0.07364857196807861,0.001,0.7632824778556824,1.02663254737854
18,0.9707241654396057,0.07765431702136993,0.001,0.7048921585083008,1.5206007957458496
19,0.966486930847168,0.095076784491539,0.001,0.7753813862800598,1.0124543905258179
20,0.9765022993087769,0.07157477736473083,0.001,0.784324049949646,1.331870198249817
21,0.9818952083587646,0.06006139889359474,0.001,0.8200947046279907,1.062191128730774
22,0.9732280373573303,0.07548214495182037,0.001,0.8490267992019653,0.5289230346679688
23,0.9766949415206909,0.06671407073736191,0.001,0.7932667136192322,1.0727972984313965
24,0.9761170744895935,0.06977149844169617,0.001,0.717517077922821,1.5890412330627441
25,0.9801617860794067,0.06617745757102966,0.001,0.7496054768562317,1.09455144405365
26,0.9755392670631409,0.0726618692278862,0.001,0.6570225954055786,1.718022346496582
27,0.980354368686676,0.064063161611557,0.001,0.7217254042625427,1.6350616216659546
28,0.9757319092750549,0.0760846808552742,0.001,0.7211993932723999,1.587614893913269
29,0.9770801067352295,0.07573753595352173,0.001,0.6906890869140625,1.188377022743225
30,0.9734206199645996,0.07930690795183182,0.001,0.7901104688644409,0.932686448097229
31,0.9880585670471191,0.042482879012823105,0.001,0.8295633792877197,0.8727080225944519
32,0.9847843050956726,0.04652005061507225,0.001,0.8485007882118225,0.504288375377655
33,0.9788135886192322,0.06385386735200882,0.001,0.6822724938392639,1.63796865940094
34,0.9849768877029419,0.05370396003127098,0.001,0.7311940789222717,1.5960007905960083
35,0.9845916628837585,0.04713885486125946,0.001,0.7133088111877441,1.2099213600158691
36,0.9836286306381226,0.05700118839740753,0.001,0.8169384598731995,0.9496796727180481
37,0.9828582406044006,0.0637190043926239,0.001,0.7727512121200562,1.0691478252410889
38,0.9857472777366638,0.04150122404098511,0.001,0.8400841951370239,0.901100754737854
39,0.9845916628837585,0.03985893726348877,0.001,0.8527091145515442,0.7012868523597717
40,0.9828582406044006,0.053076017647981644,0.001,0.784324049949646,1.1515395641326904
41,0.9888289570808411,0.03836343064904213,0.001,0.7759073972702026,2.077815055847168
42,0.9859399199485779,0.04514750838279724,0.001,0.7085744142532349,3.7250375747680664
43,0.98420649766922,0.04299650341272354,0.001,0.7559179663658142,2.094949245452881
44,0.9909476041793823,0.03172617405653,0.001,0.7948448061943054,1.335278034210205
45,0.9847843050956726,0.04389848932623863,0.001,0.6822724938392639,3.770322799682617
46,0.9859399199485779,0.04220776632428169,0.001,0.8069437146186829,1.6874386072158813
47,0.9863251447677612,0.03922048956155777,0.001,0.7517096400260925,1.9898908138275146
48,0.989791989326477,0.03238450735807419,0.0003,0.8085218071937561,1.1240971088409424
49,0.9947996735572815,0.01607316918671131,0.0003,0.7880063056945801,1.6501678228378296
