epoch,accuracy,loss,lr,val_accuracy,val_loss
0,0.8160631656646729,0.46281158924102783,0.001,0.2156759649515152,7.923851013183594
1,0.8863636255264282,0.29251351952552795,0.001,0.4176748991012573,2.5793585777282715
2,0.9048536419868469,0.2522692382335663,0.001,0.6607049107551575,1.328702449798584
3,0.9108243584632874,0.23470665514469147,0.001,0.6554445028305054,1.002821922302246
4,0.9266178607940674,0.18822476267814636,0.001,0.5675960183143616,2.15871262550354
5,0.9270030856132507,0.18964561820030212,0.001,0.7664387226104736,0.5822490453720093
6,0.9427965879440308,0.16239547729492188,0.001,0.5107837915420532,2.7480857372283936
7,0.9476116895675659,0.1369720846414566,0.001,0.5360336899757385,2.0300920009613037
8,0.955123245716095,0.12751522660255432,0.001,0.7496054768562317,1.1486645936965942
9,0.9574345350265503,0.1257820725440979,0.001,0.6507101655006409,1.606369137763977
10,0.94780433177948,0.1482129991054535,0.001,0.6475539207458496,1.502806544303894
11,0.9585901498794556,0.11751042306423187,0.001,0.7369805574417114,1.2507288455963135
12,0.9647534489631653,0.09859184920787811,0.001,0.7206733226776123,0.790899932384491
13,0.9607087969779968,0.1198335587978363,0.001,0.5875855088233948,2.021956443786621
14,0.9589753746986389,0.13956321775913239,0.001,0.5739084482192993,0.8663229942321777
15,0.9668720960617065,0.10750144720077515,0.001,0.7522356510162354,1.5954041481018066
16,0.9711093902587891,0.0914151594042778,0.001,0.7985270619392395,1.218322992324829
17,0.9736132621765137,0.0804663598537445,0.001,0.762230396270752,1.8567495346069336
18,0.9795839786529541,0.0644536167383194,0.001,0.7369805574417114,1.6347301006317139
19,0.974768877029419,0.0865449458360672,0.001,0.8458706140518188,0.667597770690918
20,0.9751541018486023,0.08340715616941452,0.001,0.7490794062614441,1.050034999847412
21,0.9838212728500366,0.05370134487748146,0.0003,0.7927406430244446,0.8732719421386719
22,0.9878659248352051,0.038374289870262146,0.0003,0.7611783146858215,1.07134211063385
23,0.9882511496543884,0.03506087139248848,0.0003,0.7664387226104736,1.8623791933059692
24,0.9878659248352051,0.04315461590886116,0.0003,0.7738032341003418,1.2255291938781738
25,0.9909476041793823,0.031595174223184586,0.0003,0.7390847206115723,1.1966749429702759
26,0.9895994067192078,0.03019353374838829,0.0003,0.7848500609397888,1.2172658443450928
27,0.9876733422279358,0.03830933943390846,0.0003,0.7948448061943054,1.0998451709747314
28,0.9894067645072937,0.03160309046506882,0.0003,0.7306680679321289,1.2063933610916138
29,0.9880585670471191,0.03579092025756836,0.0003,0.7932667136192322,1.217892050743103
30,0.9901772141456604,0.03559556603431702,0.0003,0.7769594788551331,1.3278782367706299
31,0.9869029521942139,0.04302746430039406,0.0003,0.7811678051948547,1.1791492700576782
32,0.9892141819000244,0.036999382078647614,0.0003,0.8385060429573059,0.8644903898239136
33,0.991718053817749,0.027255944907665253,0.0003,0.8016833066940308,1.3662668466567993
34,0.9894067645072937,0.036099642515182495,0.0003,0.8032614588737488,1.5156917572021484
35,0.9922958612442017,0.022416209802031517,0.0003,0.7985270619392395,1.8102648258209229
36,0.992488443851471,0.020856110379099846,9e-05,0.8211467862129211,1.208495855331421
37,0.9928736686706543,0.022680476307868958,9e-05,0.80641770362854,1.3807944059371948
38,0.9949923157691956,0.016109377145767212,9e-05,0.8111520409584045,1.3889814615249634
39,0.9942218661308289,0.017827121540904045,9e-05,0.765912652015686,1.6260660886764526
40,0.9936440587043762,0.02656359225511551,9e-05,0.80641770362854,1.3810282945632935
41,0.9955701231956482,0.016972409561276436,9e-05,0.7927406430244446,1.421505093574524
42,0.9951848983764648,0.018542859703302383,9e-05,0.8027353882789612,1.3833608627319336
43,0.9936440587043762,0.022321416065096855,9e-05,0.8027353882789612,1.3773384094238281
44,0.9953774809837341,0.016055341809988022,9e-05,0.8174644708633423,1.2058883905410767
45,0.9951848983764648,0.01441281195729971,9e-05,0.8027353882789612,1.320534110069275
46,0.9971109628677368,0.013164151459932327,9e-05,0.7906364798545837,1.5088272094726562
47,0.9961479306221008,0.01142707746475935,9e-05,0.7895844578742981,1.4058643579483032
48,0.9953774809837341,0.01576225273311138,9e-05,0.8127301335334778,1.4264758825302124
49,0.9951848983764648,0.013070729561150074,9e-05,0.7906364798545837,1.6129518747329712
