epoch,accuracy,loss,lr,val_accuracy,val_loss
0,0.8085516095161438,0.4651152193546295,0.001,0.45817989110946655,4.203739643096924
1,0.8472650051116943,0.3654657006263733,0.001,0.3771699070930481,4.247590065002441
2,0.8624807596206665,0.32380351424217224,0.001,0.6880589127540588,1.0403175354003906
3,0.9025423526763916,0.2702878415584564,0.001,0.5470804572105408,4.397360801696777
4,0.9056240320205688,0.26127883791923523,0.001,0.5618095993995667,1.4317048788070679
5,0.9306625723838806,0.1826092004776001,0.001,0.6401893496513367,1.164093017578125
6,0.9335516095161438,0.18234558403491974,0.001,0.7048921585083008,1.125768780708313
7,0.9408705830574036,0.1603652685880661,0.001,0.7475013136863708,0.9123692512512207
8,0.9470338821411133,0.15463179349899292,0.001,0.6754339933395386,0.7760794162750244
9,0.9483821392059326,0.15697328746318817,0.001,0.6633350849151611,1.519580602645874
10,0.9528120160102844,0.13726180791854858,0.001,0.6817464232444763,1.102803111076355
11,0.9597457647323608,0.11178699135780334,0.001,0.7259337306022644,1.535301685333252
12,0.954352855682373,0.12927187979221344,0.001,0.609679102897644,1.6602569818496704
13,0.9618644118309021,0.10229095816612244,0.001,0.7001578211784363,1.173448085784912
14,0.9547380805015564,0.14526793360710144,0.001,0.8095738887786865,0.5466391444206238
15,0.9610939621925354,0.10253804177045822,0.001,0.756443977355957,1.0059226751327515
16,0.9682203531265259,0.08870342373847961,0.001,0.7885323762893677,1.1645684242248535
17,0.9749614596366882,0.06983579695224762,0.001,0.6933193206787109,1.5217586755752563
18,0.9666795134544373,0.0926738828420639,0.001,0.762230396270752,0.9385393261909485
19,0.9732280373573303,0.08234621584415436,0.001,0.7327722311019897,1.2942336797714233
20,0.9751541018486023,0.07499253004789352,0.001,0.7106785774230957,1.9244009256362915
21,0.9724576473236084,0.07579024881124496,0.001,0.7522356510162354,1.142927646636963
22,0.9759244918823242,0.07858027517795563,0.001,0.7922146320343018,0.6970195174217224
23,0.9807395935058594,0.06701121479272842,0.001,0.6948974132537842,1.0964077711105347
24,0.980354368686676,0.07218136638402939,0.001,0.6396633386611938,1.7286176681518555
25,0.9749614596366882,0.07415749132633209,0.001,0.7553918957710266,1.004465937614441
26,0.973998486995697,0.0838659405708313,0.001,0.7317201495170593,1.2522697448730469
27,0.9826656579971313,0.05744878947734833,0.001,0.7901104688644409,1.238316297531128
28,0.9734206199645996,0.07136109471321106,0.001,0.6812204122543335,1.713005542755127
29,0.965523898601532,0.13737957179546356,0.001,0.7085744142532349,1.9908725023269653
30,0.9811248183250427,0.058547209948301315,0.0003,0.7096264958381653,1.0641632080078125
31,0.9867103099822998,0.04794847220182419,0.0003,0.7238295674324036,1.4839253425598145
32,0.9882511496543884,0.03595712408423424,0.0003,0.7690688967704773,1.5096549987792969
33,0.9857472777366638,0.040318574756383896,0.0003,0.746975302696228,1.7334564924240112
34,0.989791989326477,0.03195904567837715,0.0003,0.7022619843482971,1.8581689596176147
35,0.9899845719337463,0.03714500740170479,0.0003,0.6854287385940552,1.8918802738189697
36,0.9882511496543884,0.03842799365520477,0.0003,0.7727512121200562,1.5269802808761597
37,0.9899845719337463,0.03269662708044052,0.0003,0.7695949673652649,1.732683539390564
38,0.9922958612442017,0.030071111395955086,0.0003,0.7490794062614441,1.613599181175232
39,0.9919106364250183,0.03068164549767971,0.0003,0.7716991305351257,1.6620737314224243
40,0.9921032190322876,0.02680487558245659,0.0003,0.7648605704307556,1.917644739151001
41,0.990562379360199,0.032419394701719284,0.0003,0.7795897126197815,1.648466944694519
42,0.9926810264587402,0.030204767361283302,0.0003,0.7606523036956787,1.7461016178131104
43,0.9938367009162903,0.02067011408507824,0.0003,0.7406628131866455,1.633050560951233
44,0.9892141819000244,0.02747473679482937,0.0003,0.7422409057617188,2.002713918685913
45,0.9940292835235596,0.02218296006321907,9e-05,0.7354024052619934,1.9758702516555786
46,0.9940292835235596,0.019247734919190407,9e-05,0.7596002221107483,1.9705055952072144
47,0.9947996735572815,0.01777779497206211,9e-05,0.7580220699310303,2.1293277740478516
48,0.9951848983764648,0.013394935987889767,9e-05,0.7354024052619934,1.9389599561691284
49,0.9944145083427429,0.016662510111927986,9e-05,0.7690688967704773,1.8643792867660522
