epoch,accuracy,loss,lr,val_accuracy,val_loss
0,0.829352855682373,0.445039302110672,0.001,0.2156759649515152,5.183421611785889
1,0.8975346684455872,0.28116941452026367,0.001,0.27617043256759644,5.46685791015625
2,0.902157187461853,0.25819480419158936,0.001,0.5807469487190247,1.2316014766693115
3,0.920647144317627,0.21090658009052277,0.001,0.5023671984672546,1.849563479423523
4,0.9173728823661804,0.21562977135181427,0.001,0.6301946640014648,2.979149103164673
5,0.9258474707603455,0.20358122885227203,0.001,0.596528172492981,1.1907778978347778
6,0.9377889037132263,0.16851505637168884,0.001,0.7617043852806091,0.8083925843238831
7,0.9429892301559448,0.15881456434726715,0.001,0.665439248085022,1.2586519718170166
8,0.9516564011573792,0.13197937607765198,0.001,0.4807995855808258,3.3994030952453613
9,0.9528120160102844,0.12920349836349487,0.001,0.8143082857131958,0.8006841540336609
10,0.9522342085838318,0.13667534291744232,0.001,0.7259337306022644,1.2643946409225464
11,0.9593605399131775,0.1125953420996666,0.001,0.5665439367294312,4.182926177978516
12,0.9558936953544617,0.12169729173183441,0.001,0.5591793656349182,2.378056764602661
13,0.9610939621925354,0.11590436100959778,0.001,0.6359810829162598,1.630063772201538
14,0.9689907431602478,0.09795063734054565,0.001,0.644923746585846,2.699481964111328
15,0.9659090638160706,0.10331844538450241,0.001,0.5733824372291565,1.9849445819854736
16,0.9718798398971558,0.0890665277838707,0.001,0.7106785774230957,1.6798406839370728
17,0.9695685505867004,0.09022769331932068,0.001,0.7201473116874695,1.7706009149551392
18,0.9801617860794067,0.06287301331758499,0.001,0.6307206749916077,2.0632236003875732
19,0.9801617860794067,0.06727146357297897,0.001,0.7169910669326782,1.8019897937774658
20,0.974768877029419,0.0839187279343605,0.001,0.7911625504493713,0.9148340225219727
21,0.9745762944221497,0.07374215126037598,0.001,0.8185165524482727,1.0234944820404053
22,0.9770801067352295,0.07308173179626465,0.001,0.7580220699310303,1.292653203010559
23,0.9791987538337708,0.06703424453735352,0.001,0.6696475744247437,1.6878968477249146
24,0.9766949415206909,0.07064586877822876,0.001,0.6733298301696777,1.3781710863113403
25,0.9818952083587646,0.047982145100831985,0.0003,0.7901104688644409,1.0533592700958252
26,0.9876733422279358,0.04079052805900574,0.0003,0.7890583872795105,0.9934159517288208
27,0.9909476041793823,0.033664945513010025,0.0003,0.8090478777885437,1.0210895538330078
28,0.9895994067192078,0.031812965869903564,0.0003,0.8069437146186829,1.324906587600708
29,0.9888289570808411,0.03379133343696594,0.0003,0.7769594788551331,1.1514049768447876
30,0.9876733422279358,0.037104252725839615,0.0003,0.7759073972702026,1.4903337955474854
31,0.9874807596206665,0.03216568008065224,0.0003,0.7948448061943054,1.1307096481323242
32,0.990755021572113,0.026798689737915993,0.0003,0.7890583872795105,1.553336501121521
33,0.991525411605835,0.02581283636391163,0.0003,0.7459232211112976,1.9333844184875488
34,0.9869029521942139,0.07149181514978409,0.0003,0.7790636420249939,1.3087146282196045
35,0.9890215992927551,0.04143122583627701,0.0003,0.793792724609375,0.9681737422943115
36,0.9922958612442017,0.027638809755444527,0.0003,0.793792724609375,1.3020126819610596
37,0.9928736686706543,0.024085214361548424,0.0003,0.7890583872795105,1.4005460739135742
38,0.9886363744735718,0.02842526324093342,0.0003,0.7801157236099243,1.8050247430801392
39,0.9932588338851929,0.02306234836578369,0.0003,0.7685428857803345,1.536253571510315
40,0.9938367009162903,0.01897933892905712,9e-05,0.784324049949646,1.10312819480896
41,0.9940292835235596,0.019375773146748543,9e-05,0.7964229583740234,1.3410229682922363
42,0.9955701231956482,0.01440204307436943,9e-05,0.7974750399589539,1.3640320301055908
43,0.9957627058029175,0.012755430303514004,9e-05,0.8074697256088257,1.3918944597244263
44,0.9959552884101868,0.0137261301279068,9e-05,0.7985270619392395,1.46770441532135
45,0.9949923157691956,0.02358403429389,9e-05,0.7943187952041626,1.3528203964233398
46,0.9955701231956482,0.016033953055739403,9e-05,0.7922146320343018,1.580953598022461
47,0.9959552884101868,0.017866970971226692,9e-05,0.773277223110199,1.4924509525299072
48,0.9963405132293701,0.013705303892493248,9e-05,0.7837979793548584,1.4412224292755127
49,0.9965331554412842,0.020231591537594795,9e-05,0.7874802947044373,1.5602281093597412
