epoch,accuracy,loss,lr,val_accuracy,val_loss
0,0.7896764278411865,0.5631879568099976,0.001,0.19936875998973846,2.784597873687744
1,0.873073935508728,0.32283034920692444,0.001,0.38032615184783936,4.306222915649414
2,0.909476101398468,0.2492513358592987,0.001,0.6901630759239197,0.8221278190612793
3,0.9273883104324341,0.22161540389060974,0.001,0.5291951894760132,1.7177722454071045
4,0.9108243584632874,0.23751209676265717,0.001,0.7143608331680298,0.7132161259651184
5,0.9352850317955017,0.1831543892621994,0.001,0.6380852460861206,1.4267423152923584
6,0.9395223259925842,0.17367133498191833,0.001,0.5139400362968445,2.122028112411499
7,0.9345146417617798,0.16745127737522125,0.001,0.8563913702964783,0.49135828018188477
8,0.9004237055778503,0.31485724449157715,0.001,0.7485533952713013,0.8039162158966064
9,0.9243066310882568,0.20213192701339722,0.001,0.6312466859817505,2.1883201599121094
10,0.9393297433853149,0.17338941991329193,0.001,0.7617043852806091,0.782720685005188
11,0.945878267288208,0.14819736778736115,0.001,0.7916885614395142,0.6669524312019348
12,0.9479969143867493,0.1574985533952713,0.001,0.7085744142532349,1.2087087631225586
13,0.9456856846809387,0.16590848565101624,0.001,0.8369279503822327,0.6418938636779785
14,0.9437596201896667,0.16373229026794434,0.001,0.7985270619392395,0.7553375959396362
15,0.956278920173645,0.1303669959306717,0.001,0.5428721904754639,2.1651201248168945
16,0.9678351283073425,0.09083076566457748,0.001,0.6822724938392639,1.2490158081054688
17,0.9682203531265259,0.09204630553722382,0.001,0.7154129147529602,1.1307530403137207
18,0.9705315828323364,0.08819559961557388,0.001,0.6433455944061279,2.243332862854004
19,0.972842812538147,0.08878359198570251,0.001,0.7780115604400635,1.1960610151290894
20,0.9716871976852417,0.09755667299032211,0.001,0.6591267585754395,1.4790089130401611
21,0.9759244918823242,0.08131937682628632,0.001,0.7338243126869202,0.9574816226959229
22,0.9703390002250671,0.09244906902313232,0.001,0.7159389853477478,1.163368821144104
23,0.9820878505706787,0.058188702911138535,0.0003,0.7695949673652649,0.9835526943206787
24,0.9869029521942139,0.04335971921682358,0.0003,0.7596002221107483,1.0301283597946167
25,0.9899845719337463,0.0345856249332428,0.0003,0.8348237872123718,0.6728093028068542
26,0.9874807596206665,0.04405004158616066,0.0003,0.8195686340332031,1.0229772329330444
27,0.9857472777366638,0.0425017774105072,0.0003,0.8006312251091003,1.3253263235092163
28,0.9867103099822998,0.043163545429706573,0.0003,0.7995791435241699,1.1553747653961182
29,0.9872881174087524,0.04471857100725174,0.0003,0.8206207156181335,1.0517075061798096
30,0.9882511496543884,0.034220729023218155,0.0003,0.8069437146186829,1.2462621927261353
31,0.9878659248352051,0.037148572504520416,0.0003,0.8058916330337524,1.6825059652328491
32,0.9899845719337463,0.031055349856615067,0.0003,0.7990531325340271,1.6988898515701294
33,0.9884437322616577,0.0396401546895504,0.0003,0.7822198867797852,1.197121500968933
34,0.9876733422279358,0.03712484613060951,0.0003,0.7916885614395142,1.1616910696029663
35,0.992488443851471,0.026656992733478546,0.0003,0.8164123892784119,1.1914972066879272
36,0.9901772141456604,0.03324468433856964,0.0003,0.7332982420921326,2.012404203414917
37,0.9886363744735718,0.03571140393614769,0.0003,0.7690688967704773,0.9906155467033386
38,0.9926810264587402,0.026053929701447487,9e-05,0.7874802947044373,1.01119065284729
39,0.9930662512779236,0.02401897870004177,9e-05,0.8290373682975769,1.186978816986084
40,0.9932588338851929,0.024384021759033203,9e-05,0.8079957962036133,1.3249151706695557
41,0.9919106364250183,0.024214496836066246,9e-05,0.8279852867126465,1.2266817092895508
42,0.9955701231956482,0.01602141372859478,9e-05,0.8022093772888184,1.2289196252822876
43,0.9936440587043762,0.019985118880867958,9e-05,0.7927406430244446,1.5922554731369019
44,0.9944145083427429,0.017780130729079247,9e-05,0.8143082857131958,1.5112709999084473
45,0.9944145083427429,0.021222684532403946,9e-05,0.7859021425247192,1.705081582069397
46,0.9919106364250183,0.022582096979022026,9e-05,0.762230396270752,1.5814218521118164
47,0.9940292835235596,0.020947027951478958,9e-05,0.8300894498825073,1.4373133182525635
48,0.9951848983764648,0.016743555665016174,9e-05,0.8022093772888184,1.512312650680542
49,0.9938367009162903,0.021531661972403526,9e-05,0.8127301335334778,1.2231910228729248
