epoch,accuracy,loss,lr,val_accuracy,val_loss
0,0.8000770211219788,0.514533519744873,0.001,0.4113624393939972,3.4252402782440186
1,0.8530431389808655,0.41002580523490906,0.001,0.6465018391609192,0.6694517731666565
2,0.8164483904838562,0.39650723338127136,0.001,0.6591267585754395,0.7708531618118286
3,0.8555470108985901,0.35060742497444153,0.001,0.6680694222450256,0.9793703556060791
4,0.8699923157691956,0.33271005749702454,0.001,0.6680694222450256,1.1929281949996948
5,0.8836671710014343,0.3372420072555542,0.001,0.7543398141860962,0.7472768425941467
6,0.9000385403633118,0.29835259914398193,0.001,0.6896370053291321,1.4768671989440918
7,0.9208397269248962,0.21949954330921173,0.001,0.6717517375946045,1.2240418195724487
8,0.9422187805175781,0.17014095187187195,0.001,0.6759600043296814,2.350569009780884
9,0.92719566822052,0.21636222302913666,0.001,0.5728563666343689,4.067185401916504
10,0.9381741285324097,0.18079359829425812,0.001,0.7864282131195068,0.6885823011398315
11,0.9558936953544617,0.13130821287631989,0.001,0.27669647336006165,6.411320686340332
12,0.9481894969940186,0.1450425684452057,0.001,0.74539715051651,1.0288141965866089
13,0.9358628392219543,0.1917310655117035,0.001,0.6785902380943298,1.1169933080673218
14,0.9582049250602722,0.12580423057079315,0.001,0.5549710392951965,2.957078218460083
15,0.9582049250602722,0.12902896106243134,0.001,0.7701209783554077,0.8481264114379883
16,0.9653312563896179,0.10762815922498703,0.001,0.7748553156852722,0.7530770301818848
17,0.9751541018486023,0.0750427171587944,0.0003,0.7890583872795105,0.8851953148841858
18,0.9793913960456848,0.07471094280481339,0.0003,0.7790636420249939,1.2945363521575928
19,0.9817026257514954,0.05866645276546478,0.0003,0.8148342967033386,0.8050276041030884
20,0.9811248183250427,0.0546984039247036,0.0003,0.7548658847808838,1.468686819076538
21,0.9778505563735962,0.06733980774879456,0.0003,0.7522356510162354,1.2802067995071411
22,0.9807395935058594,0.056228697299957275,0.0003,0.7769594788551331,1.3265548944473267
23,0.9855546951293945,0.047572311013936996,0.0003,0.8243029713630676,0.8167489171028137
24,0.9840138554573059,0.05565664544701576,0.0003,0.8332456350326538,0.6848586201667786
25,0.98420649766922,0.05067773163318634,0.0003,0.7480273246765137,1.1741762161254883
26,0.9851694703102112,0.0490892119705677,0.0003,0.687532901763916,1.5244158506393433
27,0.9784283638000488,0.08253458887338638,0.0003,0.8258811235427856,0.8266947269439697
28,0.9878659248352051,0.039884623140096664,0.0003,0.7837979793548584,1.0337871313095093
29,0.9859399199485779,0.050795622169971466,0.0003,0.7901104688644409,0.9434223175048828
30,0.9872881174087524,0.04179941862821579,0.0003,0.821672797203064,0.7857990860939026
31,0.9857472777366638,0.041280459612607956,0.0003,0.7927406430244446,1.432731032371521
32,0.991718053817749,0.031647954136133194,9e-05,0.7985270619392395,1.091636300086975
33,0.9911401867866516,0.02679271809756756,9e-05,0.804839551448822,1.1672592163085938
34,0.991718053817749,0.02939746528863907,9e-05,0.7948448061943054,1.1368207931518555
35,0.9913328289985657,0.03747880831360817,9e-05,0.7869542241096497,1.3178069591522217
36,0.9946070909500122,0.02131669595837593,9e-05,0.7848500609397888,1.3709651231765747
37,0.9928736686706543,0.024860983714461327,9e-05,0.7811678051948547,1.4253395795822144
38,0.991718053817749,0.025596080347895622,9e-05,0.7964229583740234,1.4212925434112549
39,0.9926810264587402,0.026936909183859825,9e-05,0.7943187952041626,1.460015058517456
40,0.9930662512779236,0.023335374891757965,9e-05,0.7980010509490967,1.1657670736312866
41,0.9936440587043762,0.020548073574900627,9e-05,0.8058916330337524,1.0509188175201416
42,0.9922958612442017,0.023502683266997337,9e-05,0.7995791435241699,1.2714556455612183
43,0.9921032190322876,0.02398020029067993,9e-05,0.7611783146858215,1.466856837272644
44,0.9921032190322876,0.026786314323544502,9e-05,0.7811678051948547,1.1387720108032227
45,0.9922958612442017,0.024463843554258347,9e-05,0.8106259703636169,1.1139395236968994
46,0.992488443851471,0.019897500053048134,9e-05,0.7932667136192322,1.1078853607177734
47,0.9938367009162903,0.021963858976960182,2.7e-05,0.7911625504493713,1.29765784740448
48,0.9944145083427429,0.016268864274024963,2.7e-05,0.7874802947044373,1.3670293092727661
49,0.9949923157691956,0.018239960074424744,2.7e-05,0.782745897769928,1.426741123199463
