epoch,accuracy,loss,lr,val_accuracy,val_loss
0,0.8245377540588379,0.5165582895278931,0.001,0.26670172810554504,8.60745620727539
1,0.8871340751647949,0.2963297367095947,0.001,0.41872698068618774,3.408444404602051
2,0.901964545249939,0.278569757938385,0.001,0.6380852460861206,0.9173062443733215
3,0.9090909361839294,0.2666890621185303,0.001,0.6549184918403625,1.3183460235595703
4,0.9069722890853882,0.2575089633464813,0.001,0.5281431078910828,10.772448539733887
5,0.9087057113647461,0.24804873764514923,0.001,0.7443450689315796,0.6983875036239624
6,0.9227657914161682,0.21326099336147308,0.001,0.5239347815513611,2.081934690475464
7,0.9385592937469482,0.16626092791557312,0.001,0.7264597415924072,1.199523687362671
8,0.9414483904838562,0.16598859429359436,0.001,0.6533403396606445,0.9760208129882812
9,0.944915235042572,0.1619131714105606,0.001,0.6943714022636414,1.7681605815887451
10,0.9462634921073914,0.15105172991752625,0.001,0.7653866410255432,1.0743154287338257
11,0.9603235721588135,0.11197654157876968,0.001,0.6812204122543335,1.045839786529541
12,0.9607087969779968,0.12750686705112457,0.001,0.6312466859817505,1.7173762321472168
13,0.956278920173645,0.12862740457057953,0.001,0.7969489693641663,0.7880018949508667
14,0.9541602730751038,0.13552001118659973,0.001,0.6270384192466736,2.086533308029175
15,0.9680277109146118,0.09843503683805466,0.001,0.4939505457878113,3.04038405418396
16,0.9639830589294434,0.10634467005729675,0.001,0.7217254042625427,0.9480602741241455
17,0.9535824060440063,0.1338661164045334,0.001,0.7711730599403381,0.7915799617767334
18,0.9724576473236084,0.08783895522356033,0.001,0.6775381565093994,0.9978938698768616
19,0.9612866044044495,0.12284857034683228,0.001,0.7706470489501953,1.0533608198165894
20,0.9743836522102356,0.07953649014234543,0.001,0.6070489287376404,2.7234890460968018
21,0.981317400932312,0.054896291345357895,0.0003,0.8079957962036133,1.2097110748291016
22,0.9849768877029419,0.04889647662639618,0.0003,0.7985270619392395,1.0701801776885986
23,0.982280433177948,0.06628327816724777,0.0003,0.7853761315345764,1.0589793920516968
24,0.9836286306381226,0.052839722484350204,0.0003,0.7948448061943054,1.1489999294281006
25,0.9849768877029419,0.05421818047761917,0.0003,0.7859021425247192,0.7448252439498901
26,0.9818952083587646,0.056017011404037476,0.0003,0.7569699883460999,0.8554842472076416
27,0.9911401867866516,0.03275265544652939,0.0003,0.7669647336006165,1.3528541326522827
28,0.9878659248352051,0.043365247547626495,0.0003,0.7569699883460999,1.2535902261734009
29,0.9863251447677612,0.045455534011125565,0.0003,0.8027353882789612,1.0558950901031494
30,0.9865177273750305,0.041462838649749756,0.0003,0.7753813862800598,1.3271856307983398
31,0.9878659248352051,0.035340335220098495,0.0003,0.7301420569419861,1.8175307512283325
32,0.9853621125221252,0.05506013706326485,0.0003,0.7864282131195068,1.0371581315994263
33,0.9847843050956726,0.0570199079811573,0.0003,0.7901104688644409,1.0343228578567505
34,0.9901772141456604,0.03786390647292137,0.0003,0.7580220699310303,1.090549349784851
35,0.9895994067192078,0.03154247626662254,0.0003,0.8206207156181335,0.8250100016593933
36,0.9899845719337463,0.027317626401782036,9e-05,0.7727512121200562,1.220560908317566
37,0.9911401867866516,0.02490146830677986,9e-05,0.8032614588737488,1.0444141626358032
38,0.9926810264587402,0.023181524127721786,9e-05,0.7874802947044373,1.349555253982544
39,0.9922958612442017,0.026362573727965355,9e-05,0.7995791435241699,1.049540400505066
40,0.9934514760971069,0.023232361301779747,9e-05,0.7916885614395142,1.0468628406524658
41,0.9911401867866516,0.02647317945957184,9e-05,0.8127301335334778,1.0302530527114868
42,0.9932588338851929,0.021190229803323746,9e-05,0.7995791435241699,1.1415667533874512
43,0.9942218661308289,0.023703746497631073,9e-05,0.7932667136192322,1.1657726764678955
44,0.9942218661308289,0.019722631201148033,9e-05,0.767490804195404,1.4174516201019287
45,0.9949923157691956,0.017956148833036423,9e-05,0.8111520409584045,1.1366496086120605
46,0.9953774809837341,0.017889412119984627,9e-05,0.7811678051948547,1.26295006275177
47,0.9942218661308289,0.01853841543197632,9e-05,0.7980010509490967,1.1895647048950195
48,0.9930662512779236,0.024019811302423477,9e-05,0.7543398141860962,1.6241031885147095
49,0.9949923157691956,0.01823498122394085,9e-05,0.767490804195404,1.4391006231307983
