epoch,accuracy,loss,lr,val_accuracy,val_loss
0,0.6275038719177246,0.7643930315971375,0.001,0.6344029307365417,1.3169094324111938
1,0.801232635974884,0.45246127247810364,0.001,0.7522356510162354,1.043495535850525
2,0.8567026257514954,0.3346623480319977,0.001,0.6975275874137878,0.9549875855445862
3,0.8932973742485046,0.27895140647888184,0.001,0.7511835694313049,0.8827996850013733
4,0.9175654649734497,0.2228192239999771,0.001,0.6738558411598206,1.0489028692245483
5,0.9322034120559692,0.18245668709278107,0.001,0.7422409057617188,0.8610575795173645
6,0.9406779408454895,0.16240294277668,0.001,0.7112046480178833,1.010632038116455
7,0.9453004598617554,0.15670184791088104,0.001,0.746975302696228,1.065514087677002
8,0.9503081440925598,0.1423683762550354,0.001,0.762230396270752,1.0497291088104248
9,0.9539676308631897,0.1370081901550293,0.001,0.7375065684318542,1.1098078489303589
10,0.9537750482559204,0.13631783425807953,0.001,0.7054182291030884,1.1988962888717651
11,0.9616718292236328,0.11092537641525269,0.001,0.773277223110199,0.6343536972999573
12,0.9651386737823486,0.10682478547096252,0.001,0.7958968877792358,0.7643402814865112
13,0.965523898601532,0.09624636173248291,0.001,0.6833245754241943,1.1250911951065063
14,0.9670647382736206,0.0896761491894722,0.001,0.6906890869140625,1.105322003364563
15,0.9609013795852661,0.10889054834842682,0.001,0.7101525664329529,1.1218082904815674
16,0.9741910696029663,0.07349185645580292,0.001,0.8006312251091003,0.9143403172492981
17,0.9749614596366882,0.07344702631235123,0.001,0.8037874698638916,0.8285766243934631
18,0.980354368686676,0.05856184661388397,0.001,0.784324049949646,1.0090367794036865
19,0.973805844783783,0.07710729539394379,0.001,0.782745897769928,0.94742751121521
20,0.9786209464073181,0.0639316663146019,0.001,0.7196212410926819,1.2896883487701416
21,0.9776579141616821,0.06539712101221085,0.001,0.8027353882789612,1.194570779800415
22,0.990562379360199,0.030602406710386276,0.0003,0.7738032341003418,1.1384526491165161
23,0.9913328289985657,0.030585892498493195,0.0003,0.7585481405258179,1.3606688976287842
24,0.9899845719337463,0.031612757593393326,0.0003,0.7716991305351257,1.0182626247406006
25,0.9921032190322876,0.027299508452415466,0.0003,0.7548658847808838,1.1984601020812988
26,0.9888289570808411,0.03457100689411163,0.0003,0.7680168151855469,1.0889043807983398
27,0.9922958612442017,0.0258018858730793,0.0003,0.7617043852806091,1.1419187784194946
28,0.9903697967529297,0.030672738328576088,0.0003,0.7417148947715759,1.1551017761230469
29,0.990755021572113,0.024398459121584892,0.0003,0.7548658847808838,1.4785096645355225
30,0.9921032190322876,0.023218726739287376,0.0003,0.7664387226104736,1.4911928176879883
31,0.9882511496543884,0.030815906822681427,0.0003,0.7606523036956787,1.6333972215652466
32,0.9921032190322876,0.023444700986146927,9e-05,0.7580220699310303,1.310522198677063
33,0.9963405132293701,0.013827240094542503,9e-05,0.7553918957710266,1.3984780311584473
34,0.9959552884101868,0.013267514295876026,9e-05,0.752761721611023,1.4769026041030884
35,0.9976887702941895,0.010213158093392849,9e-05,0.7511835694313049,1.6053093671798706
36,0.9959552884101868,0.013306686654686928,9e-05,0.7553918957710266,1.4675712585449219
37,0.9963405132293701,0.011054224334657192,9e-05,0.7727512121200562,1.4645187854766846
38,0.9967257380485535,0.011022294871509075,9e-05,0.7559179663658142,1.497124433517456
39,0.9973035454750061,0.009540352039039135,9e-05,0.7364544868469238,1.4172381162643433
40,0.9955701231956482,0.011765411123633385,9e-05,0.7585481405258179,1.6587556600570679
41,0.9967257380485535,0.011928662657737732,9e-05,0.7422409057617188,1.3802305459976196
42,0.9961479306221008,0.011782318353652954,2.7e-05,0.7532877326011658,1.5004489421844482
43,0.9967257380485535,0.008906657807528973,2.7e-05,0.7574960589408875,1.5154436826705933
44,0.9974961280822754,0.009203966706991196,2.7e-05,0.7548658847808838,1.6242938041687012
45,0.9978813529014587,0.007875483483076096,2.7e-05,0.7548658847808838,1.5519061088562012
46,0.998073935508728,0.0077264318242669106,2.7e-05,0.7543398141860962,1.6313523054122925
47,0.9976887702941895,0.007895855233073235,2.7e-05,0.7553918957710266,1.6520341634750366
48,0.9974961280822754,0.010066406801342964,2.7e-05,0.7475013136863708,1.5835444927215576
49,0.998073935508728,0.007884315215051174,2.7e-05,0.7543398141860962,1.5375784635543823
