epoch,accuracy,loss,lr,val_accuracy,val_loss
0,0.6067026257514954,0.7931125164031982,0.001,0.546554446220398,1.077925205230713
1,0.8039291501045227,0.44318825006484985,0.001,0.717517077922821,1.4048259258270264
2,0.8540061712265015,0.3411282002925873,0.001,0.7380326390266418,0.9410878419876099
3,0.884437620639801,0.28133806586265564,0.001,0.7112046480178833,1.1717967987060547
4,0.91140216588974,0.224636510014534,0.001,0.773277223110199,0.7238075733184814
5,0.9310477375984192,0.1868472844362259,0.001,0.7254076600074768,0.9965669512748718
6,0.9422187805175781,0.1500341296195984,0.001,0.7390847206115723,0.7834165692329407
7,0.9435670375823975,0.1450061947107315,0.001,0.7801157236099243,0.8027960658073425
8,0.9501155614852905,0.13222412765026093,0.001,0.7401367425918579,0.9207634329795837
9,0.938366711139679,0.17048770189285278,0.001,0.7401367425918579,0.8566376566886902
10,0.9651386737823486,0.1037159413099289,0.001,0.7380326390266418,1.2003706693649292
11,0.9582049250602722,0.11517154425382614,0.001,0.7506575584411621,0.786797285079956
12,0.964560866355896,0.10415623337030411,0.001,0.7390847206115723,1.1355764865875244
13,0.9639830589294434,0.10877493768930435,0.001,0.7522356510162354,0.8855639100074768
14,0.9684129357337952,0.09444870799779892,0.001,0.60599684715271,1.2031347751617432
15,0.9799692034721375,0.06142066419124603,0.0003,0.7364544868469238,1.1236274242401123
16,0.9861325025558472,0.043481744825839996,0.0003,0.756443977355957,1.1710388660430908
17,0.9857472777366638,0.043347496539354324,0.0003,0.7443450689315796,1.0949546098709106
18,0.9820878505706787,0.05246322602033615,0.0003,0.7627564668655396,1.1163392066955566
19,0.9809321761131287,0.0535682775080204,0.0003,0.7464492321014404,1.0472991466522217
20,0.9880585670471191,0.04094010218977928,0.0003,0.7427669763565063,1.3419346809387207
21,0.9888289570808411,0.031133219599723816,0.0003,0.746975302696228,1.4169212579727173
22,0.9874807596206665,0.03832067921757698,0.0003,0.7332982420921326,1.2596311569213867
23,0.9909476041793823,0.03144733980298042,0.0003,0.7769594788551331,1.0450937747955322
24,0.9869029521942139,0.036724574863910675,0.0003,0.7801157236099243,1.4464404582977295
25,0.9909476041793823,0.024932844564318657,9e-05,0.7922146320343018,1.0973622798919678
26,0.9928736686706543,0.02212471328675747,9e-05,0.7922146320343018,1.2115769386291504
27,0.9946070909500122,0.01838690973818302,9e-05,0.7890583872795105,1.1742298603057861
28,0.9951848983764648,0.015371729619801044,9e-05,0.7958968877792358,1.2909235954284668
29,0.9934514760971069,0.020512031391263008,9e-05,0.7985270619392395,1.1268653869628906
30,0.9940292835235596,0.017917921766638756,9e-05,0.7964229583740234,1.14515221118927
31,0.9951848983764648,0.015748536214232445,9e-05,0.8022093772888184,1.2146333456039429
32,0.9940292835235596,0.01768563874065876,9e-05,0.7837979793548584,1.3764431476593018
33,0.9922958612442017,0.020220398902893066,9e-05,0.7990531325340271,1.0334450006484985
34,0.9955701231956482,0.01354158204048872,9e-05,0.7722251415252686,1.4198393821716309
35,0.9955701231956482,0.013745416887104511,2.7e-05,0.7922146320343018,1.2645231485366821
36,0.9959552884101868,0.011736155487596989,2.7e-05,0.7874802947044373,1.2262609004974365
37,0.9961479306221008,0.012150772847235203,2.7e-05,0.7958968877792358,1.3841205835342407
38,0.9953774809837341,0.013076136820018291,2.7e-05,0.7906364798545837,1.2463979721069336
39,0.9969183206558228,0.010295617394149303,2.7e-05,0.7880063056945801,1.3002103567123413
40,0.9965331554412842,0.011089970357716084,2.7e-05,0.7837979793548584,1.3187071084976196
41,0.9965331554412842,0.009991029277443886,2.7e-05,0.7832719683647156,1.4912614822387695
42,0.9973035454750061,0.011031768284738064,2.7e-05,0.7822198867797852,1.4105085134506226
43,0.9978813529014587,0.009527661837637424,2.7e-05,0.7853761315345764,1.3935861587524414
44,0.9963405132293701,0.010516244918107986,2.7e-05,0.7806417942047119,1.5677580833435059
45,0.9973035454750061,0.008694196119904518,8.1e-06,0.7759073972702026,1.5103645324707031
46,0.9973035454750061,0.00910707376897335,8.1e-06,0.7801157236099243,1.4742789268493652
47,0.9973035454750061,0.00906933844089508,8.1e-06,0.7774855494499207,1.4332867860794067
48,0.9969183206558228,0.008702860213816166,8.1e-06,0.7780115604400635,1.5255552530288696
49,0.9971109628677368,0.008962438441812992,8.1e-06,0.7785376310348511,1.488265037536621
