epoch,accuracy,loss,lr,val_accuracy,val_loss
0,0.5934129357337952,0.8114026784896851,0.001,0.5854813456535339,1.1984262466430664
1,0.7979583740234375,0.46832191944122314,0.001,0.637559175491333,0.8948274254798889
2,0.8493836522102356,0.35708197951316833,0.001,0.723303496837616,0.9910904765129089
3,0.9017719626426697,0.24811451137065887,0.001,0.746975302696228,1.1019933223724365
4,0.9062018394470215,0.2273196578025818,0.001,0.7038400769233704,1.1194748878479004
5,0.919876754283905,0.20621682703495026,0.001,0.7222514748573303,1.217631220817566
6,0.9266178607940674,0.19093018770217896,0.001,0.6901630759239197,0.9958418011665344
7,0.9474191069602966,0.14354534447193146,0.001,0.6980536580085754,0.959919273853302
8,0.9481894969940186,0.1425822675228119,0.001,0.7154129147529602,1.2817285060882568
9,0.9574345350265503,0.12086108326911926,0.001,0.6465018391609192,1.1468713283538818
10,0.9624422192573547,0.11031890660524368,0.001,0.7311940789222717,1.2430003881454468
11,0.92719566822052,0.19816063344478607,0.001,0.7133088111877441,1.1037917137145996
12,0.9687981605529785,0.09625985473394394,0.0003,0.7201473116874695,1.2302030324935913
13,0.973035454750061,0.07605502754449844,0.0003,0.7059442400932312,1.223171353340149
14,0.9768875241279602,0.06649909913539886,0.0003,0.7711730599403381,1.1490027904510498
15,0.9765022993087769,0.06507623940706253,0.0003,0.7590741515159607,1.1271761655807495
16,0.9778505563735962,0.05946512147784233,0.0003,0.7517096400260925,1.082216739654541
17,0.9797765612602234,0.06312860548496246,0.0003,0.7396107316017151,1.5179123878479004
18,0.9836286306381226,0.0513017363846302,0.0003,0.7922146320343018,1.148419737815857
19,0.981317400932312,0.047621991485357285,0.0003,0.7701209783554077,1.473055124282837
20,0.9855546951293945,0.042636241763830185,0.0003,0.7943187952041626,1.1375521421432495
21,0.9847843050956726,0.04585166648030281,0.0003,0.8001052141189575,1.0748003721237183
22,0.9890215992927551,0.0345790721476078,9e-05,0.767490804195404,1.2138293981552124
23,0.9909476041793823,0.02682856097817421,9e-05,0.7974750399589539,1.2771159410476685
24,0.9919106364250183,0.024371298030018806,9e-05,0.784324049949646,1.3905388116836548
25,0.9895994067192078,0.030163299292325974,9e-05,0.8132562041282654,1.0744391679763794
26,0.9913328289985657,0.02601841278374195,9e-05,0.7822198867797852,1.41517972946167
27,0.9909476041793823,0.026890553534030914,9e-05,0.7853761315345764,1.3953869342803955
28,0.9926810264587402,0.02430071495473385,9e-05,0.7790636420249939,1.4886512756347656
29,0.9921032190322876,0.023020142689347267,9e-05,0.795370876789093,1.3494919538497925
30,0.9922958612442017,0.02226223051548004,9e-05,0.7880063056945801,1.5065346956253052
31,0.991718053817749,0.02513040043413639,9e-05,0.7922146320343018,1.340026617050171
32,0.9934514760971069,0.018448786810040474,2.7e-05,0.7874802947044373,1.442315936088562
33,0.9951848983764648,0.016082799062132835,2.7e-05,0.795370876789093,1.3912333250045776
34,0.9944145083427429,0.015468841418623924,2.7e-05,0.7922146320343018,1.376187801361084
35,0.9946070909500122,0.017890794202685356,2.7e-05,0.784324049949646,1.478721022605896
36,0.9953774809837341,0.014472770504653454,2.7e-05,0.782745897769928,1.5108739137649536
37,0.9951848983764648,0.014184992760419846,2.7e-05,0.7837979793548584,1.6415095329284668
38,0.9946070909500122,0.015919305384159088,2.7e-05,0.7874802947044373,1.509231448173523
39,0.9955701231956482,0.01593644544482231,2.7e-05,0.7911625504493713,1.5032951831817627
40,0.9946070909500122,0.016454501077532768,2.7e-05,0.8006312251091003,1.2913486957550049
41,0.9947996735572815,0.016615919768810272,2.7e-05,0.7948448061943054,1.374083399772644
42,0.9946070909500122,0.015304779633879662,8.1e-06,0.7874802947044373,1.5034250020980835
43,0.9963405132293701,0.010776741430163383,8.1e-06,0.7864282131195068,1.5314995050430298
44,0.9963405132293701,0.010521885007619858,8.1e-06,0.7837979793548584,1.6066144704818726
45,0.9955701231956482,0.015087938867509365,8.1e-06,0.7848500609397888,1.4994992017745972
46,0.9959552884101868,0.011950772255659103,8.1e-06,0.7895844578742981,1.5237263441085815
47,0.9969183206558228,0.011059713549911976,8.1e-06,0.7832719683647156,1.6212846040725708
48,0.9946070909500122,0.013811033219099045,8.1e-06,0.7890583872795105,1.599626898765564
49,0.9971109628677368,0.01123857218772173,8.1e-06,0.7906364798545837,1.5552159547805786
