epoch,accuracy,loss,lr,val_accuracy,val_loss
0,0.6163328289985657,3.539665460586548,0.001,0.2582851052284241,6.174854755401611
1,0.7964175939559937,1.810481071472168,0.001,0.14413467049598694,368.45843505859375
2,0.7894838452339172,2.542254686355591,0.001,0.30668070912361145,8.379870414733887
3,0.8468798398971558,1.2311015129089355,0.001,0.6785902380943298,1.350937843322754
4,0.8193374276161194,1.2426586151123047,0.001,0.5444502830505371,1.7514280080795288
5,0.8686440587043762,0.760380744934082,0.001,0.7091004848480225,8.273077011108398
6,0.8775038719177246,0.6162819266319275,0.001,0.7617043852806091,0.7664332389831543
7,0.8940678238868713,0.3371482491493225,0.001,0.7485533952713013,0.7202843427658081
8,0.9052388072013855,0.2760515511035919,0.001,0.5376117825508118,5.317704677581787
9,0.9125577807426453,0.25451093912124634,0.001,0.7506575584411621,0.723781943321228
10,0.9185284972190857,0.21783757209777832,0.001,0.6906890869140625,0.830854594707489
11,0.9241140484809875,0.1936274617910385,0.001,0.713834822177887,1.0786486864089966
12,0.919876754283905,0.2276766300201416,0.001,0.7916885614395142,0.8841179609298706
13,0.92719566822052,0.1932702213525772,0.001,0.7332982420921326,1.0096549987792969
14,0.9343220591545105,0.1781160533428192,0.001,0.7185691595077515,0.9033114314079285
15,0.9460708498954773,0.15218277275562286,0.001,0.6680694222450256,1.6427814960479736
16,0.9429892301559448,0.16183888912200928,0.001,0.4402945935726166,6.542887210845947
17,0.9464560747146606,0.14790277183055878,0.001,0.7459232211112976,0.9943421483039856
18,0.96359783411026,0.1041901633143425,0.0003,0.713834822177887,0.9272772669792175
19,0.965523898601532,0.09572868049144745,0.0003,0.7306680679321289,1.1960655450820923
20,0.966486930847168,0.0961676687002182,0.0003,0.7601262331008911,0.9122287631034851
21,0.9666795134544373,0.09467988461256027,0.0003,0.7254076600074768,1.1900290250778198
22,0.972842812538147,0.07893909513950348,0.0003,0.7406628131866455,1.3951208591461182
23,0.9676425457000732,0.08499915152788162,0.0003,0.7511835694313049,0.9086620211601257
24,0.9693759679794312,0.08879660069942474,0.0003,0.7254076600074768,1.262614369392395
25,0.9684129357337952,0.07971996068954468,0.0003,0.7259337306022644,1.1238099336624146
26,0.9736132621765137,0.07892849296331406,0.0003,0.6791162490844727,1.1257550716400146
27,0.9713020324707031,0.08382325619459152,0.0003,0.7269858121871948,1.070590615272522
28,0.9811248183250427,0.05845492333173752,9e-05,0.7669647336006165,1.2012414932250977
29,0.9786209464073181,0.061642132699489594,9e-05,0.7506575584411621,1.2003132104873657
30,0.9791987538337708,0.05907876417040825,9e-05,0.7485533952713013,1.0384284257888794
31,0.980354368686676,0.05288703367114067,9e-05,0.7475013136863708,0.9499072432518005
32,0.9836286306381226,0.04815114662051201,9e-05,0.7306680679321289,1.204628586769104
33,0.982280433177948,0.05470142886042595,9e-05,0.734350323677063,1.1834120750427246
34,0.9815100431442261,0.05200256034731865,9e-05,0.723303496837616,1.3753348588943481
35,0.9847843050956726,0.04617605358362198,9e-05,0.7206733226776123,1.3074508905410767
36,0.9834360480308533,0.053189750760793686,9e-05,0.7332982420921326,1.2530995607376099
37,0.9847843050956726,0.04813682287931442,9e-05,0.706470251083374,1.2930296659469604
38,0.9882511496543884,0.03421745076775551,2.7e-05,0.7301420569419861,1.2682164907455444
39,0.9859399199485779,0.04292985796928406,2.7e-05,0.7517096400260925,1.18168306350708
40,0.9876733422279358,0.041352834552526474,2.7e-05,0.7443450689315796,1.1815067529678345
41,0.9867103099822998,0.037423960864543915,2.7e-05,0.7259337306022644,1.3520338535308838
42,0.989791989326477,0.036192528903484344,2.7e-05,0.7490794062614441,1.1240477561950684
43,0.9870955348014832,0.03531366586685181,2.7e-05,0.735928475856781,1.2834044694900513
44,0.9884437322616577,0.03323551267385483,2.7e-05,0.7285639047622681,1.1183555126190186
45,0.9894067645072937,0.033344730734825134,2.7e-05,0.7169910669326782,1.276422381401062
46,0.9884437322616577,0.037570010870695114,2.7e-05,0.7285639047622681,1.2145354747772217
47,0.9884437322616577,0.03203435242176056,2.7e-05,0.7075223326683044,1.2165511846542358
48,0.9886363744735718,0.03144994005560875,8.1e-06,0.74539715051651,1.2886039018630981
49,0.9901772141456604,0.02875419147312641,8.1e-06,0.7427669763565063,1.3513782024383545
