epoch,accuracy,loss,lr,val_accuracy,val_loss
0,0.5679892301559448,3.630579948425293,0.001,0.24145187437534332,6.841174602508545
1,0.7176425457000732,1.9557136297225952,0.001,0.41872698068618774,2.9654364585876465
2,0.7785053849220276,1.0055094957351685,0.001,0.36980536580085754,10.158207893371582
3,0.8422573208808899,0.588929295539856,0.001,0.4750131368637085,27.52154541015625
4,0.8201078772544861,0.7867967486381531,0.001,0.6412414312362671,5.076817035675049
5,0.8204930424690247,0.5594632029533386,0.001,0.26617568731307983,12.313908576965332
6,0.8792372941970825,0.32180991768836975,0.001,0.7317201495170593,0.6195980906486511
7,0.8911787271499634,0.2935222387313843,0.001,0.302998423576355,24.298015594482422
8,0.9015793800354004,0.3489852845668793,0.001,0.5244607925415039,1.612489938735962
9,0.91140216588974,0.24028539657592773,0.001,0.7606523036956787,0.7084691524505615
10,0.9171802997589111,0.33768323063850403,0.001,0.4997369945049286,2.4051527976989746
11,0.9119799733161926,0.32332050800323486,0.001,0.5597054362297058,2.5832927227020264
12,0.9244992136955261,0.263722687959671,0.001,0.7033140659332275,0.9456427693367004
13,0.9348998665809631,0.1906498521566391,0.001,0.5144660472869873,1.8681230545043945
14,0.9381741285324097,0.16673915088176727,0.001,0.34508153796195984,3.1593923568725586
15,0.9401001334190369,0.186432883143425,0.001,0.6528143286705017,1.3034764528274536
16,0.9241140484809875,0.21581749618053436,0.001,0.49868491291999817,2.0862975120544434
17,0.9360554814338684,0.168023481965065,0.0003,0.7743293046951294,0.6314202547073364
18,0.9445300698280334,0.150057852268219,0.0003,0.7327722311019897,0.7904771566390991
19,0.9491525292396545,0.1430785208940506,0.0003,0.6586007475852966,0.9899063110351562
20,0.9470338821411133,0.1549791693687439,0.0003,0.7296159863471985,0.7882135510444641
21,0.9624422192573547,0.11355940252542496,0.0003,0.7096264958381653,0.9391992688179016
22,0.9570493102073669,0.11811739206314087,0.0003,0.7617043852806091,0.8602737188339233
23,0.9582049250602722,0.11992445588111877,0.0003,0.7811678051948547,0.6356474757194519
24,0.9618644118309021,0.10929986089468002,0.0003,0.5760126113891602,3.1153669357299805
25,0.9583975076675415,0.11172205209732056,0.0003,0.6791162490844727,1.2768725156784058
26,0.9597457647323608,0.10763389617204666,0.0003,0.6896370053291321,1.3520641326904297
27,0.9697611927986145,0.07795574516057968,9e-05,0.7285639047622681,1.0028437376022339
28,0.9784283638000488,0.06773305684328079,9e-05,0.7501314878463745,1.000028133392334
29,0.9761170744895935,0.06872478872537613,9e-05,0.756443977355957,0.9833081364631653
30,0.973805844783783,0.07333645224571228,9e-05,0.765912652015686,0.9105993509292603
31,0.9765022993087769,0.06719453632831573,9e-05,0.7159389853477478,0.9299409985542297
32,0.9772727489471436,0.0652841180562973,9e-05,0.7574960589408875,0.8833954930305481
33,0.9788135886192322,0.06382334977388382,9e-05,0.7159389853477478,1.1092499494552612
34,0.9795839786529541,0.06288989633321762,9e-05,0.7185691595077515,1.2201523780822754
35,0.9776579141616821,0.06612645089626312,9e-05,0.7348763942718506,1.0137375593185425
36,0.9807395935058594,0.05534125864505768,9e-05,0.708048403263092,1.110984206199646
37,0.9809321761131287,0.05731164291501045,2.7e-05,0.7517096400260925,1.0573467016220093
38,0.9869029521942139,0.04357931762933731,2.7e-05,0.7385586500167847,1.0554920434951782
39,0.9820878505706787,0.05044293403625488,2.7e-05,0.7385586500167847,1.107846975326538
40,0.9824730157852173,0.055936604738235474,2.7e-05,0.7127827405929565,1.1121900081634521
41,0.9840138554573059,0.05100634694099426,2.7e-05,0.734350323677063,1.0819092988967896
42,0.9857472777366638,0.04460206627845764,2.7e-05,0.7243555784225464,1.1454055309295654
43,0.9869029521942139,0.03965020552277565,2.7e-05,0.746975302696228,1.1465914249420166
44,0.9849768877029419,0.04293321445584297,2.7e-05,0.7406628131866455,1.1884446144104004
45,0.9828582406044006,0.05704903230071068,2.7e-05,0.7511835694313049,1.1803876161575317
46,0.9867103099822998,0.0429227314889431,2.7e-05,0.7601262331008911,1.1367168426513672
47,0.9870955348014832,0.038894280791282654,8.1e-06,0.7448711395263672,1.167012095451355
48,0.9886363744735718,0.038292046636343,8.1e-06,0.74539715051651,1.196175456047058
49,0.9903697967529297,0.03367426246404648,8.1e-06,0.74539715051651,1.1847460269927979
