epoch,accuracy,loss,lr,val_accuracy,val_loss
0,0.632511556148529,3.1269960403442383,0.001,0.21935823559761047,62.801422119140625
1,0.7068567276000977,1.6915918588638306,0.001,0.4566017985343933,11.596525192260742
2,0.7525038719177246,1.4619086980819702,0.001,0.23303525149822235,2548.25390625
3,0.7320878505706787,1.3082460165023804,0.001,0.5302472114562988,76.48593139648438
4,0.8297380805015564,0.9627690315246582,0.001,0.4892162084579468,1.9863474369049072
5,0.8453390002250671,0.7401832342147827,0.001,0.60599684715271,5.600131988525391
6,0.8463020324707031,0.6457489728927612,0.001,0.4944765865802765,4.051543712615967
7,0.8709552884101868,0.5320018529891968,0.001,0.7033140659332275,0.9550362825393677
8,0.840523898601532,1.047872543334961,0.001,0.5007890462875366,25.468791961669922
9,0.830315887928009,0.9294204115867615,0.001,0.6196738481521606,1.4581300020217896
10,0.8694145083427429,0.5296005606651306,0.001,0.5907416939735413,54.83525466918945
11,0.8875192403793335,0.5036360025405884,0.001,0.7375065684318542,1.2849125862121582
12,0.8597843050956726,0.7608227133750916,0.001,0.7354024052619934,0.9136985540390015
13,0.8850154280662537,0.49444419145584106,0.001,0.6854287385940552,8.612881660461426
14,0.8975346684455872,0.4716051518917084,0.001,0.6512361764907837,2.258415699005127
15,0.9067796468734741,0.4067865312099457,0.001,0.6091530919075012,1.7828514575958252
16,0.9133281707763672,0.34296655654907227,0.001,0.4160967767238617,5.075565814971924
17,0.908513069152832,0.2906625270843506,0.001,0.6622830033302307,0.9881061315536499
18,0.9090909361839294,0.26696786284446716,0.001,0.7538138031959534,0.8227697014808655
19,0.857280433177948,0.7587568163871765,0.001,0.322461873292923,1612.173583984375
20,0.8992680907249451,0.48064109683036804,0.001,0.7201473116874695,1.0381754636764526
21,0.8871340751647949,0.6596148610115051,0.001,0.5386638641357422,159.76950073242188
22,0.901001513004303,0.40773242712020874,0.001,0.5660178661346436,7.264791965484619
23,0.9119799733161926,0.2707180380821228,0.001,0.7222514748573303,0.6680475473403931
24,0.9335516095161438,0.20993933081626892,0.001,0.6649131774902344,1.7051228284835815
25,0.9329738020896912,0.21177026629447937,0.001,0.7432929873466492,5.3227972984313965
26,0.9389445185661316,0.19503475725650787,0.001,0.7354024052619934,0.9646432399749756
27,0.9385592937469482,0.19782526791095734,0.001,0.7375065684318542,0.9311895370483398
28,0.9385592937469482,0.18698103725910187,0.001,0.7632824778556824,0.7855492234230042
29,0.9435670375823975,0.1822279542684555,0.001,0.7627564668655396,0.7561957836151123
30,0.9520416259765625,0.1624908149242401,0.001,0.7632824778556824,0.9295821785926819
31,0.9318181872367859,0.22803181409835815,0.001,0.6975275874137878,1.088242769241333
32,0.9489599466323853,0.16086775064468384,0.001,0.6601788401603699,1.2488617897033691
33,0.9472265243530273,0.15495701134204865,0.001,0.7096264958381653,0.795348584651947
34,0.9549306631088257,0.1322040855884552,0.0003,0.7685428857803345,0.7183441519737244
35,0.9689907431602478,0.08966787159442902,0.0003,0.706470251083374,1.1214079856872559
36,0.9676425457000732,0.10128069669008255,0.0003,0.7443450689315796,0.8213226199150085
37,0.9620569944381714,0.10184182226657867,0.0003,0.7364544868469238,0.8565689921379089
38,0.9676425457000732,0.08595892041921616,0.0003,0.7306680679321289,1.0224474668502808
39,0.9684129357337952,0.08893658965826035,0.0003,0.8037874698638916,0.7501660585403442
40,0.962634801864624,0.10633675009012222,0.0003,0.665439248085022,1.1125643253326416
41,0.965523898601532,0.09689779579639435,0.0003,0.7180431485176086,1.118668794631958
42,0.9687981605529785,0.09628424793481827,0.0003,0.7069963216781616,1.085886001586914
43,0.9682203531265259,0.0844268947839737,0.0003,0.7390847206115723,0.8203675150871277
44,0.9753466844558716,0.0713220164179802,9e-05,0.7422409057617188,1.0028183460235596
45,0.9749614596366882,0.06891010701656342,9e-05,0.7159389853477478,1.0931342840194702
46,0.9763097167015076,0.06861574947834015,9e-05,0.7275118231773376,1.0788886547088623
47,0.973998486995697,0.06662460416555405,9e-05,0.7396107316017151,0.9809359312057495
48,0.9711093902587891,0.07400336116552353,9e-05,0.7496054768562317,0.9345888495445251
49,0.9797765612602234,0.06152604892849922,9e-05,0.7348763942718506,1.0012767314910889
