epoch,accuracy,loss,lr,val_accuracy,val_loss
0,0.612302303314209,0.8988137245178223,0.001,0.6138613820075989,0.9328964948654175
1,0.6182776689529419,0.832996129989624,0.001,0.6138613820075989,0.9003005623817444
2,0.6217926144599915,0.8266441226005554,0.001,0.6138613820075989,0.7698059678077698
3,0.6144112348556519,0.7059342265129089,0.001,0.6138613820075989,1.7190998792648315
4,0.6217926144599915,0.6401875615119934,0.001,0.6138613820075989,1.065128207206726
5,0.6615114212036133,0.6010976433753967,0.001,0.4983498454093933,1.0923445224761963
6,0.6864674687385559,0.5805825591087341,0.001,0.5264026522636414,1.0683245658874512
7,0.6868189573287964,0.5392453670501709,0.001,0.5247524976730347,1.940168023109436
8,0.7166959643363953,0.5135074257850647,0.001,0.49504950642585754,2.3849148750305176
9,0.7237258553504944,0.495309442281723,0.001,0.6138613820075989,1.536508321762085
10,0.7381370663642883,0.4805986285209656,0.001,0.6468647122383118,2.7138702869415283
11,0.7398945689201355,0.4611915946006775,0.001,0.5825082659721375,4.593742370605469
12,0.7391915917396545,0.47216883301734924,0.001,0.5676567554473877,5.4706501960754395
13,0.7848857641220093,0.38848719000816345,0.0003,0.6122112274169922,4.106400012969971
14,0.8021089434623718,0.3582518994808197,0.0003,0.6138613820075989,3.483103036880493
15,0.8137082457542419,0.3472786545753479,0.0003,0.5874587297439575,2.6245510578155518
16,0.8565905094146729,0.3118060529232025,0.0003,0.7128713130950928,3.4964687824249268
17,0.8724077343940735,0.2973533272743225,0.0003,0.6534653306007385,2.9964864253997803
18,0.8615114092826843,0.2941160202026367,0.0003,0.6881188154220581,4.623138904571533
19,0.8688927888870239,0.28763648867607117,0.0003,0.6897689700126648,3.6537699699401855
20,0.8671353459358215,0.2785184681415558,0.0003,0.6600660085678101,3.874166965484619
21,0.8910369277000427,0.2451225072145462,0.0003,0.6567656993865967,4.774378776550293
22,0.9015817046165466,0.2282952070236206,0.0003,0.6848185062408447,4.80999755859375
23,0.9110720753669739,0.20029649138450623,9e-05,0.6369637250900269,3.7717833518981934
24,0.9209138751029968,0.18322119116783142,9e-05,0.6848185062408447,3.304476022720337
25,0.9202108979225159,0.17669479548931122,9e-05,0.6732673048973083,2.880006790161133
26,0.9405975341796875,0.15977834165096283,9e-05,0.6633663177490234,2.5582032203674316
27,0.9384886026382446,0.14994677901268005,9e-05,0.6732673048973083,2.7435672283172607
28,0.9441124796867371,0.14104487001895905,9e-05,0.6237623691558838,5.146252155303955
29,0.9521968364715576,0.12494733929634094,9e-05,0.632013201713562,5.817223072052002
30,0.9514938592910767,0.12080992013216019,9e-05,0.6204620599746704,5.544877052307129
31,0.9430580139160156,0.13055972754955292,9e-05,0.6369637250900269,6.10080623626709
32,0.9476274251937866,0.1333213895559311,9e-05,0.6551154851913452,5.692553520202637
33,0.9623901844024658,0.10066014528274536,2.7e-05,0.6534653306007385,5.642694473266602
34,0.9637961387634277,0.09720665216445923,2.7e-05,0.6303630471229553,5.948980808258057
35,0.9623901844024658,0.09426654875278473,2.7e-05,0.632013201713562,6.663395404815674
36,0.9701230525970459,0.08844552934169769,2.7e-05,0.6336633563041687,6.49086332321167
37,0.9697715044021606,0.08900369703769684,2.7e-05,0.6386138796806335,6.774758338928223
38,0.9697715044021606,0.08646339923143387,2.7e-05,0.6287128925323486,6.739926815032959
39,0.9694200158119202,0.08361834287643433,2.7e-05,0.6270626783370972,7.227087020874023
40,0.9659050703048706,0.08630003035068512,2.7e-05,0.6171616911888123,6.667635917663574
41,0.9708260297775269,0.08497678488492966,2.7e-05,0.6204620599746704,7.277474403381348
42,0.9722319841384888,0.08136305958032608,2.7e-05,0.6221122145652771,7.425837516784668
43,0.9711775183677673,0.07828621566295624,8.1e-06,0.6171616911888123,7.662517070770264
44,0.9739894270896912,0.07839728891849518,8.1e-06,0.6171616911888123,7.653711318969727
45,0.9736379384994507,0.07834985107183456,8.1e-06,0.6155115365982056,7.829090118408203
46,0.9697715044021606,0.08004489541053772,8.1e-06,0.6171616911888123,7.967072486877441
47,0.9739894270896912,0.07517634332180023,8.1e-06,0.6171616911888123,7.887688636779785
48,0.9750439524650574,0.07160330563783646,8.1e-06,0.6155115365982056,7.942683219909668
49,0.9753954410552979,0.07773081213235855,8.1e-06,0.6105610728263855,7.866770267486572
