epoch,accuracy,loss,lr,val_accuracy,val_loss
0,0.6172232031822205,0.9047853946685791,0.001,0.6138613820075989,0.8686112761497498
1,0.6182776689529419,0.8295937776565552,0.001,0.6138613820075989,0.9348918199539185
2,0.6137082576751709,0.7645059823989868,0.001,0.6138613820075989,0.7457883954048157
3,0.6263620257377625,0.6468474268913269,0.001,0.5330032706260681,0.9036009311676025
4,0.6710017323493958,0.604609489440918,0.001,0.7211220860481262,0.8730238080024719
5,0.6836555600166321,0.5752130150794983,0.001,0.6221122145652771,0.8390471935272217
6,0.7363796234130859,0.5074038505554199,0.001,0.5594059228897095,1.2801114320755005
7,0.7307556867599487,0.5014264583587646,0.001,0.5792078971862793,1.3387551307678223
8,0.7462214231491089,0.47508504986763,0.001,0.6089109182357788,1.7254338264465332
9,0.75852370262146,0.44549280405044556,0.001,0.6452144980430603,1.3492218255996704
10,0.7564147710800171,0.4561437666416168,0.001,0.6254125237464905,1.4946635961532593
11,0.795430600643158,0.40325266122817993,0.001,0.6567656993865967,1.6163254976272583
12,0.7718805074691772,0.43215182423591614,0.001,0.6072607040405273,2.9273290634155273
13,0.8028119802474976,0.3613012731075287,0.0003,0.6353135108947754,4.862384796142578
14,0.8288224935531616,0.31327933073043823,0.0003,0.6749175190925598,4.441908836364746
15,0.8309314846992493,0.30253899097442627,0.0003,0.6155115365982056,4.725998878479004
16,0.8495606184005737,0.2847256064414978,0.0003,0.6584158539772034,5.169887065887451
17,0.8699472546577454,0.2728191018104553,0.0003,0.6204620599746704,5.017932415008545
18,0.8889279365539551,0.2554261088371277,0.0003,0.6072607040405273,7.815615653991699
19,0.9043936729431152,0.217866912484169,0.0003,0.6369637250900269,12.126368522644043
20,0.9114235639572144,0.2034105509519577,0.0003,0.5759075880050659,11.221708297729492
21,0.9008787274360657,0.23702920973300934,0.0003,0.6138613820075989,14.514741897583008
22,0.9258347749710083,0.1761152148246765,0.0003,0.5874587297439575,19.544485092163086
23,0.9437609910964966,0.14252664148807526,9e-05,0.5759075880050659,17.566543579101562
24,0.9557117819786072,0.1178867444396019,9e-05,0.5924092531204224,18.00526237487793
25,0.9564147591590881,0.11991073191165924,9e-05,0.594059407711029,20.677169799804688
26,0.9564147591590881,0.10962550342082977,9e-05,0.5775577425956726,21.927875518798828
27,0.9599297046661377,0.09879226237535477,9e-05,0.5775577425956726,21.67928695678711
28,0.9599297046661377,0.0968470349907875,9e-05,0.5742574334144592,21.47756004333496
29,0.9680140614509583,0.0918695256114006,9e-05,0.5577557682991028,20.96340560913086
30,0.9613356590270996,0.09794451296329498,9e-05,0.5561056137084961,23.493667602539062
31,0.9609841704368591,0.10631775110960007,9e-05,0.5709571242332458,22.964845657348633
32,0.9687170386314392,0.08247187733650208,9e-05,0.5759075880050659,23.69050407409668
33,0.9753954410552979,0.07155298441648483,2.7e-05,0.5577557682991028,24.1337833404541
34,0.9739894270896912,0.07404500246047974,2.7e-05,0.5577557682991028,24.191211700439453
35,0.9750439524650574,0.06814978271722794,2.7e-05,0.5462046265602112,24.955358505249023
36,0.9785588979721069,0.06336122006177902,2.7e-05,0.5610560774803162,24.783416748046875
37,0.9771528840065002,0.06718718260526657,2.7e-05,0.5561056137084961,24.877323150634766
38,0.9753954410552979,0.06493178755044937,2.7e-05,0.5792078971862793,24.797433853149414
39,0.9803163409233093,0.060579247772693634,2.7e-05,0.5577557682991028,25.416351318359375
40,0.9746924638748169,0.06880546361207962,2.7e-05,0.5693069100379944,25.44211769104004
41,0.9785588979721069,0.058752451092004776,2.7e-05,0.566006600856781,26.07033348083496
42,0.9768013954162598,0.06158100813627243,2.7e-05,0.5808581113815308,25.50843620300293
43,0.9810193181037903,0.059359870851039886,8.1e-06,0.5693069100379944,26.009716033935547
44,0.9810193181037903,0.0563788004219532,8.1e-06,0.5627062916755676,26.350608825683594
45,0.9834797978401184,0.05199681967496872,8.1e-06,0.5561056137084961,26.276105880737305
46,0.9820738434791565,0.05543289706110954,8.1e-06,0.5643564462661743,26.447254180908203
47,0.9803163409233093,0.056147582828998566,8.1e-06,0.5759075880050659,26.47477149963379
48,0.9796133637428284,0.05827717110514641,8.1e-06,0.5594059228897095,26.759521484375
49,0.9785588979721069,0.05738268420100212,8.1e-06,0.5709571242332458,26.475366592407227
