epoch,accuracy,loss,lr,val_accuracy,val_loss
0,0.6126537919044495,0.9172626733779907,0.001,0.6138613820075989,0.9957858324050903
1,0.6179261803627014,0.830908477306366,0.001,0.6138613820075989,0.8486024141311646
2,0.6112477779388428,0.8052419424057007,0.001,0.44884487986564636,0.8445388674736023
3,0.6140597462654114,0.776638388633728,0.001,0.6138613820075989,0.9874284863471985
4,0.6186291575431824,0.6555420160293579,0.001,0.5165016651153564,2.6061108112335205
5,0.6397188305854797,0.6425329446792603,0.001,0.6138613820075989,0.9956168532371521
6,0.6376098394393921,0.6073063611984253,0.001,0.6897689700126648,1.182616114616394
7,0.685061514377594,0.5658033490180969,0.001,0.5874587297439575,1.4781646728515625
8,0.685764491558075,0.553560733795166,0.001,0.6237623691558838,1.4390223026275635
9,0.7258347868919373,0.5195368528366089,0.001,0.6369637250900269,0.6960963606834412
10,0.6826010346412659,0.5519460439682007,0.001,0.6930692791938782,1.4844948053359985
11,0.671353280544281,0.5548768043518066,0.001,0.5066006779670715,1.1248762607574463
12,0.7469244003295898,0.4719778895378113,0.001,0.7095709443092346,1.308262586593628
13,0.7476274371147156,0.45706161856651306,0.001,0.5759075880050659,1.0911965370178223
14,0.7996485233306885,0.4042746126651764,0.001,0.6419141888618469,0.9219020009040833
15,0.7637961506843567,0.46580666303634644,0.001,0.6221122145652771,0.9823943972587585
16,0.7247803211212158,0.48116010427474976,0.001,0.6732673048973083,1.2521663904190063
17,0.7876977324485779,0.414482057094574,0.001,0.5759075880050659,1.241196632385254
18,0.8007029891014099,0.3866477906703949,0.001,0.5049505233764648,1.5077635049819946
19,0.8284710049629211,0.3560170829296112,0.001,0.6782178282737732,1.4713398218154907
20,0.8783831000328064,0.2865711748600006,0.0003,0.6600660085678101,1.9438444375991821
21,0.875922679901123,0.2614618241786957,0.0003,0.669966995716095,1.6217625141143799
22,0.8956063389778137,0.23872371017932892,0.0003,0.6782178282737732,1.2812234163284302
23,0.9001757502555847,0.2362447828054428,0.0003,0.6584158539772034,1.3415625095367432
24,0.8917399048805237,0.2544999420642853,0.0003,0.6468647122383118,2.3089818954467773
25,0.9089630842208862,0.22605456411838531,0.0003,0.6237623691558838,3.328274965286255
26,0.9145870208740234,0.21442405879497528,0.0003,0.6171616911888123,2.1123554706573486
27,0.9219683408737183,0.1829194277524948,0.0003,0.6501650214195251,2.245985507965088
28,0.927943766117096,0.17584607005119324,0.0003,0.6551154851913452,2.8672056198120117
29,0.9251317977905273,0.17014306783676147,0.0003,0.6386138796806335,3.5169734954833984
30,0.9472759366035461,0.13688401877880096,9e-05,0.6468647122383118,2.7658531665802
31,0.95395427942276,0.12068825960159302,9e-05,0.6501650214195251,2.700793981552124
32,0.9595782160758972,0.10682433098554611,9e-05,0.6683168411254883,2.128481149673462
33,0.9581722617149353,0.10697043687105179,9e-05,0.6666666865348816,2.5949480533599854
34,0.9588752388954163,0.10555449873209,9e-05,0.6815181374549866,2.6393485069274902
35,0.9627416729927063,0.09094612300395966,9e-05,0.6765676736831665,2.708631753921509
36,0.9652020931243896,0.08770027756690979,9e-05,0.6848185062408447,2.606701612472534
37,0.9708260297775269,0.07513035088777542,9e-05,0.6996699571609497,2.6568219661712646
38,0.9708260297775269,0.07983462512493134,9e-05,0.6485148668289185,2.834317922592163
39,0.9697715044021606,0.0797242745757103,9e-05,0.6848185062408447,2.4751856327056885
40,0.9778558611869812,0.05936559662222862,2.7e-05,0.6881188154220581,2.6657919883728027
41,0.9817222952842712,0.0572824589908123,2.7e-05,0.6732673048973083,2.4818525314331055
42,0.9806678295135498,0.056422870606184006,2.7e-05,0.6864686608314514,2.547989845275879
43,0.9831283092498779,0.05182988941669464,2.7e-05,0.6815181374549866,2.3940348625183105
44,0.9841827750205994,0.054850637912750244,2.7e-05,0.6881188154220581,2.6513984203338623
45,0.9817222952842712,0.05378713086247444,2.7e-05,0.6798679828643799,2.618950128555298
46,0.9834797978401184,0.05392049625515938,2.7e-05,0.6798679828643799,2.505505084991455
47,0.9845342636108398,0.0509997121989727,2.7e-05,0.6831682920455933,2.5138180255889893
48,0.9820738434791565,0.050942324101924896,2.7e-05,0.6798679828643799,2.5110626220703125
49,0.9834797978401184,0.04754536598920822,2.7e-05,0.6831682920455933,2.652352809906006
