epoch,accuracy,loss,lr,val_accuracy,val_loss
0,0.560984194278717,3.0088303089141846,0.001,0.6138613820075989,2.04948091506958
1,0.6632688641548157,0.846785843372345,0.001,0.6138613820075989,9.202054977416992
2,0.744815468788147,0.5209694504737854,0.001,0.6138613820075989,12.851232528686523
3,0.7465729117393494,0.5471645593643188,0.001,0.6138613820075989,728.6376953125
4,0.7697715163230896,0.49668702483177185,0.001,0.5891088843345642,3.515108823776245
5,0.8108963370323181,0.39324837923049927,0.001,0.7095709443092346,1.5990487337112427
6,0.8298769593238831,0.38219940662384033,0.001,0.5577557682991028,69.13416290283203
7,0.8541300296783447,0.33749306201934814,0.001,0.5346534848213196,3.149799346923828
8,0.8752197027206421,0.28294724225997925,0.001,0.5676567554473877,2.792628526687622
9,0.8734622001647949,0.2904759645462036,0.001,0.6765676736831665,7.282121658325195
10,0.8970122933387756,0.26108109951019287,0.001,0.41749176383018494,7.875275611877441
11,0.9093145728111267,0.2261061817407608,0.001,0.48184818029403687,10.9854097366333
12,0.9012302160263062,0.26919156312942505,0.001,0.5495049357414246,40.77334976196289
13,0.9381370544433594,0.16135276854038239,0.001,0.3250825107097626,8.733758926391602
14,0.945518434047699,0.1698136031627655,0.001,0.6023102402687073,69.31884002685547
15,0.9339191317558289,0.17708852887153625,0.001,0.46204620599746704,3.8703489303588867
16,0.9701230525970459,0.1131027489900589,0.0003,0.48514851927757263,4.719229221343994
17,0.986291766166687,0.04524783790111542,0.0003,0.5132012963294983,5.923923969268799
18,0.9933215975761414,0.028002409264445305,0.0003,0.4537953734397888,6.840068340301514
19,0.9848857522010803,0.04992283135652542,0.0003,0.5033003091812134,4.820230484008789
20,0.9564147591590881,0.8826813101768494,0.0003,0.5099009871482849,905.5538330078125
21,0.9687170386314392,0.09005753695964813,0.0003,0.4752475321292877,5.279022693634033
22,0.9564147591590881,0.1358826458454132,0.0003,0.5214521288871765,79.96024322509766
23,0.9796133637428284,0.05925579369068146,0.0003,0.5099009871482849,37.03361129760742
24,0.9841827750205994,0.06522566080093384,0.0003,0.5313531160354614,5.953278064727783
25,0.9848857522010803,0.04816730320453644,0.0003,0.5297029614448547,3.721835136413574
26,0.9957820773124695,0.01527550257742405,9e-05,0.5165016651153564,5.468810081481934
27,0.995430588722229,0.011357753537595272,9e-05,0.5742574334144592,36.25849151611328
28,0.9975395202636719,0.008422506041824818,9e-05,0.5478547811508179,100.02349853515625
29,0.9964850544929504,0.008321698755025864,9e-05,0.5693069100379944,115.54664611816406
30,0.9975395202636719,0.010415869764983654,9e-05,0.5693069100379944,112.83191680908203
31,0.9982425570487976,0.008012964390218258,9e-05,0.5775577425956726,129.98524475097656
32,0.9996485114097595,0.0031622659880667925,9e-05,0.5693069100379944,88.26023864746094
33,0.9978910088539124,0.009015104733407497,9e-05,0.5610560774803162,92.9200668334961
34,0.9985940456390381,0.0056127626448869705,9e-05,0.5561056137084961,114.80516815185547
35,0.9985940456390381,0.004541089758276939,9e-05,0.5594059228897095,126.3357162475586
36,0.9989455342292786,0.003827810287475586,2.7e-05,0.566006600856781,128.42013549804688
37,0.9971880316734314,0.010112540796399117,2.7e-05,0.5478547811508179,152.23753356933594
38,0.9982425570487976,0.004936221521347761,2.7e-05,0.5528053045272827,120.67251586914062
39,0.9989455342292786,0.004028941038995981,2.7e-05,0.5693069100379944,119.946044921875
40,0.999297022819519,0.003550953231751919,2.7e-05,0.5726072788238525,122.80896759033203
41,0.9996485114097595,0.0014310082187876105,2.7e-05,0.5627062916755676,121.23560333251953
42,1.0,0.0016064555384218693,2.7e-05,0.5676567554473877,125.34246063232422
43,1.0,0.001392823294736445,2.7e-05,0.5693069100379944,137.7384490966797
44,0.9989455342292786,0.0027735040057450533,2.7e-05,0.5676567554473877,137.9003448486328
45,0.9989455342292786,0.0031616247724741697,2.7e-05,0.5759075880050659,140.02777099609375
46,0.9996485114097595,0.0016730539500713348,8.1e-06,0.5759075880050659,137.76397705078125
47,0.999297022819519,0.0028960343915969133,8.1e-06,0.5759075880050659,131.83204650878906
48,0.999297022819519,0.003950970713049173,8.1e-06,0.566006600856781,135.82855224609375
49,0.9982425570487976,0.004382097162306309,8.1e-06,0.5610560774803162,142.8312530517578
