epoch,accuracy,loss,lr,val_accuracy,val_loss
0,0.6003515124320984,1.9281021356582642,0.001,0.6138613820075989,1.1375569105148315
1,0.7135325074195862,0.5767253637313843,0.001,0.6138613820075989,29.07699966430664
2,0.7282952666282654,0.6970929503440857,0.001,0.6138613820075989,94.97430419921875
3,0.7444639801979065,0.6264630556106567,0.001,0.6138613820075989,15.176358222961426
4,0.8056238889694214,0.44169607758522034,0.001,0.6188119053840637,2.9596078395843506
5,0.8028119802474976,0.5648391246795654,0.001,0.6287128925323486,1.2681241035461426
6,0.8309314846992493,0.4183464050292969,0.001,0.5825082659721375,1.0932724475860596
7,0.8664323091506958,0.3198106288909912,0.001,0.5825082659721375,3.6499173641204834
8,0.7697715163230896,0.9830071330070496,0.001,0.6138613820075989,45277668.0
9,0.6333919167518616,1.3150454759597778,0.001,0.6138613820075989,156497.59375
10,0.6815465688705444,0.6990851163864136,0.001,0.5214521288871765,1.8221861124038696
11,0.7521968483924866,0.5711160898208618,0.001,0.6072607040405273,2.5924997329711914
12,0.727240800857544,0.6682828664779663,0.001,0.4669966995716095,5.824711799621582
13,0.7620386481285095,0.5431979298591614,0.001,0.5841584205627441,5.035372257232666
14,0.8239015936851501,0.4644378125667572,0.001,0.6138613820075989,2.0762155055999756
15,0.8516696095466614,0.36754676699638367,0.001,0.6336633563041687,4.039077281951904
16,0.8702987432479858,0.3335603177547455,0.001,0.5643564462661743,4.263447284698486
17,0.8970122933387756,0.2508229911327362,0.0003,0.594059407711029,4.213888168334961
18,0.923374354839325,0.1902388334274292,0.0003,0.5841584205627441,3.998400926589966
19,0.9135324954986572,0.2303037792444229,0.0003,0.6089109182357788,2.220036029815674
20,0.9170474410057068,0.20914307236671448,0.0003,0.6006600856781006,2.909025192260742
21,0.9261862635612488,0.18777096271514893,0.0003,0.6584158539772034,4.145022392272949
22,0.944815456867218,0.15418794751167297,0.0003,0.6155115365982056,2.9227917194366455
23,0.9430580139160156,0.1467030644416809,0.0003,0.6666666865348816,2.4307191371917725
24,0.944815456867218,0.14666341245174408,0.0003,0.6419141888618469,3.6281561851501465
25,0.9511423707008362,0.14023391902446747,0.0003,0.5495049357414246,3.742567777633667
26,0.9676625728607178,0.0901053324341774,0.0003,0.5627062916755676,4.964640140533447
27,0.9799648523330688,0.07542329281568527,9e-05,0.6171616911888123,5.0000786781311035
28,0.9810193181037903,0.06134694069623947,9e-05,0.6122112274169922,3.215207815170288
29,0.9841827750205994,0.048856839537620544,9e-05,0.6287128925323486,4.676295280456543
30,0.9887521862983704,0.04081172123551369,9e-05,0.6336633563041687,4.25849723815918
31,0.9873462319374084,0.0457962341606617,9e-05,0.5775577425956726,4.5543212890625
32,0.9831283092498779,0.0509132482111454,9e-05,0.6138613820075989,5.296290874481201
33,0.986291766166687,0.04288119077682495,9e-05,0.5957095623016357,5.216251850128174
34,0.9873462319374084,0.03747546672821045,9e-05,0.5610560774803162,4.661328315734863
35,0.9884006977081299,0.0366213358938694,9e-05,0.6072607040405273,4.490944862365723
36,0.9922671318054199,0.029928363859653473,9e-05,0.6435643434524536,5.372840404510498
37,0.9933215975761414,0.02131073549389839,2.7e-05,0.6353135108947754,5.363861083984375
38,0.991564154624939,0.026414232328534126,2.7e-05,0.6386138796806335,4.942656993865967
39,0.9891036748886108,0.03835294768214226,2.7e-05,0.6006600856781006,5.168006896972656
40,0.9876977205276489,0.2718625068664551,2.7e-05,0.5990098714828491,4.653847694396973
41,0.995430588722229,0.019423631951212883,2.7e-05,0.5924092531204224,4.627443790435791
42,0.9964850544929504,0.014040937647223473,2.7e-05,0.6105610728263855,4.842872142791748
43,0.995430588722229,0.01953568309545517,2.7e-05,0.6056105494499207,4.980537414550781
44,0.9964850544929504,0.01922762021422386,2.7e-05,0.6105610728263855,5.236422061920166
45,0.9873462319374084,0.03733696788549423,2.7e-05,0.5445544719696045,4.173733234405518
46,0.995430588722229,0.01941237598657608,2.7e-05,0.6188119053840637,4.739359378814697
47,0.9975395202636719,0.012332214042544365,8.1e-06,0.5973597168922424,4.815782070159912
48,0.994727611541748,0.019358733668923378,8.1e-06,0.594059407711029,4.341440200805664
49,0.9933215975761414,0.0213286392390728,8.1e-06,0.5973597168922424,4.194709300994873
50,0.994727611541748,0.018943684175610542,8.1e-06,0.6204620599746704,4.224336624145508
51,0.9933215975761414,0.020465504378080368,8.1e-06,0.6155115365982056,4.3034443855285645
52,0.9943761229515076,0.017833435907959938,8.1e-06,0.6056105494499207,4.478967666625977
53,0.9968365430831909,0.013973028399050236,8.1e-06,0.6105610728263855,4.714477062225342
54,0.9950791001319885,0.015747062861919403,8.1e-06,0.6171616911888123,4.796264171600342
55,0.994727611541748,0.022793032228946686,8.1e-06,0.5874587297439575,5.0163750648498535
56,0.995430588722229,0.02228059060871601,8.1e-06,0.6006600856781006,4.883379936218262
57,0.9964850544929504,0.014546818099915981,2.43e-06,0.5924092531204224,4.8552727699279785
58,0.99613356590271,0.012197736650705338,2.43e-06,0.6072607040405273,4.890538692474365
59,0.9982425570487976,0.01374712586402893,2.43e-06,0.6105610728263855,4.998892307281494
60,0.9926186203956604,0.021354906260967255,2.43e-06,0.6237623691558838,4.895903587341309
61,0.9978910088539124,0.009106207638978958,2.43e-06,0.6188119053840637,4.935072422027588
62,0.995430588722229,0.015808556228876114,2.43e-06,0.6171616911888123,4.935134410858154
63,0.9978910088539124,0.010714572854340076,2.43e-06,0.6155115365982056,4.967844486236572
64,0.99613356590271,0.01541994884610176,2.43e-06,0.6056105494499207,4.890752792358398
65,0.9957820773124695,0.014330031350255013,2.43e-06,0.6237623691558838,4.890816688537598
66,0.9964850544929504,0.014102905057370663,2.43e-06,0.6336633563041687,4.933722972869873
67,0.9975395202636719,0.009477044455707073,1e-06,0.6386138796806335,4.975639820098877
68,0.9975395202636719,0.010484186932444572,1e-06,0.632013201713562,4.986660957336426
69,0.9968365430831909,0.013964654877781868,1e-06,0.6336633563041687,5.039532661437988
70,0.9978910088539124,0.009582092985510826,1e-06,0.6353135108947754,5.025038719177246
71,0.995430588722229,0.0138699347153306,1e-06,0.6303630471229553,5.0522685050964355
72,0.9982425570487976,0.009586723521351814,1e-06,0.6303630471229553,5.030519962310791
73,0.9950791001319885,0.02122076041996479,1e-06,0.6221122145652771,5.0015034675598145
74,0.9975395202636719,0.010897013358771801,1e-06,0.6221122145652771,4.979937553405762
75,0.995430588722229,0.014488063752651215,1e-06,0.6254125237464905,4.999500751495361
76,0.9978910088539124,0.009711980819702148,1e-06,0.6237623691558838,4.992581844329834
77,0.9978910088539124,0.010983433574438095,1e-06,0.6254125237464905,5.040658473968506
78,0.9971880316734314,0.013410545885562897,1e-06,0.6188119053840637,5.0284504890441895
79,0.9950791001319885,0.017741292715072632,1e-06,0.6270626783370972,4.931387424468994
80,0.99613356590271,0.014474613592028618,1e-06,0.6254125237464905,4.946049690246582
81,0.99613356590271,0.013442249968647957,1e-06,0.632013201713562,4.954472541809082
82,0.9968365430831909,0.011508732102811337,1e-06,0.6221122145652771,5.02868127822876
83,0.99613356590271,0.016987567767500877,1e-06,0.6287128925323486,5.007720947265625
84,0.995430588722229,0.016764763742685318,1e-06,0.6237623691558838,5.030497074127197
85,0.9985940456390381,0.012119641527533531,1e-06,0.6188119053840637,4.957056045532227
