epoch,accuracy,loss,lr,val_accuracy,val_loss
0,0.5855887532234192,2.792717933654785,0.001,0.6138613820075989,1599.56103515625
1,0.6871704459190369,0.6631149053573608,0.001,0.6138613820075989,9.730319023132324
2,0.7567662596702576,0.5080269575119019,0.001,0.6138613820075989,17.208200454711914
3,0.8119508028030396,0.388230562210083,0.001,0.6138613820075989,12.262919425964355
4,0.8105447888374329,0.4360722601413727,0.001,0.7458745837211609,2.5911848545074463
5,0.7947275638580322,0.6160054802894592,0.001,0.6105610728263855,118.03076171875
6,0.8481546640396118,0.3442126512527466,0.001,0.5478547811508179,3.2082178592681885
7,0.8875219821929932,0.28684842586517334,0.001,0.5297029614448547,4.2703118324279785
8,0.8899824023246765,0.27908560633659363,0.001,0.5891088843345642,6.718353748321533
9,0.9177504181861877,0.20812535285949707,0.001,0.4900990128517151,6.493535041809082
10,0.9170474410057068,0.22322089970111847,0.001,0.6369637250900269,6.303246021270752
11,0.936379611492157,0.18980705738067627,0.001,0.5759075880050659,5.816640377044678
12,0.9616871476173401,0.13938754796981812,0.001,0.3976897597312927,5.736868858337402
13,0.8224955797195435,0.6129195690155029,0.001,0.6138613820075989,29603914.0
14,0.8028119802474976,0.5000087022781372,0.001,0.6138613820075989,25286.970703125
15,0.8854129910469055,0.28344157338142395,0.0003,0.6089109182357788,158.9182891845703
16,0.9103690981864929,0.2360547035932541,0.0003,0.4983498454093933,1.4242838621139526
17,0.9240773320198059,0.18345309793949127,0.0003,0.48184818029403687,1.639809489250183
18,0.9437609910964966,0.1600784957408905,0.0003,0.4884488582611084,1.9750430583953857
19,0.9620386362075806,0.10893241316080093,0.0003,0.5099009871482849,2.4601213932037354
20,0.9641476273536682,0.10228873044252396,0.0003,0.5181518197059631,3.09975004196167
21,0.9704745411872864,0.08188077807426453,0.0003,0.46369636058807373,4.169203758239746
22,0.9845342636108398,0.04815903306007385,0.0003,0.4768976867198944,4.90047550201416
23,0.9683655500411987,0.1021241620182991,0.0003,0.45214521884918213,6.6312642097473145
24,0.9736379384994507,0.07917001098394394,0.0003,0.4471947252750397,6.36348295211792
25,0.9750439524650574,0.07188639044761658,0.0003,0.4785478413105011,6.0498762130737305
26,0.9732864499092102,0.09023764729499817,0.0003,0.49339935183525085,4.51704740524292
27,0.9891036748886108,0.036574121564626694,9e-05,0.4884488582611084,5.229150772094727
28,0.9929701089859009,0.027406292036175728,9e-05,0.48514851927757263,4.3872809410095215
29,0.994727611541748,0.023250611498951912,9e-05,0.5247524976730347,5.212873935699463
30,0.994727611541748,0.01649768464267254,9e-05,0.47359734773635864,5.452365398406982
31,0.994727611541748,0.01694432646036148,9e-05,0.5132012963294983,5.302737236022949
32,0.9929701089859009,0.019724108278751373,9e-05,0.5115511417388916,5.434506893157959
33,0.9950791001319885,0.014837320894002914,9e-05,0.49504950642585754,5.450887203216553
34,0.99613356590271,0.013705942779779434,9e-05,0.49669966101646423,5.594935417175293
35,0.9943761229515076,0.02020956389605999,9e-05,0.5181518197059631,6.722987174987793
36,0.99613356590271,0.014162957668304443,9e-05,0.528052806854248,6.389771938323975
37,0.9936730861663818,0.020027337595820427,2.7e-05,0.528052806854248,6.573040008544922
38,0.99613356590271,0.015034448355436325,2.7e-05,0.5412541031837463,6.149659156799316
39,0.9964850544929504,0.07625585794448853,2.7e-05,0.5082508325576782,4.851153373718262
40,0.994727611541748,0.016039708629250526,2.7e-05,0.49504950642585754,5.624157905578613
41,0.9957820773124695,0.015676552429795265,2.7e-05,0.5016501545906067,6.450835227966309
42,0.9968365430831909,0.009683098644018173,2.7e-05,0.49504950642585754,5.2171950340271
43,0.9982425570487976,0.009448694996535778,2.7e-05,0.49669966101646423,4.913880825042725
44,0.9968365430831909,0.008594240061938763,2.7e-05,0.5066006779670715,5.695363521575928
45,0.9989455342292786,0.004579366184771061,2.7e-05,0.5181518197059631,5.728523254394531
46,0.9978910088539124,0.006419505458325148,2.7e-05,0.5165016651153564,5.805328845977783
47,0.9985940456390381,0.005226131994277239,8.1e-06,0.5264026522636414,5.910378932952881
48,0.9978910088539124,0.005992541555315256,8.1e-06,0.5297029614448547,5.69931173324585
49,0.9950791001319885,0.01901160553097725,8.1e-06,0.5330032706260681,5.416683673858643
50,0.9964850544929504,0.02852487377822399,8.1e-06,0.5165016651153564,5.174837112426758
51,0.9996485114097595,0.0039981938898563385,8.1e-06,0.5313531160354614,5.394355297088623
52,0.9975395202636719,0.006984089966863394,8.1e-06,0.5396039485931396,5.485878944396973
53,0.9989455342292786,0.0055272551253438,8.1e-06,0.5412541031837463,5.548234462738037
54,0.9985940456390381,0.0054289898835122585,8.1e-06,0.5363036394119263,5.5352301597595215
55,0.9978910088539124,0.016599806025624275,8.1e-06,0.49339935183525085,5.231520175933838
56,0.9982425570487976,0.007792644668370485,8.1e-06,0.5132012963294983,5.399601936340332
57,0.9985940456390381,0.0046167559921741486,2.43e-06,0.5297029614448547,5.55652379989624
58,0.9978910088539124,0.012313286773860455,2.43e-06,0.5346534848213196,5.796533584594727
59,0.999297022819519,0.0041091907769441605,2.43e-06,0.5346534848213196,5.846118450164795
60,0.9982425570487976,0.006976051721721888,2.43e-06,0.5346534848213196,6.0201005935668945
61,0.9968365430831909,0.010424435138702393,2.43e-06,0.5346534848213196,5.880411624908447
62,0.9989455342292786,0.0048019615933299065,2.43e-06,0.5346534848213196,5.949090957641602
63,0.9989455342292786,0.0036746435798704624,2.43e-06,0.5363036394119263,5.958792686462402
64,0.9978910088539124,0.018412498757243156,2.43e-06,0.5396039485931396,5.8708977699279785
65,0.999297022819519,0.0038853867445141077,2.43e-06,0.5396039485931396,6.021484375
66,0.9985940456390381,0.0058990116231143475,2.43e-06,0.537953794002533,5.935047626495361
67,0.9978910088539124,0.018607668578624725,1e-06,0.5363036394119263,5.955289840698242
68,0.999297022819519,0.004339884035289288,1e-06,0.537953794002533,5.998603820800781
69,0.9978910088539124,0.43842872977256775,1e-06,0.537953794002533,5.873425006866455
70,0.9989455342292786,0.005701650399714708,1e-06,0.5396039485931396,5.821094989776611
71,0.999297022819519,0.0034636191558092833,1e-06,0.5396039485931396,5.862292766571045
72,0.9978910088539124,0.006695234682410955,1e-06,0.5396039485931396,5.804684638977051
73,0.9978910088539124,0.005264278035610914,1e-06,0.5396039485931396,5.882243633270264
74,0.9989455342292786,0.013269123621284962,1e-06,0.5396039485931396,5.915572643280029
75,0.999297022819519,0.0034433023538440466,1e-06,0.537953794002533,5.874852657318115
76,0.9978910088539124,0.012860267423093319,1e-06,0.5396039485931396,5.888792514801025
77,0.999297022819519,0.004000806249678135,1e-06,0.537953794002533,5.935729503631592
78,0.9985940456390381,0.005084890406578779,1e-06,0.5396039485931396,5.9415740966796875
79,0.9985940456390381,0.0034005676861852407,1e-06,0.5363036394119263,5.91301155090332
80,0.9985940456390381,0.0045132022351026535,1e-06,0.5363036394119263,5.9503865242004395
81,0.9989455342292786,0.004835829138755798,1e-06,0.537953794002533,5.9639997482299805
82,0.999297022819519,0.00396876921877265,1e-06,0.5396039485931396,5.90526008605957
83,0.999297022819519,0.003964003175497055,1e-06,0.5363036394119263,5.960994243621826
84,0.999297022819519,0.008098244667053223,1e-06,0.537953794002533,6.03297758102417
85,0.9996485114097595,0.003305539721623063,1e-06,0.5363036394119263,6.0489726066589355
86,0.9978910088539124,0.008746681734919548,1e-06,0.537953794002533,5.96880578994751
87,0.9985940456390381,0.005250866524875164,1e-06,0.537953794002533,6.017773628234863
88,0.9978910088539124,0.006166862323880196,1e-06,0.5363036394119263,6.065016746520996
89,0.9982425570487976,0.08774708211421967,1e-06,0.5264026522636414,6.073220729827881
90,0.9985940456390381,0.01052738819271326,1e-06,0.5346534848213196,6.13198709487915
91,0.9975395202636719,0.008554201573133469,1e-06,0.5346534848213196,6.1638503074646
92,0.9982425570487976,0.004372596275061369,1e-06,0.5297029614448547,6.068558216094971
93,0.9989455342292786,0.00491735152900219,1e-06,0.5313531160354614,6.004389762878418
94,0.9975395202636719,0.007803041487932205,1e-06,0.5313531160354614,5.948798179626465
95,0.999297022819519,0.003871617605909705,1e-06,0.537953794002533,5.885985851287842
96,0.9985940456390381,0.005060696974396706,1e-06,0.537953794002533,5.86393928527832
97,0.999297022819519,0.004907176364213228,1e-06,0.5396039485931396,5.861060619354248
98,0.999297022819519,0.0027340182568877935,1e-06,0.5346534848213196,5.855001926422119
99,0.9989455342292786,0.005280382465571165,1e-06,0.5297029614448547,5.9745774269104
100,0.9989455342292786,0.0047844755463302135,1e-06,0.5346534848213196,5.9607625007629395
101,0.9989455342292786,0.00393852312117815,1e-06,0.5363036394119263,5.988537311553955
102,0.9971880316734314,0.006442980840802193,1e-06,0.537953794002533,6.021346569061279
103,0.9989455342292786,0.004380450583994389,1e-06,0.5363036394119263,6.041396141052246
104,0.9968365430831909,0.013479777611792088,1e-06,0.5363036394119263,6.050307273864746
105,0.9975395202636719,0.006841341033577919,1e-06,0.5363036394119263,6.032347202301025
106,0.9989455342292786,0.007767821662127972,1e-06,0.537953794002533,6.026412487030029
107,0.999297022819519,0.0032255337573587894,1e-06,0.537953794002533,6.12133264541626
108,0.9982425570487976,0.004877150058746338,1e-06,0.537953794002533,6.129242897033691
109,0.9985940456390381,0.2747899889945984,1e-06,0.537953794002533,6.130316734313965
110,0.9989455342292786,0.004820731934159994,1e-06,0.537953794002533,6.158648490905762
111,0.999297022819519,0.004188166931271553,1e-06,0.537953794002533,6.1233344078063965
112,0.9978910088539124,0.014941885136067867,1e-06,0.5363036394119263,6.108528137207031
113,0.9971880316734314,0.008340371772646904,1e-06,0.5363036394119263,6.228962421417236
114,0.9975395202636719,0.0056358398869633675,1e-06,0.5346534848213196,6.2718095779418945
115,0.9989455342292786,0.0038418809417635202,1e-06,0.5346534848213196,6.275343418121338
116,0.9975395202636719,0.017066489905118942,1e-06,0.5363036394119263,6.180148601531982
