epoch,accuracy,loss,val_accuracy,val_loss
0,0.6241044998168945,0.8339636921882629,0.43897995352745056,2.2515783309936523
1,0.7102823257446289,0.6729801893234253,0.40072858333587646,1.3893498182296753
2,0.75579434633255,0.5804464817047119,0.7805100083351135,0.8271984457969666
3,0.7682258486747742,0.5409589409828186,0.755009114742279,0.6896518468856812
4,0.7909818887710571,0.49643805623054504,0.8324226140975952,0.5868531465530396
5,0.8080489039421082,0.47167345881462097,0.7850637435913086,0.7569531798362732
6,0.8225874304771423,0.44003579020500183,0.7695810794830322,0.7136253118515015
7,0.8187947869300842,0.4223943054676056,0.8041894435882568,0.6485418081283569
8,0.8482933044433594,0.38462409377098083,0.8032786846160889,0.5704209804534912
9,0.8611462116241455,0.3587152659893036,0.8032786846160889,0.7167462110519409
10,0.8558786511421204,0.3515909016132355,0.7741348147392273,0.620076060295105
11,0.8683101534843445,0.3312709927558899,0.8051002025604248,0.6454343199729919
12,0.8807416558265686,0.3153854310512543,0.7149362564086914,0.9732587337493896
13,0.8857985734939575,0.29878470301628113,0.7632058262825012,0.5981144905090332
14,0.8952802419662476,0.2815515100955963,0.6903460621833801,0.8011495471000671
15,0.8935946226119995,0.2736053466796875,0.7531875967979431,0.6669990420341492
16,0.9009692668914795,0.24659287929534912,0.7859745025634766,0.578353762626648
17,0.9064475297927856,0.2407560646533966,0.7122039794921875,1.1127026081085205
18,0.9148756861686707,0.2260267436504364,0.6712204217910767,0.7785657644271851
19,0.9214075207710266,0.20378150045871735,0.8087431788444519,0.6835773587226868
20,0.9230931401252747,0.19942261278629303,0.7167577147483826,0.9473083019256592
21,0.9317319989204407,0.17461928725242615,0.7923497557640076,0.6454975008964539
22,0.9254108667373657,0.19497531652450562,0.7067395448684692,0.9325000643730164
23,0.9365781545639038,0.17433035373687744,0.7850637435913086,0.7106025815010071
24,0.9403708577156067,0.1644470989704132,0.6566484570503235,1.3287584781646729
25,0.9445849061012268,0.1500157117843628,0.749544620513916,0.9307944774627686
26,0.9435313940048218,0.15440687537193298,0.8005464673042297,0.5573647618293762
27,0.9475347399711609,0.14589841663837433,0.7568305730819702,0.6807694435119629
28,0.9525916576385498,0.13223084807395935,0.6020036339759827,1.1156511306762695
29,0.9511167407035828,0.13367651402950287,0.7850637435913086,0.6400588750839233
