epoch,accuracy,loss,val_accuracy,val_loss
0,0.6152549386024475,0.8088533878326416,0.4480874240398407,2.48998761177063
1,0.7045933604240417,0.6672229766845703,0.3779599368572235,1.4464277029037476
2,0.737673819065094,0.5979756712913513,0.7832422852516174,0.6398892402648926
3,0.7840286493301392,0.5235946774482727,0.7877960205078125,0.8533847332000732
4,0.7928782105445862,0.4932135045528412,0.7704917788505554,0.8071839809417725
5,0.8006742596626282,0.46902525424957275,0.7759562730789185,0.6796347498893738
6,0.8190054893493652,0.44352418184280396,0.8023679256439209,0.7056405544281006
7,0.8295406699180603,0.4114675521850586,0.7595628499984741,0.7828556299209595
8,0.8404972553253174,0.39025336503982544,0.7477231621742249,0.6638830900192261
9,0.8436577916145325,0.3864985406398773,0.8005464673042297,0.6615735292434692
10,0.8607248067855835,0.34476205706596375,0.7832422852516174,0.6732231974601746
11,0.8695743680000305,0.33415594696998596,0.6794171333312988,0.8492429852485657
12,0.8809523582458496,0.31047260761260986,0.7395263910293579,0.8476582765579224
13,0.8904340267181396,0.2840900719165802,0.7522768378257751,0.7518868446350098
14,0.8895912170410156,0.28296592831611633,0.7704917788505554,0.7180395722389221
15,0.8967551589012146,0.2673224210739136,0.8078324198722839,0.5827908515930176
16,0.9098187685012817,0.24410901963710785,0.7996357083320618,0.5959066152572632
17,0.9028655886650085,0.2518937289714813,0.8151183724403381,0.6534537672996521
18,0.9096080660820007,0.23080937564373016,0.7231329679489136,0.8869642615318298
19,0.9150863885879517,0.21844343841075897,0.7122039794921875,0.8696713447570801
20,0.9207754135131836,0.2064494639635086,0.7340619564056396,0.5679808259010315
21,0.9224610328674316,0.19863079488277435,0.7249544858932495,1.0890748500823975
22,0.9294142723083496,0.19284719228744507,0.7194899916648865,0.881799042224884
23,0.9348925352096558,0.17134307324886322,0.7805100083351135,0.5326962471008301
24,0.9416350722312927,0.1632252335548401,0.6921675801277161,0.7969629168510437
25,0.9407922625541687,0.15812842547893524,0.6958105564117432,1.1733988523483276
26,0.9399494528770447,0.15963292121887207,0.6994535326957703,1.0401990413665771
27,0.9407922625541687,0.15294654667377472,0.7686703205108643,0.9557199478149414
28,0.9443742036819458,0.14738735556602478,0.7058287858963013,0.9689629077911377
29,0.9500632286071777,0.14059603214263916,0.7103825211524963,1.1524465084075928
