epoch,accuracy,loss,val_accuracy,val_loss
0,0.5943952798843384,0.8650884628295898,0.438069224357605,2.442932605743408
1,0.6976401209831238,0.6802246570587158,0.4298724830150604,1.5771737098693848
2,0.7515802979469299,0.5877947211265564,0.7194899916648865,0.7638891935348511
3,0.762958288192749,0.5483375191688538,0.7704917788505554,0.8048743009567261
4,0.7844500541687012,0.5074144005775452,0.8224043846130371,0.6103631854057312
5,0.7998314499855042,0.473659873008728,0.7622950673103333,0.7252082228660583
6,0.8227981328964233,0.4321172833442688,0.8142076730728149,0.7253525853157043
7,0.8377581238746643,0.39497727155685425,0.7112932801246643,0.6799257397651672
8,0.8485040068626404,0.3788193464279175,0.806010901927948,0.5986974835395813
9,0.8487147092819214,0.37485751509666443,0.8169398903846741,0.8186915516853333
10,0.8697850704193115,0.3391507863998413,0.7987249493598938,0.6591594815254211
11,0.8832701444625854,0.3077608644962311,0.8041894435882568,0.7262586951255798
12,0.8857985734939575,0.28849339485168457,0.7950819730758667,0.7216528058052063
13,0.8940160274505615,0.2794068455696106,0.7996357083320618,0.6284784078598022
14,0.9011799693107605,0.2678484618663788,0.7049180269241333,1.1876007318496704
15,0.9068689346313477,0.25134405493736267,0.8287795782089233,0.6080559492111206
16,0.9152970910072327,0.23593364655971527,0.7832422852516174,0.6843490600585938
17,0.9152970910072327,0.22199119627475739,0.7313296794891357,0.8592370748519897
18,0.9195111393928528,0.21216142177581787,0.7112932801246643,0.6935930252075195
19,0.9233038425445557,0.1987696886062622,0.6721311211585999,0.9158300161361694
20,0.9315212965011597,0.18947215378284454,0.7358834147453308,0.8150280714035034
21,0.9351032376289368,0.1766539067029953,0.7823315262794495,0.60291987657547
22,0.9386852383613586,0.16547438502311707,0.6757741570472717,1.008787751197815
23,0.9395280480384827,0.16298148036003113,0.744080126285553,0.6407020688056946
24,0.9435313940048218,0.15671977400779724,0.6967213153839111,0.8883278965950012
25,0.9382637739181519,0.1639697104692459,0.8251366019248962,0.6225912570953369
26,0.9456384181976318,0.14589694142341614,0.7695810794830322,0.7055374979972839
27,0.9483776092529297,0.1397922784090042,0.6429872512817383,1.1995855569839478
28,0.9490097165107727,0.13173645734786987,0.7969034314155579,0.7946478128433228
29,0.9565950036048889,0.13138695061206818,0.6703096628189087,1.1961121559143066
