epoch,accuracy,loss,val_accuracy,val_loss
0,0.6076695919036865,0.8410148024559021,0.438069224357605,3.063446283340454
1,0.7054361701011658,0.6740990877151489,0.4590163826942444,1.3700426816940308
2,0.735988199710846,0.6194241642951965,0.7814207673072815,0.7770177721977234
3,0.761483371257782,0.5503357648849487,0.749544620513916,0.6422755718231201
4,0.7724399566650391,0.5243273973464966,0.6848816275596619,0.7894200682640076
5,0.7975137233734131,0.4885900616645813,0.8041894435882568,0.6260516047477722
6,0.8091024160385132,0.4573249816894531,0.7632058262825012,0.641865611076355
7,0.8320690989494324,0.424658864736557,0.7686703205108643,0.7434349060058594
8,0.8364939093589783,0.40549489855766296,0.7969034314155579,0.7749758362770081
9,0.8415507674217224,0.38072139024734497,0.8296903371810913,0.646000325679779
10,0.8550358414649963,0.35920825600624084,0.817850649356842,0.6522591710090637
11,0.8636747002601624,0.33812040090560913,0.7741348147392273,0.673589289188385
12,0.8702064752578735,0.319612592458725,0.8196721076965332,0.6549967527389526
13,0.8832701444625854,0.3036144971847534,0.806921660900116,0.6235514283180237
14,0.8923304080963135,0.28505006432533264,0.8142076730728149,0.6667124032974243
15,0.9024441838264465,0.24935705959796906,0.6976320743560791,0.8922552466392517
16,0.9053940176963806,0.24963796138763428,0.6894353628158569,1.0418962240219116
17,0.9043405055999756,0.24761775135993958,0.68123859167099,1.6982076168060303
18,0.9134007692337036,0.22408539056777954,0.7285974621772766,0.5961409211158752
19,0.9176148176193237,0.22212575376033783,0.7932604551315308,0.614188551902771
20,0.9230931401252747,0.1942494958639145,0.8005464673042297,0.7808806300163269
21,0.9224610328674316,0.20023198425769806,0.750455379486084,0.75237637758255
22,0.9313105940818787,0.18188491463661194,0.7358834147453308,0.8807379603385925
23,0.9304677844047546,0.17764419317245483,0.6074681282043457,1.0218111276626587
24,0.9418457746505737,0.16045710444450378,0.6630236506462097,0.962173342704773
25,0.9361567497253418,0.1658707708120346,0.7422586679458618,0.7961686253547668
26,0.9357353448867798,0.163069948554039,0.7586520910263062,0.5799940824508667
27,0.9420564770698547,0.15792131423950195,0.6511839628219604,1.5176388025283813
28,0.9523809552192688,0.1359502226114273,0.8051002025604248,0.5382317304611206
29,0.9515381455421448,0.13671629130840302,0.7686703205108643,0.7216070890426636
