epoch,accuracy,loss,val_accuracy,val_loss
0,0.6127265095710754,0.8218470215797424,0.438069224357605,2.5759284496307373
1,0.6953223943710327,0.6967378258705139,0.4417122006416321,1.3968923091888428
2,0.7408344149589539,0.6074218153953552,0.7194899916648865,0.9197712540626526
3,0.7587441802024841,0.5610229969024658,0.751366138458252,0.6598325967788696
4,0.7760218977928162,0.521686851978302,0.7741348147392273,0.6361496448516846
5,0.7943531274795532,0.49735674262046814,0.806921660900116,0.6113224625587463
6,0.8133164644241333,0.449615478515625,0.7750455141067505,0.6093969345092773
7,0.8284871578216553,0.4265524446964264,0.7877960205078125,0.6467831134796143
8,0.8417614698410034,0.3928220868110657,0.7340619564056396,0.8283677101135254
9,0.8558786511421204,0.3773025572299957,0.7213114500045776,0.788288950920105
10,0.8584070801734924,0.3606305420398712,0.8014571666717529,0.5722507238388062
11,0.8630425333976746,0.34041059017181396,0.7468124032020569,0.6212630271911621
12,0.8725242018699646,0.31576478481292725,0.7750455141067505,0.5796993970870972
13,0.8872734904289246,0.298915833234787,0.7695810794830322,0.6146274209022522
14,0.8914875388145447,0.28078752756118774,0.7404371500015259,0.8293269872665405
15,0.8910661339759827,0.271555632352829,0.8351548314094543,0.5944824814796448
16,0.9058154225349426,0.2574976086616516,0.7276867032051086,0.6829585433006287
17,0.9049726128578186,0.24770396947860718,0.8005464673042297,0.7704817056655884
18,0.9140328764915466,0.22197897732257843,0.8588342666625977,0.4152025580406189
19,0.9256215691566467,0.2045408934354782,0.6511839628219604,0.8723143339157104
20,0.9182469248771667,0.22329533100128174,0.7650273442268372,0.6435286998748779
21,0.9325748085975647,0.18155266344547272,0.8205828666687012,0.6701639890670776
22,0.9289928078651428,0.19156046211719513,0.8451730608940125,0.488535076379776
23,0.9329962134361267,0.1712253838777542,0.7914389967918396,0.5346522331237793
24,0.9363674521446228,0.16861304640769958,0.8333333134651184,0.5838788747787476
25,0.9443742036819458,0.15128746628761292,0.7641165852546692,0.6593527793884277
26,0.9420564770698547,0.1563473343849182,0.7131147384643555,0.9633073210716248
27,0.9437420964241028,0.15345604717731476,0.749544620513916,0.7304441332817078
28,0.9485883116722107,0.1402350217103958,0.8005464673042297,0.7517427802085876
29,0.9462705254554749,0.1394226998090744,0.8488160371780396,0.45837685465812683
