epoch,accuracy,loss,val_accuracy,val_loss
0,0.6093552708625793,0.8311288952827454,0.438069224357605,2.214517593383789
1,0.719763994216919,0.6589863896369934,0.4480874240398407,1.4034677743911743
2,0.7399915456771851,0.6008532047271729,0.7386156916618347,0.695094108581543
3,0.7659081220626831,0.5397854447364807,0.7877960205078125,0.731499433517456
4,0.7831858396530151,0.5058180093765259,0.7112932801246643,0.7573553919792175
5,0.8067846894264221,0.4667237401008606,0.7422586679458618,0.7490131258964539
6,0.8187947869300842,0.4388291537761688,0.8051002025604248,0.7092973589897156
7,0.8268015384674072,0.4214094281196594,0.6976320743560791,0.9517389535903931
8,0.8301727771759033,0.40148136019706726,0.7522768378257751,0.660006582736969
9,0.8565107583999634,0.3688501715660095,0.8051002025604248,0.718664824962616
10,0.8626211285591125,0.3532206416130066,0.7704917788505554,0.6631475687026978
11,0.8676780462265015,0.33199504017829895,0.7622950673103333,0.5996453166007996
12,0.8765276074409485,0.3225196301937103,0.748633861541748,0.7011773586273193
13,0.8796881437301636,0.3018530011177063,0.8196721076965332,0.7503508925437927
14,0.8938053250312805,0.2783096730709076,0.7932604551315308,0.7134504914283752
15,0.8914875388145447,0.27798521518707275,0.7686703205108643,0.7202734351158142
16,0.9041298031806946,0.25418922305107117,0.7841529846191406,0.8458564281463623
17,0.9083438515663147,0.2378467321395874,0.7950819730758667,0.7442408800125122
18,0.9161399006843567,0.21206678450107574,0.8041894435882568,0.5815079212188721
19,0.9190897345542908,0.2150019258260727,0.7040072679519653,0.857820987701416
20,0.9264643788337708,0.199360191822052,0.6766848564147949,0.8929422497749329
21,0.9243573546409607,0.19728364050388336,0.6557376980781555,0.9741387963294983
22,0.9228824377059937,0.190113827586174,0.7950819730758667,0.7579861879348755
23,0.9304677844047546,0.18621443212032318,0.7695810794830322,0.7552950978279114
24,0.9388959407806396,0.16178078949451447,0.7222222089767456,0.8544136881828308
25,0.9374209642410278,0.15844915807247162,0.7049180269241333,0.9889315962791443
26,0.9447956085205078,0.1537563055753708,0.6612021923065186,1.1588454246520996
27,0.9439527988433838,0.15071745216846466,0.619307816028595,1.3264886140823364
28,0.9424778819084167,0.15252995491027832,0.6001821756362915,1.3905891180038452
29,0.9481669068336487,0.13634102046489716,0.7786885499954224,0.7736794948577881
