epoch,accuracy,loss,val_accuracy,val_loss
0,0.6070374846458435,0.8524198532104492,0.45264115929603577,2.442840576171875
1,0.7056468725204468,0.677747905254364,0.4590163826942444,1.384614109992981
2,0.738516628742218,0.5988302826881409,0.8014571666717529,0.6449663043022156
3,0.7595870494842529,0.5513099431991577,0.8324226140975952,0.6328827142715454
4,0.7760218977928162,0.5143911838531494,0.7304189205169678,0.8103676438331604
5,0.8112094402313232,0.4647219777107239,0.7714025378227234,0.8191173672676086
6,0.8268015384674072,0.42306652665138245,0.748633861541748,1.0846071243286133
7,0.8320690989494324,0.4195997714996338,0.7695810794830322,0.6516363620758057
8,0.8398651480674744,0.40589308738708496,0.7431694269180298,0.7682045698165894
9,0.8512431383132935,0.365354984998703,0.7377049326896667,0.7264112830162048
10,0.8630425333976746,0.346051424741745,0.7668488025665283,0.6390858292579651
11,0.8828487396240234,0.3130052983760834,0.7814207673072815,0.6720404624938965
12,0.8792667388916016,0.3054397702217102,0.8287795782089233,0.6981359720230103
13,0.8828487396240234,0.29512733221054077,0.7531875967979431,0.8055406212806702
14,0.9020227789878845,0.2705343961715698,0.7686703205108643,0.8149511218070984
15,0.9018120765686035,0.25912711024284363,0.7695810794830322,0.738906979560852
16,0.9077117443084717,0.24506494402885437,0.7941712141036987,0.7921667098999023
17,0.9112937450408936,0.2337407022714615,0.7021858096122742,0.8424843549728394
18,0.9167720079421997,0.22564034163951874,0.7231329679489136,1.0105936527252197
19,0.9218289256095886,0.2156461626291275,0.6630236506462097,0.9904068112373352
20,0.9241466522216797,0.19715839624404907,0.751366138458252,0.7806824445724487
21,0.9315212965011597,0.18996530771255493,0.693989098072052,1.0034105777740479
22,0.9260429739952087,0.1858993023633957,0.8214936256408691,0.7755969762802124
23,0.9329962134361267,0.16822366416454315,0.7668488025665283,0.7854149341583252
24,0.9374209642410278,0.16196145117282867,0.7103825211524963,0.8387834429740906
25,0.9403708577156067,0.16496239602565765,0.6912568211555481,1.4895131587982178
26,0.9412136673927307,0.15420690178871155,0.6894353628158569,1.157274842262268
27,0.9403708577156067,0.15453162789344788,0.8096539378166199,0.9294002056121826
28,0.9424778819084167,0.1549954116344452,0.6593806743621826,1.185508131980896
