epoch,accuracy,loss,val_accuracy,val_loss
0,0.6245259046554565,0.8150772452354431,0.45628416538238525,2.6899619102478027
1,0.7050147652626038,0.6771162748336792,0.45992714166641235,1.4632856845855713
2,0.7423093318939209,0.5887994170188904,0.6029143929481506,0.7757235765457153
3,0.7724399566650391,0.5380452275276184,0.6639344096183777,0.9206650853157043
4,0.7924568057060242,0.49437734484672546,0.7859745025634766,0.7474988102912903
5,0.8063632249832153,0.47430047392845154,0.7741348147392273,0.645846426486969
6,0.8162663578987122,0.4436280429363251,0.7732240557670593,0.5999858975410461
7,0.8472397923469543,0.3893636167049408,0.8160291314125061,0.6464623808860779
8,0.8428149819374084,0.3910423517227173,0.749544620513916,0.827261209487915
9,0.8596712946891785,0.35980460047721863,0.7832422852516174,0.6088314056396484
10,0.8596712946891785,0.3423071801662445,0.8005464673042297,0.6515350341796875
11,0.8815844655036926,0.3074803054332733,0.7732240557670593,0.8099684715270996
12,0.8811630606651306,0.29610809683799744,0.811475396156311,0.5134963393211365
13,0.8876948952674866,0.28087055683135986,0.7795992493629456,0.5600719451904297
14,0.9110830426216125,0.2501690685749054,0.7969034314155579,0.732049822807312
15,0.9077117443084717,0.2525511085987091,0.7632058262825012,0.5636391043663025
16,0.9102401733398438,0.2397892028093338,0.6903460621833801,0.9509945511817932
17,0.9193004369735718,0.21956588327884674,0.7777777910232544,0.5909954905509949
18,0.9199326038360596,0.21028268337249756,0.6557376980781555,0.8685871362686157
19,0.9190897345542908,0.2031181901693344,0.6530054807662964,0.8831214904785156
20,0.9308891892433167,0.18700850009918213,0.7741348147392273,0.6394610404968262
21,0.9254108667373657,0.19633641839027405,0.6958105564117432,1.0909299850463867
22,0.9378423690795898,0.16927295923233032,0.7459016442298889,0.608344316482544
23,0.9346818327903748,0.16819915175437927,0.7677595615386963,0.8630383014678955
24,0.9359460473060608,0.1603705734014511,0.8041894435882568,0.645841121673584
25,0.9498525261878967,0.14189602434635162,0.7996357083320618,0.7728511095046997
26,0.9481669068336487,0.14439934492111206,0.755919873714447,0.8872281908988953
27,0.9441635012626648,0.147893026471138,0.7795992493629456,0.749713659286499
28,0.9498525261878967,0.13704684376716614,0.6703096628189087,0.9506216645240784
29,0.9492204189300537,0.13515475392341614,0.6047359108924866,1.5329514741897583
