epoch,accuracy,loss,val_accuracy,val_loss
0,0.6160977482795715,0.8288339972496033,0.2012750506401062,2.251387596130371
1,0.6927939057350159,0.6699727177619934,0.3788706660270691,1.5282262563705444
2,0.7416772246360779,0.5957708954811096,0.7267759442329407,0.789199709892273
3,0.763590395450592,0.5529029965400696,0.7795992493629456,0.8644258975982666
4,0.788242757320404,0.49806350469589233,0.7741348147392273,0.814193844795227
5,0.7985672354698181,0.4731356203556061,0.8169398903846741,0.6810317039489746
6,0.8145806789398193,0.4473385810852051,0.7741348147392273,0.8487269282341003
7,0.8320690989494324,0.4067627489566803,0.7941712141036987,0.6916474103927612
8,0.8478718996047974,0.38708561658859253,0.7632058262825012,0.7177985310554504
9,0.8504003286361694,0.3700493574142456,0.7750455141067505,0.723759114742279
10,0.8615676164627075,0.34436607360839844,0.748633861541748,0.8858023285865784
11,0.8588284850120544,0.35442718863487244,0.6766848564147949,0.7466021776199341
12,0.8777918219566345,0.31619635224342346,0.7267759442329407,0.7598597407341003
13,0.8849557638168335,0.30345672369003296,0.7176684737205505,1.0254030227661133
14,0.8862199783325195,0.292680948972702,0.5846994519233704,0.85948246717453
15,0.8959123492240906,0.2680839002132416,0.8169398903846741,0.5425792932510376
16,0.9003371000289917,0.25381019711494446,0.7905282378196716,0.6989873647689819
17,0.9001263976097107,0.24737973511219025,0.7249544858932495,0.8482145667076111
18,0.9041298031806946,0.24072293937206268,0.7094717621803284,1.1812255382537842
19,0.9186683297157288,0.2204969972372055,0.8051002025604248,0.6830616593360901
20,0.9140328764915466,0.2225889414548874,0.8469945192337036,0.4692462384700775
21,0.9241466522216797,0.19491562247276306,0.7814207673072815,0.6224480271339417
22,0.9289928078651428,0.1914939433336258,0.8196721076965332,0.5644006729125977
23,0.9233038425445557,0.19322934746742249,0.8160291314125061,0.6706337332725525
24,0.9338390231132507,0.17722684144973755,0.6684881448745728,1.0162032842636108
25,0.9313105940818787,0.17515724897384644,0.7768670320510864,0.7111510038375854
26,0.9380530714988708,0.1562032848596573,0.744990885257721,0.8300436735153198
27,0.9361567497253418,0.16489462554454803,0.7276867032051086,0.8960354924201965
28,0.9418457746505737,0.15177792310714722,0.7522768378257751,0.8163427114486694
29,0.9416350722312927,0.15200617909431458,0.6575592160224915,1.0277386903762817
