epoch,accuracy,loss,val_accuracy,val_loss
0,0.6177833676338196,0.8280795812606812,0.4298724830150604,2.2069742679595947
1,0.6906868815422058,0.6962103843688965,0.4225865304470062,1.3140192031860352
2,0.730931282043457,0.6036613583564758,0.7285974621772766,0.8974275588989258
3,0.7743362784385681,0.5330745577812195,0.7704917788505554,0.6980380415916443
4,0.7867677807807922,0.5082876682281494,0.7522768378257751,0.7098729610443115
5,0.8080489039421082,0.4616301655769348,0.7786885499954224,0.8134483098983765
6,0.8168984651565552,0.454566091299057,0.7686703205108643,0.6595359444618225
7,0.8179519772529602,0.4355548918247223,0.748633861541748,0.7220363616943359
8,0.8409186601638794,0.400381475687027,0.8078324198722839,0.7541401386260986
9,0.8463969826698303,0.3845251798629761,0.7987249493598938,0.5536263585090637
10,0.8569321632385254,0.3546290099620819,0.7577413320541382,0.7029687762260437
11,0.8651496171951294,0.3381396234035492,0.8278688788414001,0.6907451748847961
12,0.8714706897735596,0.3248175382614136,0.8333333134651184,0.623761773109436
13,0.8815844655036926,0.3081790804862976,0.7067395448684692,0.8414940237998962
14,0.8967551589012146,0.2813127338886261,0.8196721076965332,0.65370112657547
15,0.8935946226119995,0.27352824807167053,0.7695810794830322,0.7459465265274048
16,0.9026548862457275,0.26067546010017395,0.7969034314155579,0.6958305835723877
17,0.9108723402023315,0.23652686178684235,0.7795992493629456,0.6879377961158752
18,0.9190897345542908,0.21681338548660278,0.6648451685905457,0.8729389309883118
19,0.9176148176193237,0.21813960373401642,0.693078339099884,0.950459897518158
20,0.9178255200386047,0.2155359536409378,0.8032786846160889,0.7562219500541687
21,0.9201433062553406,0.2039153128862381,0.755919873714447,0.7584804892539978
22,0.9275178909301758,0.19684872031211853,0.8078324198722839,0.7565512657165527
23,0.9268857836723328,0.18854603171348572,0.8105646371841431,0.655678927898407
24,0.9292035102844238,0.18786625564098358,0.7877960205078125,0.6136012077331543
25,0.9393173456192017,0.1719449907541275,0.7632058262825012,0.6816245317459106
26,0.9414243698120117,0.16014258563518524,0.6684881448745728,0.9462664723396301
27,0.9386852383613586,0.1575862616300583,0.7841529846191406,0.9511052966117859
28,0.9410029649734497,0.15905283391475677,0.7641165852546692,0.6982292532920837
29,0.9475347399711609,0.14207756519317627,0.7276867032051086,0.8587965369224548
