epoch,accuracy,loss,val_accuracy,val_loss
0,0.4605984091758728,1.6013742685317993,0.438069224357605,1.937140703201294
1,0.5583649277687073,1.249582290649414,0.4544626474380493,1.5089532136917114
2,0.5842815041542053,1.1816478967666626,0.6047359108924866,1.0433934926986694
3,0.6019806265830994,1.0760878324508667,0.5828779339790344,0.9884227514266968
4,0.6424357295036316,0.9930294156074524,0.6102003455162048,1.0725384950637817
5,0.6580278277397156,0.8963181376457214,0.6220400929450989,1.112412691116333
6,0.6662452816963196,0.8988901972770691,0.6165755987167358,1.0160824060440063
7,0.6957437992095947,0.797603964805603,0.5892531871795654,1.0868468284606934
8,0.7166034579277039,0.7801534533500671,0.5874316692352295,0.9335238337516785
9,0.7321955561637878,0.7150231599807739,0.6129326224327087,0.8825944662094116
10,0.747366189956665,0.6909492015838623,0.6320582628250122,0.9505435228347778
11,0.752423107624054,0.6893050074577332,0.6174863576889038,0.9667021632194519
12,0.7724399566650391,0.6159042119979858,0.6566484570503235,0.9029251933097839
13,0.7937210202217102,0.5479010343551636,0.6475409865379333,0.9556641578674316
14,0.8006742596626282,0.5458033680915833,0.6721311211585999,0.9245551824569702
15,0.8069953918457031,0.5364413857460022,0.6693989038467407,0.8783696889877319
16,0.8162663578987122,0.4848507344722748,0.6684881448745728,1.0085468292236328
17,0.8209018111228943,0.4920526146888733,0.625683069229126,0.9929421544075012
18,0.8354403972625732,0.45222797989845276,0.6202185750007629,1.0785951614379883
19,0.8413400650024414,0.4244554340839386,0.6284152865409851,0.9394012093544006
20,0.8621997237205505,0.36929604411125183,0.6967213153839111,0.923365592956543
21,0.8539823293685913,0.39313963055610657,0.6803278923034668,1.0250734090805054
22,0.8596712946891785,0.37396350502967834,0.7058287858963013,0.923285722732544
23,0.8777918219566345,0.3360333740711212,0.6575592160224915,0.9537859559059143
24,0.8721027970314026,0.3342377543449402,0.68123859167099,0.9588148593902588
25,0.8788453340530396,0.34448400139808655,0.626593828201294,1.0946170091629028
26,0.8910661339759827,0.2918763756752014,0.6539162397384644,1.0053212642669678
27,0.8978086709976196,0.28923359513282776,0.6612021923065186,1.1861745119094849
28,0.9066582322120667,0.253732830286026,0.5692167282104492,1.3808984756469727
29,0.9131900668144226,0.2335473597049713,0.624772310256958,1.2806646823883057
