epoch,accuracy,loss,val_accuracy,val_loss
0,0.4519595503807068,1.619240641593933,0.438069224357605,2.3770291805267334
1,0.5589970350265503,1.2442724704742432,0.43624773621559143,1.7926791906356812
2,0.5943952798843384,1.1499104499816895,0.6147540807723999,1.0974749326705933
3,0.6135693192481995,1.0843620300292969,0.5892531871795654,1.1383440494537354
4,0.6415929198265076,0.973862886428833,0.6038251519203186,1.0146410465240479
5,0.6504424810409546,0.9235017895698547,0.6010928750038147,1.1472278833389282
6,0.6702486276626587,0.8897881507873535,0.6102003455162048,1.132446527481079
7,0.6915296912193298,0.828796923160553,0.6293260455131531,0.9437515735626221
8,0.7149178385734558,0.7633839249610901,0.6156648397445679,1.036613941192627
9,0.7184997797012329,0.7403730154037476,0.624772310256958,0.8994160890579224
10,0.7336704730987549,0.7127251625061035,0.6056466102600098,0.8787878155708313
11,0.75579434633255,0.6600490212440491,0.6366119980812073,0.8436059951782227
12,0.7684365510940552,0.6215447783470154,0.630236804485321,0.850325345993042
13,0.7812895178794861,0.5889147520065308,0.687613844871521,0.8234370350837708
14,0.7850821614265442,0.5775107741355896,0.6684881448745728,0.8617786169052124
15,0.788242757320404,0.5450189709663391,0.687613844871521,0.8357702493667603
16,0.8232195377349854,0.4719600975513458,0.686703085899353,0.8676386475563049
17,0.8202697038650513,0.4811457693576813,0.6948997974395752,1.0313234329223633
18,0.8362832069396973,0.4377675950527191,0.6366119980812073,0.9639309048652649
19,0.8364939093589783,0.44591766595840454,0.6848816275596619,0.8769082427024841
20,0.8514538407325745,0.39115941524505615,0.6894353628158569,1.0161030292510986
21,0.8470290899276733,0.3822125196456909,0.6675773859024048,1.0731563568115234
22,0.8581963777542114,0.35517099499702454,0.7012750506401062,1.0384840965270996
23,0.8712599873542786,0.34237784147262573,0.7049180269241333,0.8683152198791504
24,0.8714706897735596,0.3573552370071411,0.6338797807693481,0.9954524040222168
25,0.8895912170410156,0.30732548236846924,0.7030965685844421,0.9958634972572327
26,0.8992835879325867,0.26595768332481384,0.6958105564117432,0.9635441303253174
27,0.8963337540626526,0.2825120687484741,0.693078339099884,1.2128963470458984
28,0.9047619104385376,0.2633587121963501,0.5901639461517334,1.1916354894638062
29,0.9051833152770996,0.2629682421684265,0.7067395448684692,1.1180039644241333
