epoch,accuracy,loss,val_accuracy,val_loss
0,0.4673409163951874,1.5765310525894165,0.438069224357605,2.18084716796875
1,0.5602612495422363,1.2378720045089722,0.43897995352745056,1.6215428113937378
2,0.5962916016578674,1.1459639072418213,0.6020036339759827,1.091586709022522
3,0.6076695919036865,1.0881937742233276,0.6092896461486816,0.9406003355979919
4,0.6422250270843506,0.9795949459075928,0.6056466102600098,0.9884238839149475
5,0.6451748609542847,0.9624708890914917,0.6020036339759827,1.0044209957122803
6,0.6666666865348816,0.8869427442550659,0.5965391397476196,0.9038349390029907
7,0.6967973113059998,0.8179557919502258,0.6010928750038147,0.9492871165275574
8,0.7109144330024719,0.7494671940803528,0.6083788871765137,0.9284106492996216
9,0.720185399055481,0.7628946304321289,0.5737704634666443,0.9914993047714233
10,0.737673819065094,0.691827654838562,0.6156648397445679,0.8179886937141418
11,0.7574799656867981,0.6552560329437256,0.6111111044883728,0.9602639079093933
12,0.7511588931083679,0.6433736085891724,0.6129326224327087,0.8728622198104858
13,0.7901390790939331,0.5672337412834167,0.6475409865379333,0.8253435492515564
14,0.7939317226409912,0.5598124861717224,0.6630236506462097,0.8811694383621216
15,0.8065739274024963,0.5237901210784912,0.6757741570472717,0.9567038416862488
16,0.8122629523277283,0.4959818124771118,0.6384335160255432,0.8559011220932007
17,0.8139485716819763,0.5037587881088257,0.6748633980751038,0.8342857956886292
18,0.8318583965301514,0.4347943365573883,0.6202185750007629,0.921214759349823
19,0.8438684940338135,0.4381759762763977,0.6666666865348816,0.8721826076507568
20,0.8451327681541443,0.41644784808158875,0.682149350643158,0.9856277108192444
21,0.8600926995277405,0.37499889731407166,0.6693989038467407,0.918132483959198
22,0.8729456663131714,0.35488268733024597,0.6657559275627136,0.9732222557067871
23,0.8744205832481384,0.35352224111557007,0.6985428333282471,0.9344644546508789
24,0.8788453340530396,0.3416208326816559,0.6894353628158569,1.0737627744674683
25,0.8828487396240234,0.3046664297580719,0.6730418801307678,1.030002236366272
26,0.8910661339759827,0.2987932562828064,0.6757741570472717,1.2382209300994873
27,0.9034976959228516,0.2699449956417084,0.6666666865348816,1.072543978691101
28,0.9089759588241577,0.24472080171108246,0.7012750506401062,0.8653076887130737
29,0.9112937450408936,0.2515604794025421,0.6511839628219604,1.1151971817016602
