epoch,accuracy,loss,val_accuracy,val_loss
0,0.45343446731567383,1.651399850845337,0.438069224357605,2.118835210800171
1,0.5543615818023682,1.2527656555175781,0.44899818301200867,1.413643479347229
2,0.5878634452819824,1.1574915647506714,0.631147563457489,1.0425074100494385
3,0.6137800216674805,1.081971526145935,0.5892531871795654,1.1531414985656738
4,0.6388537883758545,0.9925650954246521,0.6293260455131531,1.024702787399292
5,0.6529709100723267,0.9136661887168884,0.6010928750038147,0.9866427779197693
6,0.6647703051567078,0.9049208760261536,0.6347905397415161,0.8553433418273926
7,0.6790981888771057,0.8527010679244995,0.6038251519203186,1.0444772243499756
8,0.7083860039710999,0.8069491982460022,0.5947176814079285,0.8686022162437439
9,0.729034960269928,0.7057017087936401,0.6375227570533752,0.7997917532920837
10,0.747576892375946,0.6813368797302246,0.6074681282043457,0.8482476472854614
11,0.754740834236145,0.6554944515228271,0.6511839628219604,0.8580114245414734
12,0.7667509317398071,0.6229098439216614,0.6639344096183777,0.7766140103340149
13,0.779814600944519,0.5932357311248779,0.6593806743621826,0.7614065408706665
14,0.7876105904579163,0.5558971166610718,0.6038251519203186,0.9296268820762634
15,0.7981458306312561,0.5274872779846191,0.7067395448684692,0.8024355173110962
16,0.8017277717590332,0.518628716468811,0.688524603843689,0.7760498523712158
17,0.8225874304771423,0.4748647212982178,0.6138433218002319,0.9405017495155334
18,0.8297513723373413,0.44327759742736816,0.682149350643158,0.8880746364593506
19,0.8472397923469543,0.4078909456729889,0.693989098072052,0.88664311170578
20,0.8466076850891113,0.43781110644340515,0.6584699749946594,1.1264351606369019
21,0.8563000559806824,0.3770841658115387,0.6757741570472717,0.946712076663971
22,0.8653603196144104,0.3903978168964386,0.6757741570472717,0.9943089485168457
23,0.8733670711517334,0.3443499207496643,0.7112932801246643,0.9902313947677612
24,0.8862199783325195,0.3106878101825714,0.68123859167099,0.9812037348747253
25,0.8822166323661804,0.31006163358688354,0.7295082211494446,0.8960347175598145
26,0.8942267298698425,0.2852654755115509,0.693989098072052,1.0182684659957886
27,0.8984407782554626,0.2755867838859558,0.6056466102600098,1.448972225189209
28,0.8975979685783386,0.2700033187866211,0.6384335160255432,1.1702138185501099
29,0.9161399006843567,0.226347416639328,0.68123859167099,1.0331414937973022
