epoch,accuracy,loss,val_accuracy,val_loss
0,0.44732406735420227,1.6939873695373535,0.438069224357605,1.925270676612854
1,0.5383480787277222,1.3200806379318237,0.44899818301200867,1.4405806064605713
2,0.5887062549591064,1.163170337677002,0.6202185750007629,1.0189979076385498
3,0.6112515926361084,1.073081612586975,0.6129326224327087,1.1854785680770874
4,0.6428571343421936,0.9825563430786133,0.630236804485321,0.9767434000968933
5,0.6613990664482117,0.9177005290985107,0.6411657333374023,0.9177162647247314
6,0.6715128421783447,0.8666622042655945,0.6120218634605408,0.9941058158874512
7,0.6936367750167847,0.807016134262085,0.6129326224327087,0.8810163736343384
8,0.719763994216919,0.7540901899337769,0.6038251519203186,0.9212424755096436
9,0.7243995070457458,0.7466124892234802,0.5992714166641235,0.8547110557556152
10,0.7330383658409119,0.7085950374603271,0.5837886929512024,0.9318072199821472
11,0.764011800289154,0.6425536274909973,0.6502732038497925,0.865909993648529
12,0.760429859161377,0.6025218367576599,0.6730418801307678,0.7624903917312622
13,0.7734934687614441,0.6235780119895935,0.6602914333343506,0.8476080298423767
14,0.7808681130409241,0.5773242712020874,0.6174863576889038,0.903472363948822
