epoch,accuracy,loss,val_accuracy,val_loss
0,0.47450485825538635,1.5564639568328857,0.438069224357605,1.9765105247497559
1,0.5598398447036743,1.2439466714859009,0.4344262182712555,1.7780277729034424
2,0.5901812314987183,1.184436321258545,0.6293260455131531,1.0159693956375122
3,0.6243152022361755,1.016510009765625,0.626593828201294,1.072987675666809
4,0.6460176706314087,0.9653745293617249,0.6420764923095703,0.9844651818275452
5,0.6523388028144836,0.9078171849250793,0.6229507923126221,1.003087043762207
6,0.6675094962120056,0.8769357204437256,0.630236804485321,0.9103447198867798
7,0.6923725008964539,0.8345464468002319,0.6448087692260742,0.9199206233024597
8,0.7033291459083557,0.7694507837295532,0.618397057056427,0.9528641700744629
9,0.7222924828529358,0.7154735326766968,0.5892531871795654,0.8916665315628052
10,0.745048463344574,0.6707525849342346,0.5846994519233704,0.9747896790504456
11,0.7509481906890869,0.6441771984100342,0.6402550339698792,0.8959596157073975
12,0.7661188244819641,0.6132901906967163,0.630236804485321,0.8305292129516602
13,0.7861356735229492,0.5749297142028809,0.6138433218002319,0.8670989274978638
14,0.7859249711036682,0.5560144782066345,0.6657559275627136,0.8243374824523926
15,0.8046776056289673,0.5026208758354187,0.6830601096153259,0.7711628079414368
16,0.8053097128868103,0.49660584330558777,0.6630236506462097,0.8647708892822266
17,0.8217446208000183,0.45845112204551697,0.5919854044914246,1.1568738222122192
18,0.8249051570892334,0.4649161696434021,0.5965391397476196,0.9873758554458618
19,0.8407079577445984,0.4114716351032257,0.7021858096122742,0.9242681264877319
20,0.8514538407325745,0.38654300570487976,0.6675773859024048,0.9619303941726685
21,0.8588284850120544,0.38275477290153503,0.6220400929450989,1.0751034021377563
22,0.8640961050987244,0.36461833119392395,0.6967213153839111,0.9712870121002197
23,0.8729456663131714,0.3337765634059906,0.5965391397476196,1.0739494562149048
24,0.8902233242988586,0.31227174401283264,0.686703085899353,1.0469329357147217
25,0.8809523582458496,0.33033379912376404,0.7149362564086914,1.1171454191207886
26,0.8948588371276855,0.2818313241004944,0.7213114500045776,0.7992206811904907
27,0.9028655886650085,0.26073190569877625,0.7158470153808594,1.1791185140609741
28,0.8927518129348755,0.27655380964279175,0.6748633980751038,1.0508350133895874
29,0.9117151498794556,0.2370108813047409,0.6429872512817383,1.1202425956726074
