epoch,accuracy,loss,val_accuracy,val_loss
0,0.4610198140144348,1.543306827545166,0.438069224357605,2.2096965312957764
1,0.5541508793830872,1.2611043453216553,0.438069224357605,1.9549760818481445
2,0.5927096605300903,1.1495766639709473,0.630236804485321,0.9640790820121765
3,0.6158870458602905,1.0625640153884888,0.6102003455162048,0.9985069036483765
4,0.6319005489349365,1.0071406364440918,0.6056466102600098,1.0384117364883423
5,0.6504424810409546,0.9167454838752747,0.6138433218002319,0.9844776391983032
6,0.6776232719421387,0.85847008228302,0.5819672346115112,0.8942114114761353
7,0.6915296912193298,0.828600287437439,0.624772310256958,0.9169975519180298
8,0.7104930281639099,0.778510332107544,0.62386155128479,0.8315116763114929
9,0.7338811755180359,0.7044833302497864,0.5919854044914246,0.9041325449943542
10,0.736620306968689,0.662678599357605,0.6092896461486816,0.921550452709198
11,0.7583227753639221,0.6618582606315613,0.6830601096153259,0.8789287805557251
12,0.7741255760192871,0.5937748551368713,0.6794171333312988,0.7708793878555298
13,0.7918246984481812,0.5777287483215332,0.6539162397384644,0.8893843293190002
14,0.7903497815132141,0.556054949760437,0.7122039794921875,0.8700212836265564
15,0.8080489039421082,0.515731930732727,0.6657559275627136,0.8980681300163269
16,0.8276443481445312,0.46454596519470215,0.6739526391029358,0.947742760181427
17,0.8274336457252502,0.4777340292930603,0.6584699749946594,0.9473658800125122
18,0.8375474214553833,0.44451576471328735,0.6739526391029358,0.8484007716178894
19,0.8404972553253174,0.4246934950351715,0.6675773859024048,0.9698289632797241
20,0.8470290899276733,0.4105501174926758,0.6848816275596619,0.9237909317016602
21,0.8487147092819214,0.4033224582672119,0.693078339099884,0.964370608329773
22,0.8754740953445435,0.3534010052680969,0.6520947217941284,1.0040360689163208
23,0.8830594420433044,0.3178958296775818,0.6056466102600098,1.1975497007369995
24,0.8822166323661804,0.3204955756664276,0.7003642916679382,0.983353316783905
25,0.8752633929252625,0.31367233395576477,0.6375227570533752,1.05109441280365
26,0.8931732177734375,0.2819156050682068,0.6703096628189087,1.096564531326294
27,0.8975979685783386,0.2720843553543091,0.6639344096183777,1.3641431331634521
28,0.9047619104385376,0.2732903063297272,0.6857923269271851,1.3377081155776978
29,0.9201433062553406,0.22584973275661469,0.624772310256958,1.2893205881118774
