epoch,accuracy,loss,val_accuracy,val_loss
0,0.43805310130119324,1.6679737567901611,0.438069224357605,1.8774226903915405
1,0.5383480787277222,1.263230800628662,0.437158465385437,1.4424269199371338
2,0.6120944023132324,1.12619149684906,0.618397057056427,0.9451401829719543
3,0.6163084506988525,1.0622596740722656,0.5701274871826172,0.9835569858551025
4,0.6466498374938965,0.9706119894981384,0.6056466102600098,1.0994633436203003
5,0.6540244221687317,0.931083619594574,0.5983606576919556,1.0298609733581543
6,0.6769911646842957,0.8874474763870239,0.5928961634635925,1.0042712688446045
7,0.6984829306602478,0.8133530616760254,0.5819672346115112,0.9955544471740723
8,0.7064896821975708,0.799411416053772,0.6065573692321777,0.9412136673927307
9,0.7271386384963989,0.729303240776062,0.6165755987167358,0.9574551582336426
10,0.738516628742218,0.6877492666244507,0.6156648397445679,0.9679378867149353
11,0.7488411068916321,0.6532047986984253,0.6593806743621826,0.8801964521408081
12,0.7678044438362122,0.6089342832565308,0.5992714166641235,0.9939630627632141
13,0.7779182195663452,0.6055569052696228,0.6857923269271851,0.7891831994056702
14,0.7857142686843872,0.5586637854576111,0.6593806743621826,0.900379478931427
15,0.7903497815132141,0.5568398237228394,0.6375227570533752,0.8981876373291016
16,0.8076274991035461,0.5066817402839661,0.6857923269271851,0.9234194159507751
17,0.8107880353927612,0.5102371573448181,0.693078339099884,0.9204772114753723
18,0.8225874304771423,0.4485374093055725,0.6575592160224915,0.9771561622619629
19,0.8318583965301514,0.46939408779144287,0.6712204217910767,1.085361361503601
20,0.8440791964530945,0.4148629903793335,0.6375227570533752,0.9257498979568481
21,0.8478718996047974,0.39895913004875183,0.686703085899353,1.058842420578003
22,0.8573535680770874,0.40029993653297424,0.686703085899353,1.0346055030822754
23,0.8666245341300964,0.3581677973270416,0.62386155128479,1.1204408407211304
24,0.8782132267951965,0.33389922976493835,0.6839708685874939,0.9499213695526123
25,0.8782132267951965,0.31303420662879944,0.6457194685935974,1.2660068273544312
26,0.8790560364723206,0.30768507719039917,0.6985428333282471,1.1305171251296997
27,0.9016013741493225,0.2732906639575958,0.7276867032051086,1.1457113027572632
28,0.9032869935035706,0.27867060899734497,0.7176684737205505,1.0085062980651855
29,0.9024441838264465,0.2618366777896881,0.6648451685905457,1.110495924949646
