epoch,accuracy,loss,val_accuracy,val_loss
0,0.4719763994216919,1.5629905462265015,0.437158465385437,2.0655035972595215
1,0.5615255236625671,1.2700674533843994,0.43624773621559143,1.5526964664459229
2,0.5960808992385864,1.145779013633728,0.6147540807723999,1.0669913291931152
3,0.6137800216674805,1.0454821586608887,0.6147540807723999,1.1446110010147095
4,0.6474926471710205,0.9778684973716736,0.5892531871795654,1.1350690126419067
5,0.6552886366844177,0.9183602929115295,0.6147540807723999,1.020079493522644
6,0.6670880913734436,0.8853574991226196,0.6065573692321777,0.9533975720405579
7,0.6953223943710327,0.8250148892402649,0.6293260455131531,0.9418757557868958
8,0.7058575749397278,0.786710262298584,0.6092896461486816,0.9258924126625061
9,0.73893803358078,0.7108506560325623,0.6357012987136841,1.014500379562378
10,0.744837760925293,0.6661641597747803,0.6675773859024048,0.7885574102401733
11,0.756005048751831,0.6541547179222107,0.6293260455131531,0.8860424160957336
12,0.7688579559326172,0.6161053776741028,0.6020036339759827,0.9123881459236145
13,0.7747576832771301,0.5993717908859253,0.6429872512817383,0.9480978846549988
14,0.7831858396530151,0.5629457235336304,0.68123859167099,0.7862106561660767
15,0.7966708540916443,0.53241366147995,0.6857923269271851,0.8311660885810852
16,0.8118415474891663,0.5004618167877197,0.68123859167099,0.8836246132850647
17,0.8217446208000183,0.47383931279182434,0.6703096628189087,0.8534880876541138
18,0.8362832069396973,0.4459006190299988,0.6448087692260742,0.9671410918235779
19,0.8415507674217224,0.41713497042655945,0.6857923269271851,0.8261529207229614
20,0.8470290899276733,0.3983977735042572,0.5765027403831482,1.2054027318954468
21,0.8546144366264343,0.4006873667240143,0.6794171333312988,0.9048730134963989
22,0.8636747002601624,0.3622395694255829,0.6357012987136841,1.1204025745391846
23,0.8699957728385925,0.34041813015937805,0.6092896461486816,1.195932388305664
24,0.8676780462265015,0.35553938150405884,0.5956284403800964,1.1593248844146729
25,0.8881163001060486,0.29280808568000793,0.6621129512786865,1.0044859647750854
26,0.8944374322891235,0.27243420481681824,0.6393442749977112,1.1475625038146973
27,0.8967551589012146,0.2805456817150116,0.6612021923065186,1.0523755550384521
28,0.8997049927711487,0.2792114317417145,0.5409836173057556,1.4403855800628662
29,0.9131900668144226,0.23188640177249908,0.6530054807662964,1.0602734088897705
