epoch,accuracy,loss,val_accuracy,val_loss
0,0.47092288732528687,1.5544859170913696,0.438069224357605,2.4487040042877197
1,0.5594184398651123,1.243046522140503,0.44262295961380005,1.4217054843902588
2,0.5889169573783875,1.190108299255371,0.6029143929481506,1.0235042572021484
3,0.6083016991615295,1.0950912237167358,0.5828779339790344,1.17219078540802
4,0.6260008215904236,1.018452525138855,0.5992714166641235,1.09555184841156
5,0.6495996713638306,0.9281078577041626,0.6056466102600098,1.0451616048812866
6,0.6790981888771057,0.8834148645401001,0.6165755987167358,0.8931556344032288
7,0.6868942379951477,0.8291131854057312,0.5856102108955383,1.0040093660354614
8,0.7147071361541748,0.7900970578193665,0.5965391397476196,1.0064778327941895
9,0.7271386384963989,0.7111439108848572,0.5810564756393433,0.8823249936103821
10,0.7349346876144409,0.7160905003547668,0.6320582628250122,0.8738474249839783
11,0.7503160834312439,0.650053083896637,0.6411657333374023,0.8613765239715576
12,0.763379693031311,0.620573878288269,0.6648451685905457,0.7989068031311035
13,0.7777075171470642,0.5954488515853882,0.6739526391029358,0.8689916729927063
14,0.7947745323181152,0.5503182411193848,0.6848816275596619,0.8579538464546204
15,0.8029919862747192,0.5203323364257812,0.6511839628219604,0.9784334897994995
16,0.8101559281349182,0.5141854882240295,0.7122039794921875,0.7949793338775635
17,0.8291192650794983,0.44381386041641235,0.6921675801277161,0.8525073528289795
18,0.8354403972625732,0.43767309188842773,0.682149350643158,0.8322963118553162
19,0.8404972553253174,0.44658130407333374,0.6438980102539062,0.9913395643234253
20,0.8485040068626404,0.395222544670105,0.6357012987136841,1.0205663442611694
21,0.8586177825927734,0.3727491796016693,0.5255008935928345,1.4937784671783447
22,0.8567214608192444,0.38191354274749756,0.6748633980751038,0.8685694932937622
23,0.8748419880867004,0.33459413051605225,0.6785063743591309,0.9136662483215332
24,0.8870627880096436,0.3137851357460022,0.687613844871521,1.1621710062026978
25,0.8822166323661804,0.3256012797355652,0.6830601096153259,1.3003300428390503
26,0.8908554315567017,0.29172107577323914,0.6484517455101013,1.0743112564086914
27,0.9045512080192566,0.2613629102706909,0.6803278923034668,0.99814772605896
28,0.9085545539855957,0.24249349534511566,0.68123859167099,1.2343426942825317
29,0.9220396280288696,0.2236439287662506,0.6211293339729309,1.2520873546600342
