epoch,accuracy,loss,val_accuracy,val_loss
0,0.53371262550354,1.4119137525558472,0.48451730608940125,3.7404625415802
1,0.6632953882217407,0.9609390497207642,0.3287796080112457,1.8777261972427368
2,0.7182890772819519,0.8009181618690491,0.6448087692260742,0.7995606660842896
3,0.76316899061203,0.6804295778274536,0.7003642916679382,0.8258878588676453
4,0.7895069718360901,0.6590827107429504,0.6083788871765137,1.2365103960037231
5,0.8131057620048523,0.5280072689056396,0.6894353628158569,0.9554876685142517
6,0.8114201426506042,0.5479461550712585,0.6612021923065186,1.202230453491211
7,0.8558786511421204,0.42579033970832825,0.6693989038467407,1.058322787284851
8,0.8632532954216003,0.43840813636779785,0.5473588109016418,2.1987314224243164
9,0.8822166323661804,0.32774481177330017,0.6347905397415161,2.3758468627929688
10,0.8975979685783386,0.29736071825027466,0.3652094602584839,3.1078531742095947
11,0.8967551589012146,0.32124853134155273,0.6411657333374023,1.5223640203475952
12,0.9279392957687378,0.19611458480358124,0.6848816275596619,1.5432260036468506
13,0.8957016468048096,0.40251705050468445,0.5783241987228394,2.2457618713378906
14,0.9195111393928528,0.2783661186695099,0.6475409865379333,1.1800732612609863
15,0.9268857836723328,0.2394734025001526,0.5692167282104492,2.3178048133850098
16,0.9407922625541687,0.18793654441833496,0.625683069229126,1.7304481267929077
17,0.9561735987663269,0.13407790660858154,0.7276867032051086,1.6658366918563843
18,0.9538558721542358,0.1501709520816803,0.6839708685874939,1.785117745399475
19,0.965865969657898,0.11525050550699234,0.6621129512786865,2.418322801589966
20,0.9532237648963928,0.16136188805103302,0.6357012987136841,2.0200538635253906
21,0.9614412188529968,0.13391952216625214,0.5318761467933655,3.099330425262451
22,0.9643910527229309,0.1107780858874321,0.6684881448745728,1.4695780277252197
23,0.9717656970024109,0.10201328247785568,0.6894353628158569,1.833536148071289
24,0.973872721195221,0.08765365183353424,0.7012750506401062,1.6685254573822021
25,0.9707121849060059,0.10031906515359879,0.7076502442359924,2.1440939903259277
26,0.974504828453064,0.0896947830915451,0.5191256999969482,3.032130479812622
27,0.9637589454650879,0.14665231108665466,0.7313296794891357,2.7867486476898193
