epoch,accuracy,loss,val_accuracy,val_loss
0,0.5598398447036743,1.42134428024292,0.19398906826972961,3.6780638694763184
1,0.6601348519325256,0.9490091800689697,0.23315118253231049,1.9932447671890259
2,0.712178647518158,0.7709447741508484,0.6347905397415161,0.8464134335517883
3,0.746523380279541,0.7299971580505371,0.5938069224357605,0.9033899307250977
4,0.7932996153831482,0.5694085955619812,0.7204007506370544,0.851833164691925
5,0.7842393517494202,0.6805095672607422,0.41438978910446167,1.9780371189117432
6,0.8278550505638123,0.4736086428165436,0.6666666865348816,1.2190430164337158
7,0.8571428656578064,0.40204256772994995,0.5382513403892517,1.5305209159851074
8,0.8588284850120544,0.41556569933891296,0.6994535326957703,1.1637918949127197
9,0.8788453340530396,0.3695925772190094,0.6493625044822693,1.2364287376403809
10,0.8952802419662476,0.34441640973091125,0.6511839628219604,1.6590806245803833
11,0.9155077934265137,0.2169864922761917,0.6165755987167358,1.2973427772521973
12,0.9273071885108948,0.2294389009475708,0.625683069229126,1.8739140033721924
13,0.9258322715759277,0.2580541968345642,0.6384335160255432,1.7682865858078003
14,0.9426885843276978,0.18563725054264069,0.6211293339729309,1.8907902240753174
15,0.9435313940048218,0.19293752312660217,0.5282331705093384,1.5383549928665161
16,0.9399494528770447,0.1923278123140335,0.5983606576919556,2.374459981918335
17,0.9629161357879639,0.12421906739473343,0.6047359108924866,3.4079198837280273
18,0.9481669068336487,0.21047334372997284,0.6448087692260742,2.230311155319214
19,0.9578592777252197,0.16008685529232025,0.6092896461486816,2.8912222385406494
20,0.9612305164337158,0.14709129929542542,0.6384335160255432,1.8803741931915283
21,0.9721871018409729,0.08518172800540924,0.6602914333343506,2.0764734745025635
22,0.9686051607131958,0.12495637685060501,0.6566484570503235,1.5419114828109741
23,0.9694479703903198,0.109805628657341,0.5573770403862,2.5032958984375
24,0.975136935710907,0.08270954340696335,0.6903460621833801,2.103952646255493
25,0.9793510437011719,0.0653638020157814,0.7194899916648865,1.3259456157684326
26,0.974504828453064,0.09232307225465775,0.5664845108985901,3.490950584411621
27,0.9795617461204529,0.07355765253305435,0.6211293339729309,1.4359115362167358
