epoch,accuracy,loss,val_accuracy,val_loss
0,0.5497260689735413,1.3903390169143677,0.2112932652235031,4.505363941192627
1,0.6559208035469055,0.9675403237342834,0.3579235076904297,1.981378436088562
2,0.7136536240577698,0.7628366947174072,0.6347905397415161,1.0304081439971924
3,0.754740834236145,0.6941227912902832,0.6566484570503235,0.8831192851066589
4,0.7888748645782471,0.5735389590263367,0.6275045275688171,1.2970560789108276
5,0.8131057620048523,0.5311650633811951,0.6666666865348816,0.8914893865585327
6,0.8343868255615234,0.4683871865272522,0.6775956153869629,1.0259342193603516
7,0.8493468165397644,0.4340969920158386,0.6803278923034668,1.1672437191009521
8,0.8499789237976074,0.500335693359375,0.6520947217941284,1.4511456489562988
9,0.8843236565589905,0.3488655984401703,0.6712204217910767,1.1420382261276245
10,0.8914875388145447,0.3611657917499542,0.568306028842926,2.3264284133911133
11,0.9075010418891907,0.30285197496414185,0.693989098072052,1.4538991451263428
12,0.9131900668144226,0.336903840303421,0.6857923269271851,1.5451695919036865
13,0.9165613055229187,0.23444105684757233,0.6803278923034668,1.4738365411758423
14,0.9378423690795898,0.22553472220897675,0.35519126057624817,7.890199184417725
15,0.9146649837493896,0.3670841157436371,0.6575592160224915,1.3776615858078003
16,0.9363674521446228,0.20867201685905457,0.6129326224327087,3.019541025161743
17,0.9369995594024658,0.23878252506256104,0.5346083641052246,2.479607582092285
18,0.9540665745735168,0.15950952470302582,0.7404371500015259,1.2192355394363403
19,0.9519595503807068,0.1785397082567215,0.5418943762779236,2.5641872882843018
20,0.9690265655517578,0.08719632774591446,0.7076502442359924,1.7854019403457642
21,0.9785082340240479,0.06148780882358551,0.7012750506401062,2.4777326583862305
22,0.9673409461975098,0.12076815217733383,0.5783241987228394,2.3752403259277344
23,0.9675516486167908,0.11007288098335266,0.5901639461517334,2.993382215499878
24,0.966708779335022,0.11879492551088333,0.6366119980812073,2.155043840408325
25,0.966919481754303,0.12293920665979385,0.5510018467903137,2.4767279624938965
26,0.975136935710907,0.09496263414621353,0.624772310256958,2.1636576652526855
27,0.9603877067565918,0.15303589403629303,0.5355191230773926,3.811001777648926
28,0.9646017551422119,0.1483369767665863,0.6047359108924866,3.3746447563171387
