epoch,accuracy,loss,val_accuracy,val_loss
0,0.5448799133300781,1.4268436431884766,0.438069224357605,4.4335432052612305
1,0.6586599349975586,0.9446955919265747,0.3479052782058716,2.1798243522644043
2,0.7170248627662659,0.8140525221824646,0.6329690217971802,0.8850844502449036
3,0.760219156742096,0.6972878575325012,0.6156648397445679,1.201184868812561
4,0.7823430299758911,0.6261438131332397,0.5892531871795654,1.113281011581421
5,0.8192161917686462,0.5068845748901367,0.6083788871765137,1.4042912721633911
6,0.8413400650024414,0.40756112337112427,0.5081967115402222,1.2177565097808838
7,0.8537715673446655,0.43554985523223877,0.6384335160255432,1.3364709615707397
8,0.8729456663131714,0.35234567523002625,0.5591985583305359,2.415355920791626
9,0.8560893535614014,0.4739559292793274,0.6958105564117432,1.184966802597046
10,0.8853771686553955,0.3773595690727234,0.48451730608940125,2.174356460571289
11,0.9108723402023315,0.24389776587486267,0.6675773859024048,0.9354326128959656
12,0.9121365547180176,0.2780700623989105,0.6848816275596619,1.6522763967514038
13,0.9190897345542908,0.28462356328964233,0.62386155128479,2.6632349491119385
14,0.9119258522987366,0.3246588408946991,0.5892531871795654,2.297065019607544
15,0.9439527988433838,0.1737567037343979,0.6693989038467407,1.707309603691101
16,0.9445849061012268,0.1922340840101242,0.6129326224327087,2.0229225158691406
17,0.9487990140914917,0.19567865133285522,0.5856102108955383,2.282198667526245
18,0.9485883116722107,0.19012203812599182,0.6147540807723999,1.5307872295379639
19,0.9612305164337158,0.12999647855758667,0.7258651852607727,1.8985786437988281
20,0.9616519212722778,0.13097970187664032,0.7021858096122742,1.1194429397583008
21,0.9561735987663269,0.17124205827713013,0.6047359108924866,2.909830093383789
22,0.9707121849060059,0.08354738354682922,0.7049180269241333,0.9825168251991272
23,0.9806152582168579,0.06958986818790436,0.6602914333343506,1.6918097734451294
24,0.9782975316047668,0.06711118668317795,0.6757741570472717,1.6580862998962402
25,0.9614412188529968,0.17168283462524414,0.6174863576889038,1.5808154344558716
26,0.9791403412818909,0.0682576596736908,0.6985428333282471,1.8401620388031006
27,0.9631268382072449,0.16508474946022034,0.5500910878181458,4.02992057800293
