epoch,accuracy,loss,val_accuracy,val_loss
0,0.5573114156723022,1.4089516401290894,0.37978142499923706,3.0827529430389404
1,0.6571850180625916,0.9871355295181274,0.4863387942314148,2.2304413318634033
2,0.7020648717880249,0.7996199727058411,0.6420764923095703,0.8964241743087769
3,0.7511588931083679,0.6683834791183472,0.6484517455101013,0.9230111837387085
4,0.7939317226409912,0.5741970539093018,0.6848816275596619,0.9439699649810791
5,0.8063632249832153,0.6687983870506287,0.6794171333312988,1.006669044494629
6,0.8423935770988464,0.47839221358299255,0.6511839628219604,1.7836122512817383
7,0.8571428656578064,0.39350634813308716,0.5846994519233704,1.9274051189422607
8,0.8721027970314026,0.36062565445899963,0.688524603843689,1.154371976852417
9,0.8982300758361816,0.26936787366867065,0.5318761467933655,1.5768489837646484
10,0.9049726128578186,0.2882038354873657,0.5127504467964172,1.719080924987793
11,0.9104509353637695,0.2821909487247467,0.5783241987228394,1.1807011365890503
12,0.9304677844047546,0.2251964956521988,0.5473588109016418,3.290334463119507
13,0.9182469248771667,0.31425127387046814,0.6493625044822693,1.3687185049057007
14,0.9357353448867798,0.25689077377319336,0.6748633980751038,1.5537748336791992
15,0.9458491206169128,0.18871501088142395,0.6457194685935974,2.6793558597564697
16,0.9616519212722778,0.14015433192253113,0.6056466102600098,1.6360290050506592
17,0.9393173456192017,0.2152390331029892,0.5965391397476196,1.6332371234893799
18,0.9629161357879639,0.10693812370300293,0.6275045275688171,1.5277178287506104
19,0.9646017551422119,0.10514399409294128,0.7067395448684692,1.3787399530410767
20,0.9698693752288818,0.1084277480840683,0.6903460621833801,1.4523749351501465
21,0.975136935710907,0.07341550290584564,0.48724955320358276,2.3373842239379883
22,0.973872721195221,0.08601965010166168,0.6393442749977112,2.0786633491516113
23,0.9677623510360718,0.1082574874162674,0.6794171333312988,1.797562837600708
24,0.9639696478843689,0.14017905294895172,0.7459016442298889,1.2899657487869263
25,0.9711335897445679,0.11581451445817947,0.7003642916679382,1.4046262502670288
26,0.9804045557975769,0.08195860683917999,0.6894353628158569,1.8772101402282715
27,0.9799831509590149,0.09596400707960129,0.6548269391059875,1.8484351634979248
