epoch,accuracy,loss,val_accuracy,val_loss
0,0.5560472011566162,1.3772469758987427,0.438069224357605,4.1523566246032715
1,0.6616097688674927,0.9617430567741394,0.4134790599346161,1.750113844871521
2,0.7107037305831909,0.783888041973114,0.6684881448745728,0.7740424275398254
3,0.753898024559021,0.7837117910385132,0.6083788871765137,1.0617828369140625
4,0.7774968147277832,0.6486169695854187,0.688524603843689,1.2936478853225708
5,0.7903497815132141,0.5620917677879333,0.7131147384643555,1.0541112422943115
6,0.8413400650024414,0.4385020136833191,0.6347905397415161,1.1936379671096802
7,0.8348082304000854,0.48164984583854675,0.6029143929481506,1.5487784147262573
8,0.8693636655807495,0.3902316093444824,0.6138433218002319,1.5717124938964844
9,0.8843236565589905,0.33578529953956604,0.6639344096183777,1.6354135274887085
10,0.8796881437301636,0.38798484206199646,0.6958105564117432,1.1543365716934204
11,0.8992835879325867,0.33910462260246277,0.561020016670227,2.211106777191162
12,0.9056047201156616,0.3018474578857422,0.5500910878181458,1.4286867380142212
13,0.9167720079421997,0.2930564880371094,0.6557376980781555,1.2283618450164795
14,0.9157184958457947,0.3093793988227844,0.6775956153869629,1.4868353605270386
15,0.9211968183517456,0.28351202607154846,0.6639344096183777,1.5287692546844482
16,0.9549093842506409,0.14429955184459686,0.6457194685935974,1.7655361890792847
17,0.9500632286071777,0.15656080842018127,0.6803278923034668,1.6381293535232544
18,0.9570164084434509,0.14330150187015533,0.6785063743591309,2.059427261352539
19,0.9561735987663269,0.17885887622833252,0.5173041820526123,2.676161289215088
