epoch,accuracy,loss,val_accuracy,val_loss
0,0.5512009859085083,1.3853323459625244,0.438069224357605,3.931324005126953
1,0.6386430859565735,0.9924717545509338,0.4581056535243988,2.4687447547912598
2,0.7142857313156128,0.7658640742301941,0.5510018467903137,1.1416481733322144
3,0.7517910003662109,0.6867259740829468,0.6612021923065186,1.0374809503555298
4,0.7766540050506592,0.6856305599212646,0.5992714166641235,1.2200804948806763
5,0.8150020837783813,0.5086050033569336,0.7249544858932495,0.9375990629196167
6,0.8358618021011353,0.4561888873577118,0.6857923269271851,1.2362418174743652
7,0.8567214608192444,0.40596193075180054,0.6693989038467407,2.1149368286132812
8,0.8676780462265015,0.389218270778656,0.686703085899353,1.2538721561431885
9,0.8860092759132385,0.3377557694911957,0.6639344096183777,1.2785911560058594
10,0.8961230516433716,0.32756221294403076,0.5956284403800964,3.1963789463043213
11,0.9131900668144226,0.2586109936237335,0.631147563457489,1.1819692850112915
12,0.8857985734939575,0.4140045940876007,0.6712204217910767,1.8646740913391113
13,0.9298356771469116,0.22478805482387543,0.6484517455101013,1.409704327583313
14,0.9264643788337708,0.26226937770843506,0.6666666865348816,2.5704128742218018
15,0.9397387504577637,0.21208518743515015,0.6857923269271851,1.5172685384750366
16,0.9509060382843018,0.16572603583335876,0.5765027403831482,2.560673952102661
17,0.9618626236915588,0.12563632428646088,0.6894353628158569,2.2223761081695557
18,0.9605984091758728,0.14143146574497223,0.6684881448745728,1.4817312955856323
19,0.9692372679710388,0.14377814531326294,0.6029143929481506,1.4403272867202759
20,0.9593341946601868,0.12568208575248718,0.688524603843689,1.5252964496612549
21,0.9605984091758728,0.15431205928325653,0.6584699749946594,2.266197919845581
22,0.973872721195221,0.09884951263666153,0.5792349576950073,2.7295515537261963
23,0.966708779335022,0.1155647560954094,0.6557376980781555,1.445111870765686
24,0.974083423614502,0.08942845463752747,0.6548269391059875,1.856873869895935
25,0.9782975316047668,0.08622223138809204,0.6857923269271851,3.535464286804199
26,0.9692372679710388,0.10806670784950256,0.6320582628250122,2.494917631149292
27,0.9719763994216919,0.11836069822311401,0.5983606576919556,2.5425848960876465
28,0.975558340549469,0.09477259963750839,0.7422586679458618,1.1669408082962036
29,0.9709228873252869,0.11315301805734634,0.5737704634666443,4.657811641693115
