epoch,accuracy,loss,val_accuracy,val_loss
0,0.5522545576095581,1.3449838161468506,0.4335154891014099,3.4367806911468506
1,0.6628739833831787,0.9671480059623718,0.34608379006385803,1.6694756746292114
2,0.7071217894554138,0.8282762765884399,0.6438980102539062,0.9744027853012085
3,0.756005048751831,0.719495415687561,0.6092896461486816,0.9057751893997192
4,0.8059418201446533,0.5684328675270081,0.6429872512817383,1.1793098449707031
5,0.8086810111999512,0.5623660087585449,0.6329690217971802,1.2283469438552856
6,0.8428149819374084,0.4177735447883606,0.6029143929481506,1.2407708168029785
7,0.8461862802505493,0.4445931017398834,0.6056466102600098,1.498553991317749
8,0.8657817244529724,0.40566855669021606,0.6903460621833801,1.0379672050476074
9,0.8796881437301636,0.41193681955337524,0.43533697724342346,2.5759036540985107
10,0.8982300758361816,0.2938888370990753,0.5983606576919556,1.4863380193710327
11,0.9184576272964478,0.2438550442457199,0.45992714166641235,2.351217746734619
12,0.9125579595565796,0.29778456687927246,0.682149350643158,1.6042985916137695
13,0.9382637739181519,0.19333092868328094,0.5118396878242493,2.460777521133423
14,0.9346818327903748,0.21061654388904572,0.6630236506462097,1.6122761964797974
15,0.9523809552192688,0.1648232489824295,0.6375227570533752,2.1788904666900635
16,0.9591234922409058,0.11697901040315628,0.6083788871765137,1.6435277462005615
17,0.9509060382843018,0.15164092183113098,0.5591985583305359,2.981262445449829
18,0.9570164084434509,0.1256767064332962,0.5910747051239014,3.6778247356414795
19,0.9587020874023438,0.13363419473171234,0.6675773859024048,1.6350206136703491
20,0.973872721195221,0.07289151847362518,0.5282331705093384,2.434386968612671
21,0.965865969657898,0.1203383207321167,0.6575592160224915,1.8344042301177979
22,0.9656552672386169,0.14125725626945496,0.6530054807662964,1.5663776397705078
23,0.9637589454650879,0.17178979516029358,0.5947176814079285,2.7537591457366943
24,0.9702907800674438,0.10583832114934921,0.6539162397384644,2.0722382068634033
25,0.9726085066795349,0.10513268411159515,0.6593806743621826,1.664515733718872
26,0.9721871018409729,0.10613919794559479,0.5373406410217285,4.038797378540039
27,0.9787189364433289,0.078700490295887,0.7076502442359924,1.812730073928833
28,0.9858828783035278,0.04604843258857727,0.5792349576950073,1.9990655183792114
