epoch,accuracy,loss,val_accuracy,val_loss
0,0.5539401769638062,1.4035290479660034,0.4863387942314148,4.014307975769043
1,0.6546565294265747,1.0103915929794312,0.36612021923065186,2.1397736072540283
2,0.7102823257446289,0.8218163847923279,0.5737704634666443,1.0302461385726929
3,0.7652760148048401,0.6733846068382263,0.688524603843689,0.7768930792808533
4,0.7914032936096191,0.5616242289543152,0.6921675801277161,1.1662193536758423
5,0.8183733820915222,0.5381890535354614,0.6402550339698792,1.198622465133667
6,0.8369153141975403,0.44050678610801697,0.6630236506462097,1.224495768547058
7,0.8472397923469543,0.4596530497074127,0.6511839628219604,1.6765462160110474
8,0.8680994510650635,0.37837111949920654,0.6466302275657654,1.1671496629714966
9,0.8874841928482056,0.3531477153301239,0.7122039794921875,0.9165293574333191
10,0.9049726128578186,0.28146499395370483,0.5728597640991211,1.4709529876708984
11,0.9085545539855957,0.2927297353744507,0.6948997974395752,1.5348169803619385
12,0.9182469248771667,0.27450165152549744,0.7021858096122742,1.0738974809646606
13,0.9241466522216797,0.27856406569480896,0.6293260455131531,1.1249535083770752
14,0.9410029649734497,0.17329555749893188,0.5418943762779236,1.9973224401474
15,0.9447956085205078,0.1803150177001953,0.6657559275627136,1.6197307109832764
16,0.9496418237686157,0.22566716372966766,0.6138433218002319,2.1157877445220947
17,0.9639696478843689,0.13014201819896698,0.3324225842952728,4.780910015106201
18,0.9492204189300537,0.18150849640369415,0.7003642916679382,1.0942673683166504
19,0.9620733261108398,0.13093362748622894,0.5992714166641235,1.9814715385437012
20,0.9650231599807739,0.1441589891910553,0.687613844871521,2.117173910140991
21,0.9635482430458069,0.12715643644332886,0.6065573692321777,1.567396879196167
22,0.9690265655517578,0.10780075192451477,0.6912568211555481,1.6623789072036743
23,0.9610198140144348,0.14548395574092865,0.562841534614563,3.519015073776245
24,0.9574378132820129,0.13271991908550262,0.5983606576919556,3.0145576000213623
25,0.9688158631324768,0.14702773094177246,0.5546448230743408,4.639260768890381
26,0.976401150226593,0.07493498176336288,0.6903460621833801,1.9498918056488037
27,0.9875684976577759,0.03749305382370949,0.7531875967979431,1.19130277633667
28,0.985672116279602,0.04854566231369972,0.7386156916618347,1.936262607574463
