epoch,accuracy,loss,val_accuracy,val_loss
0,0.5167714953422546,1.3471256494522095,0.5454545617103577,0.7006720304489136
1,0.5597484111785889,1.1487891674041748,0.5454545617103577,0.849374532699585
2,0.545073390007019,1.239592432975769,0.5454545617103577,1.127603530883789
3,0.6027253866195679,1.075237512588501,0.5454545617103577,1.1971462965011597
4,0.6058700084686279,1.0051875114440918,0.5454545617103577,1.4119621515274048
5,0.606918215751648,0.9595701694488525,0.5404040217399597,1.2293568849563599
6,0.6194968819618225,0.8291134834289551,0.5404040217399597,1.2087794542312622
7,0.6540880799293518,0.9382169842720032,0.5454545617103577,1.1338645219802856
8,0.6593291163444519,0.8419666886329651,0.5404040217399597,1.4254460334777832
9,0.6708595156669617,0.7904404997825623,0.5303030014038086,1.3577139377593994
10,0.6928721070289612,0.7550286054611206,0.5050504803657532,1.3187482357025146
11,0.704402506351471,0.7367006540298462,0.5050504803657532,0.9946539998054504
12,0.7201257944107056,0.7283176183700562,0.5959596037864685,0.8163244724273682
13,0.7358490824699402,0.6238946914672852,0.6767676472663879,0.7714320421218872
14,0.7316561937332153,0.6376745700836182,0.7323232293128967,0.730717122554779
15,0.7924528121948242,0.5134729146957397,0.5757575631141663,1.9269963502883911
16,0.7683438062667847,0.5412444472312927,0.6666666865348816,0.9233533143997192
17,0.8102725148200989,0.4925849437713623,0.6212121248245239,0.7727146148681641
18,0.8113207817077637,0.4773853123188019,0.5858585834503174,1.3313202857971191
19,0.8113207817077637,0.483085960149765,0.6212121248245239,1.2044525146484375
20,0.8301886916160583,0.4418083131313324,0.6111111044883728,1.528472900390625
21,0.8553459048271179,0.33624354004859924,0.6767676472663879,1.0704452991485596
22,0.8406708836555481,0.3885522484779358,0.6010100841522217,1.616568922996521
23,0.849056601524353,0.34023651480674744,0.631313145160675,1.436572790145874
24,0.8553459048271179,0.34666964411735535,0.6010100841522217,1.9010651111602783
25,0.8773584961891174,0.3524704873561859,0.6010100841522217,1.8572031259536743
