epoch,accuracy,loss,val_accuracy,val_loss
0,0.5146750807762146,1.3886691331863403,0.5454545617103577,0.6929952502250671
1,0.5303983092308044,1.2196505069732666,0.5454545617103577,0.9268002510070801
2,0.5691823959350586,1.1639423370361328,0.5454545617103577,1.1662389039993286
3,0.5712788105010986,1.1460177898406982,0.5454545617103577,1.200600504875183
4,0.6247379183769226,1.0256211757659912,0.5454545617103577,1.52620530128479
5,0.6027253866195679,1.04220712184906,0.5454545617103577,1.304040789604187
6,0.6090146899223328,0.9378257989883423,0.5454545617103577,1.1017783880233765
7,0.6446540951728821,0.8470653891563416,0.5454545617103577,1.2077910900115967
8,0.6551362872123718,0.80781090259552,0.5404040217399597,1.0760315656661987
9,0.6771488189697266,0.7699404358863831,0.469696968793869,1.0670212507247925
10,0.6813417077064514,0.732541561126709,0.4898989796638489,1.0917843580245972
11,0.7169811129570007,0.6534326076507568,0.5101010203361511,0.9611946940422058
12,0.7075471878051758,0.6928883790969849,0.6464646458625793,0.7920288443565369
13,0.7389937043190002,0.6616394519805908,0.7171717286109924,0.666746973991394
14,0.7631027102470398,0.6158018708229065,0.6515151262283325,0.8121460676193237
15,0.7651991844177246,0.55237877368927,0.7575757503509521,0.6840522289276123
16,0.7631027102470398,0.5837204456329346,0.6666666865348816,1.1777706146240234
17,0.7976939082145691,0.5363008379936218,0.6717171669006348,1.037279486656189
18,0.805031418800354,0.458139568567276,0.6111111044883728,2.1466269493103027
19,0.8134171962738037,0.4770631790161133,0.6666666865348816,1.4127863645553589
20,0.8165618181228638,0.43938347697257996,0.6262626051902771,1.333486557006836
21,0.8155136108398438,0.4601707458496094,0.6717171669006348,1.0368940830230713
22,0.848008394241333,0.394316166639328,0.6767676472663879,0.9204943180084229
23,0.8333333134651184,0.36799362301826477,0.6717171669006348,1.1380716562271118
24,0.8448637127876282,0.38443219661712646,0.6616161465644836,1.293683409690857
25,0.8668763041496277,0.34920477867126465,0.6969696879386902,0.7600486874580383
26,0.8710691928863525,0.3308180868625641,0.6161616444587708,1.6705975532531738
27,0.8721174001693726,0.34820523858070374,0.6818181872367859,1.2535768747329712
28,0.8867924809455872,0.28434982895851135,0.631313145160675,0.9751096963882446
29,0.8784067034721375,0.36437591910362244,0.6565656661987305,0.8645256757736206
30,0.8794549107551575,0.33821502327919006,0.5353535413742065,2.9192378520965576
31,0.8951781988143921,0.26010358333587646,0.6262626051902771,1.136508822441101
32,0.9203354120254517,0.20495517551898956,0.631313145160675,1.1757392883300781
33,0.9297693967819214,0.21072612702846527,0.5707070827484131,1.2588120698928833
34,0.9119496941566467,0.23694609105587006,0.6212121248245239,1.6934959888458252
35,0.9213836193084717,0.1953009068965912,0.5303030014038086,1.342172622680664
36,0.9245283007621765,0.16138827800750732,0.5202020406723022,2.7407708168029785
37,0.9203354120254517,0.1869494616985321,0.46464645862579346,2.34194016456604
38,0.9192872047424316,0.1877414882183075,0.4848484992980957,2.0197978019714355
