epoch,accuracy,loss,val_accuracy,val_loss
0,0.5104821920394897,1.4761642217636108,0.5454545617103577,0.6913063526153564
1,0.5335429906845093,1.2543495893478394,0.5454545617103577,0.8525657057762146
2,0.5870020985603333,1.1761775016784668,0.5454545617103577,1.1385033130645752
3,0.597484290599823,1.017965316772461,0.5454545617103577,1.4301551580429077
4,0.606918215751648,0.9905658960342407,0.5454545617103577,1.2639553546905518
5,0.6268343925476074,0.9418361186981201,0.5454545617103577,1.085225224494934
6,0.6320754885673523,0.8920304775238037,0.5454545617103577,1.1897226572036743
7,0.6593291163444519,0.8194637298583984,0.5353535413742065,1.0422285795211792
8,0.650943398475647,0.7948129773139954,0.5454545617103577,1.23202383518219
9,0.6855345964431763,0.7525990605354309,0.5202020406723022,1.097395658493042
10,0.6928721070289612,0.678648829460144,0.5252525210380554,1.2096953392028809
11,0.705450713634491,0.6930410861968994,0.4848484992980957,0.9005009531974792
12,0.7232704162597656,0.646181583404541,0.6565656661987305,0.6496676802635193
13,0.7442348003387451,0.5907158851623535,0.747474730014801,0.5100216865539551
14,0.7536687850952148,0.6419416666030884,0.6868686676025391,0.6222645044326782
15,0.7631027102470398,0.562110960483551,0.691919207572937,0.6629615426063538
16,0.7662473917007446,0.5498223900794983,0.5909090638160706,1.0980007648468018
17,0.7798742055892944,0.5013241171836853,0.6969696879386902,0.841771125793457
18,0.8249475955963135,0.4349425733089447,0.5454545617103577,1.7455239295959473
19,0.8060796856880188,0.4818097651004791,0.5858585834503174,0.9515068531036377
20,0.8218029141426086,0.45568498969078064,0.6161616444587708,1.212184190750122
21,0.802935004234314,0.49498358368873596,0.6515151262283325,0.9151413440704346
22,0.849056601524353,0.3786282539367676,0.6969696879386902,0.9526259303092957
23,0.8658280968666077,0.34012287855148315,0.6010100841522217,1.1767656803131104
24,0.8511530160903931,0.3514382541179657,0.5505050420761108,1.0538243055343628
25,0.8553459048271179,0.3566868305206299,0.6161616444587708,1.2736773490905762
26,0.8721174001693726,0.32210320234298706,0.6212121248245239,1.6633572578430176
27,0.8794549107551575,0.29387393593788147,0.5707070827484131,0.8530092835426331
28,0.8825995922088623,0.2801710367202759,0.5858585834503174,0.8963862657546997
29,0.8962264060974121,0.2606929838657379,0.6161616444587708,1.3313771486282349
30,0.8983228802680969,0.27389711141586304,0.6464646458625793,1.4418941736221313
31,0.9067085981369019,0.22722649574279785,0.5555555820465088,2.053001880645752
32,0.903563916683197,0.21370479464530945,0.5707070827484131,1.7535275220870972
33,0.9150943160057068,0.22607287764549255,0.6565656661987305,1.3541918992996216
34,0.9109014868736267,0.20555360615253448,0.5454545617103577,1.4449841976165771
35,0.9088050127029419,0.22536541521549225,0.6414141654968262,1.2694964408874512
36,0.9381551146507263,0.1431712955236435,0.5303030014038086,2.1061151027679443
37,0.947589099407196,0.15370479226112366,0.5959596037864685,1.4557256698608398
38,0.9371069073677063,0.18020741641521454,0.5202020406723022,2.1229782104492188
