epoch,accuracy,loss,val_accuracy,val_loss
0,0.4863731563091278,1.4638363122940063,0.5454545617103577,0.6926604509353638
1,0.5387840867042542,1.1704943180084229,0.5454545617103577,0.7929315567016602
2,0.5628930926322937,1.2085710763931274,0.5454545617103577,1.1230895519256592
3,0.6320754885673523,0.9930692315101624,0.5454545617103577,1.3274539709091187
4,0.6184486150741577,1.0183141231536865,0.5454545617103577,1.2511944770812988
5,0.6121593117713928,0.9737499356269836,0.5454545617103577,1.4075547456741333
6,0.6194968819618225,0.9563621282577515,0.5454545617103577,1.3934537172317505
7,0.6310272812843323,0.8912534117698669,0.5353535413742065,1.0586735010147095
8,0.6488469839096069,0.8442769050598145,0.5202020406723022,1.242163896560669
9,0.6719077825546265,0.7508449554443359,0.5,1.1642893552780151
10,0.649895191192627,0.855638861656189,0.5050504803657532,1.112957239151001
11,0.7222222089767456,0.7081936001777649,0.49494948983192444,0.9089463353157043
12,0.7117400169372559,0.6995453238487244,0.5959596037864685,0.7704591155052185
13,0.7452830076217651,0.5855618715286255,0.6818181872367859,0.6482654809951782
14,0.7337526082992554,0.6811565160751343,0.7171717286109924,0.6926409602165222
15,0.75262051820755,0.5593568086624146,0.6666666865348816,1.3226433992385864
16,0.8081761002540588,0.42370927333831787,0.6363636255264282,1.0606609582901
17,0.7798742055892944,0.5183918476104736,0.7575757503509521,0.8550367951393127
18,0.805031418800354,0.5027210712432861,0.5858585834503174,2.1503772735595703
19,0.8176100850105286,0.4304707944393158,0.6818181872367859,0.8810608386993408
20,0.8333333134651184,0.4239894151687622,0.7070707082748413,0.6330467462539673
21,0.8333333134651184,0.429265558719635,0.6515151262283325,0.7413421869277954
22,0.8595387935638428,0.3597352206707001,0.6010100841522217,1.2396435737609863
23,0.8259958028793335,0.4296448230743408,0.6767676472663879,1.063421607017517
24,0.8721174001693726,0.3440866768360138,0.6262626051902771,1.0922847986221313
25,0.8763102889060974,0.3185904920101166,0.5656565427780151,1.4728209972381592
26,0.8752620816230774,0.2943515181541443,0.631313145160675,0.9350485801696777
27,0.893081784248352,0.2653101980686188,0.6111111044883728,1.2855124473571777
28,0.8626834154129028,0.3331083357334137,0.5959596037864685,1.4150967597961426
29,0.903563916683197,0.24397151172161102,0.5757575631141663,0.9463708400726318
30,0.8752620816230774,0.33352231979370117,0.5959596037864685,1.576470136642456
31,0.9119496941566467,0.24251678586006165,0.5555555820465088,1.1093744039535522
32,0.8983228802680969,0.24006396532058716,0.5656565427780151,1.6398794651031494
33,0.9140461087226868,0.20826725661754608,0.5656565427780151,1.918701171875
34,0.9266247153282166,0.19377095997333527,0.6262626051902771,1.4664249420166016
35,0.9381551146507263,0.1813112497329712,0.560606062412262,1.652536153793335
36,0.9129979014396667,0.22352521121501923,0.5101010203361511,2.401693344116211
37,0.9496855139732361,0.1426021307706833,0.5454545617103577,1.4642151594161987
38,0.9371069073677063,0.16426949203014374,0.5303030014038086,1.4900404214859009
39,0.9444444179534912,0.15092137455940247,0.5101010203361511,1.8731715679168701
40,0.9392033815383911,0.16575853526592255,0.5202020406723022,1.5743255615234375
41,0.9392033815383911,0.13967759907245636,0.6161616444587708,1.7064833641052246
42,0.946540892124176,0.18405726552009583,0.5656565427780151,2.1769912242889404
43,0.9423480033874512,0.12937946617603302,0.6010100841522217,0.9913573861122131
44,0.9486373066902161,0.14292751252651215,0.5505050420761108,1.6530388593673706
45,0.9423480033874512,0.15074551105499268,0.5505050420761108,2.0829780101776123
