epoch,accuracy,loss,val_accuracy,val_loss
0,0.49580714106559753,1.3380227088928223,0.5454545617103577,0.6949495077133179
1,0.5419287085533142,1.2489153146743774,0.5454545617103577,0.8095083236694336
2,0.553459107875824,1.2504373788833618,0.5454545617103577,1.207038164138794
3,0.5807127952575684,1.104024052619934,0.5454545617103577,1.5489071607589722
4,0.599580705165863,1.0525990724563599,0.5454545617103577,1.4950885772705078
5,0.6215932965278625,1.0047539472579956,0.5454545617103577,1.47685968875885
6,0.6656184196472168,0.8739083409309387,0.5454545617103577,1.2710553407669067
7,0.6310272812843323,0.9141845107078552,0.5454545617103577,1.5877145528793335
8,0.6656184196472168,0.7835658192634583,0.5454545617103577,1.6058307886123657
9,0.6708595156669617,0.8167024254798889,0.5454545617103577,1.4704035520553589
10,0.6698113083839417,0.8030014038085938,0.5202020406723022,1.2664146423339844
11,0.6939203143119812,0.74613356590271,0.5252525210380554,1.0252758264541626
12,0.7002096176147461,0.6945051550865173,0.7121211886405945,0.5846307277679443
13,0.7589098811149597,0.6612664461135864,0.7575757503509521,0.6378698945045471
14,0.7327044010162354,0.6160465478897095,0.631313145160675,1.159407615661621
15,0.74947589635849,0.5960420370101929,0.6969696879386902,0.8214110732078552
16,0.7746331095695496,0.5204014778137207,0.560606062412262,2.0815534591674805
17,0.7872117161750793,0.5800864696502686,0.6414141654968262,1.3590260744094849
18,0.8113207817077637,0.45729416608810425,0.5505050420761108,1.8422147035598755
19,0.8008385896682739,0.44063109159469604,0.5707070827484131,1.3494457006454468
20,0.8228511810302734,0.4253586530685425,0.5909090638160706,1.6477223634719849
21,0.8364779949188232,0.4160783290863037,0.6464646458625793,1.4466590881347656
22,0.8322851061820984,0.418530136346817,0.6717171669006348,1.3892160654067993
23,0.8563941121101379,0.334627240896225,0.7121211886405945,0.8091736435890198
24,0.8731656074523926,0.32624855637550354,0.5909090638160706,1.6186922788619995
25,0.8637316823005676,0.32790088653564453,0.6010100841522217,1.8229376077651978
26,0.8605870008468628,0.34458261728286743,0.5757575631141663,1.854110836982727
27,0.8941299915313721,0.28673961758613586,0.560606062412262,2.823984384536743
28,0.8742138147354126,0.32822197675704956,0.5303030014038086,2.697141170501709
29,0.8857442140579224,0.27955591678619385,0.5707070827484131,2.0360472202301025
30,0.8951781988143921,0.2703688144683838,0.6616161465644836,1.240283727645874
31,0.9203354120254517,0.19654686748981476,0.6212121248245239,1.5358906984329224
32,0.8909853100776672,0.32530003786087036,0.5050504803657532,1.6703439950942993
33,0.9297693967819214,0.1813509464263916,0.5808081030845642,1.4925888776779175
34,0.9161425828933716,0.23931577801704407,0.5909090638160706,1.2526956796646118
35,0.9339622855186462,0.1814403533935547,0.6212121248245239,1.8360997438430786
36,0.9360587000846863,0.16569581627845764,0.6616161465644836,1.4669474363327026
37,0.9276729822158813,0.18037985265254974,0.5757575631141663,1.9357311725616455
