epoch,accuracy,loss,val_accuracy,val_loss
0,0.5209643840789795,1.3539173603057861,0.5454545617103577,0.7168073058128357
1,0.5178197026252747,1.2547551393508911,0.5454545617103577,0.8605026006698608
2,0.5890985131263733,1.1559330224990845,0.5454545617103577,1.04519784450531
3,0.5838574171066284,1.148360013961792,0.5454545617103577,1.3179669380187988
4,0.6289308071136475,1.00590181350708,0.5454545617103577,1.2112948894500732
5,0.6153039932250977,0.9499407410621643,0.5454545617103577,1.307016372680664
6,0.6331236958503723,0.9985933899879456,0.5454545617103577,1.2905962467193604
7,0.6257861852645874,0.928790807723999,0.5404040217399597,0.9836456775665283
8,0.6677148938179016,0.8676647543907166,0.5454545617103577,1.2279001474380493
9,0.6834381818771362,0.773377001285553,0.5303030014038086,1.0342642068862915
10,0.6813417077064514,0.7931707501411438,0.5101010203361511,1.0433553457260132
11,0.7023060917854309,0.7077546119689941,0.4444444477558136,0.9803732633590698
12,0.704402506351471,0.7292832136154175,0.6262626051902771,0.7686417698860168
13,0.7274633049964905,0.6394161581993103,0.6515151262283325,0.651333749294281
14,0.7620545029640198,0.5602712035179138,0.6414141654968262,0.9535516500473022
15,0.7651991844177246,0.619608998298645,0.6969696879386902,0.9128427505493164
16,0.74947589635849,0.5871157646179199,0.691919207572937,0.6020298004150391
17,0.7809224128723145,0.5248902440071106,0.6363636255264282,0.9367020130157471
18,0.802935004234314,0.4783499538898468,0.7424242496490479,0.9184770584106445
19,0.7924528121948242,0.4735889434814453,0.6111111044883728,1.0431506633758545
20,0.8060796856880188,0.44622135162353516,0.6060606241226196,1.5425888299942017
21,0.8197064995765686,0.45948532223701477,0.5353535413742065,0.9441409111022949
22,0.8354297876358032,0.40026700496673584,0.5707070827484131,1.6844888925552368
23,0.8427672982215881,0.396101713180542,0.5858585834503174,1.5997645854949951
24,0.8616352081298828,0.342632532119751,0.5454545617103577,2.119296073913574
25,0.8417190909385681,0.3518044650554657,0.6363636255264282,1.1254914999008179
26,0.8731656074523926,0.3285169005393982,0.6060606241226196,1.0165826082229614
27,0.8522012829780579,0.3790430426597595,0.6616161465644836,1.0182777643203735
28,0.8920335173606873,0.2818230986595154,0.631313145160675,0.9276123046875
29,0.8962264060974121,0.27803924679756165,0.6818181872367859,1.1140938997268677
30,0.8878406882286072,0.2924586236476898,0.6515151262283325,1.2828044891357422
31,0.8805031180381775,0.30141758918762207,0.5656565427780151,2.095482110977173
32,0.8888888955116272,0.2745785713195801,0.6010100841522217,1.4720120429992676
33,0.9098532199859619,0.22814035415649414,0.6212121248245239,1.1878926753997803
34,0.9182389974594116,0.23185265064239502,0.6262626051902771,1.3108628988265991
35,0.9213836193084717,0.23238196969032288,0.6262626051902771,2.294671058654785
36,0.9297693967819214,0.19496199488639832,0.6464646458625793,1.8891650438308716
37,0.9329140186309814,0.1902138888835907,0.5757575631141663,1.5415842533111572
38,0.9203354120254517,0.21632102131843567,0.5959596037864685,1.7924208641052246
39,0.9329140186309814,0.17171023786067963,0.6111111044883728,1.6955403089523315
40,0.9371069073677063,0.15752728283405304,0.5858585834503174,2.1715192794799805
41,0.9392033815383911,0.17654922604560852,0.5656565427780151,1.6237441301345825
