epoch,accuracy,loss,val_accuracy,val_loss
0,0.5461215972900391,1.2698829174041748,0.5454545617103577,0.6922276020050049
1,0.5345911979675293,1.226889729499817,0.5454545617103577,0.8319191336631775
2,0.544025182723999,1.3132394552230835,0.5454545617103577,1.116698145866394
3,0.5922431945800781,1.082853078842163,0.5353535413742065,1.1888149976730347
4,0.6278825998306274,0.9479140043258667,0.5252525210380554,1.2282037734985352
5,0.6184486150741577,0.9675097465515137,0.5454545617103577,1.4273148775100708
6,0.6310272812843323,0.9117302894592285,0.5454545617103577,1.0756003856658936
7,0.6299790143966675,0.9401949048042297,0.5454545617103577,1.2370270490646362
8,0.6635220050811768,0.7783327102661133,0.5454545617103577,1.6169973611831665
9,0.7180293798446655,0.7206681966781616,0.5303030014038086,1.339184045791626
10,0.6865828037261963,0.7782202363014221,0.5202020406723022,1.2183291912078857
11,0.7169811129570007,0.6738216876983643,0.5,0.945683479309082
12,0.7075471878051758,0.7457740902900696,0.5909090638160706,0.7680409550666809
13,0.7348008155822754,0.632131040096283,0.6767676472663879,0.6630347371101379
14,0.7327044010162354,0.6421533823013306,0.5959596037864685,1.1851670742034912
15,0.7578616142272949,0.5681167840957642,0.5555555820465088,1.2351559400558472
16,0.7578616142272949,0.5400168895721436,0.5959596037864685,1.2885514497756958
17,0.7809224128723145,0.5174174308776855,0.5757575631141663,0.7403027415275574
18,0.8270440101623535,0.4143846035003662,0.6717171669006348,1.0755620002746582
19,0.7924528121948242,0.49557021260261536,0.6717171669006348,0.9992722868919373
20,0.8354297876358032,0.4013151228427887,0.6767676472663879,1.4630472660064697
21,0.8186582922935486,0.45007485151290894,0.6262626051902771,1.3255685567855835
22,0.8312368988990784,0.42047956585884094,0.6363636255264282,1.67659592628479
23,0.8448637127876282,0.3784849941730499,0.6161616444587708,1.2163500785827637
24,0.8459119200706482,0.4011531472206116,0.6060606241226196,1.7008546590805054
25,0.8553459048271179,0.3388872742652893,0.631313145160675,1.2462682723999023
26,0.8626834154129028,0.3117338716983795,0.5505050420761108,1.168034315109253
27,0.8846960067749023,0.29673561453819275,0.5303030014038086,1.9258018732070923
28,0.9088050127029419,0.24713534116744995,0.5353535413742065,1.5405384302139282
29,0.8878406882286072,0.291643351316452,0.6010100841522217,1.0785510540008545
30,0.8836477994918823,0.29286742210388184,0.631313145160675,1.5781985521316528
31,0.9140461087226868,0.2104160636663437,0.6464646458625793,1.3079179525375366
32,0.9329140186309814,0.19983449578285217,0.6414141654968262,1.423536777496338
33,0.8983228802680969,0.24697016179561615,0.6717171669006348,1.0849865674972534
34,0.9371069073677063,0.17661167681217194,0.5707070827484131,2.2630817890167236
35,0.9266247153282166,0.22235293686389923,0.5858585834503174,1.554149866104126
36,0.9224318861961365,0.21111491322517395,0.6666666865348816,1.20063054561615
37,0.9276729822158813,0.18581311404705048,0.5656565427780151,2.0935542583465576
38,0.945492684841156,0.16806861758232117,0.5909090638160706,1.9945213794708252
