epoch,accuracy,loss,val_accuracy,val_loss
0,0.48427674174308777,1.387304663658142,0.5454545617103577,0.6930841207504272
1,0.5188679099082947,1.2670221328735352,0.5454545617103577,0.8460361361503601
2,0.5670859813690186,1.1303200721740723,0.5454545617103577,1.040027379989624
3,0.6247379183769226,0.9973692297935486,0.5454545617103577,1.2119479179382324
4,0.6236897110939026,1.0283277034759521,0.5454545617103577,1.194264531135559
5,0.606918215751648,0.9874505400657654,0.5454545617103577,1.292400598526001
6,0.6247379183769226,0.9800291061401367,0.5454545617103577,1.4149079322814941
7,0.653039813041687,0.8635199666023254,0.5252525210380554,0.9816187620162964
8,0.6656184196472168,0.8195211887359619,0.5454545617103577,1.433791995048523
9,0.6687631011009216,0.8170396685600281,0.5404040217399597,1.3181358575820923
10,0.6907756924629211,0.7421375513076782,0.5353535413742065,1.2650136947631836
11,0.7180293798446655,0.7074921727180481,0.49494948983192444,0.9582117199897766
12,0.704402506351471,0.710571825504303,0.631313145160675,0.9805811643600464
13,0.6781970858573914,0.756233274936676,0.5808081030845642,1.070776104927063
14,0.75052410364151,0.6440994739532471,0.6010100841522217,0.8588617444038391
15,0.7651991844177246,0.5448952317237854,0.6414141654968262,0.8853832483291626
16,0.7851153016090393,0.5961911082267761,0.7171717286109924,0.6549893617630005
17,0.7872117161750793,0.49128371477127075,0.6969696879386902,0.7585601806640625
18,0.7851153016090393,0.5310441255569458,0.6464646458625793,1.2945752143859863
19,0.7756813168525696,0.5334588885307312,0.7070707082748413,0.9155057072639465
20,0.8197064995765686,0.47059446573257446,0.5707070827484131,0.8185408115386963
21,0.802935004234314,0.48769593238830566,0.6717171669006348,1.147659420967102
22,0.8375262022018433,0.38769564032554626,0.5808081030845642,1.9064124822616577
23,0.849056601524353,0.3987499475479126,0.5757575631141663,1.5617868900299072
24,0.8312368988990784,0.4114934206008911,0.6414141654968262,0.9515043497085571
25,0.8637316823005676,0.352659672498703,0.6616161465644836,0.7131749987602234
26,0.8605870008468628,0.37503254413604736,0.5959596037864685,1.1418789625167847
27,0.8867924809455872,0.31936463713645935,0.5707070827484131,1.718450665473938
28,0.9067085981369019,0.23694941401481628,0.5757575631141663,1.4472657442092896
29,0.901467502117157,0.243543803691864,0.6969696879386902,1.1370933055877686
30,0.8962264060974121,0.2792881429195404,0.691919207572937,0.8125146627426147
31,0.9067085981369019,0.2492597997188568,0.6464646458625793,1.2907389402389526
32,0.9129979014396667,0.2093929648399353,0.6464646458625793,1.1319811344146729
33,0.8951781988143921,0.3082121014595032,0.6363636255264282,1.1247692108154297
34,0.9360587000846863,0.1805679351091385,0.691919207572937,0.8949449062347412
35,0.9140461087226868,0.22142982482910156,0.6060606241226196,1.4021711349487305
36,0.9350104928016663,0.1660996377468109,0.6111111044883728,1.5063834190368652
37,0.9213836193084717,0.18735440075397491,0.6010100841522217,1.2444217205047607
38,0.9381551146507263,0.17452429234981537,0.6010100841522217,1.928722620010376
39,0.9402515888214111,0.17062373459339142,0.5858585834503174,1.597137451171875
40,0.9381551146507263,0.19368495047092438,0.5505050420761108,1.9953335523605347
41,0.9318658113479614,0.17521274089813232,0.5808081030845642,1.4410459995269775
