epoch,accuracy,loss,val_accuracy,val_loss
0,0.5345911979675293,1.317918062210083,0.5454545617103577,0.7081330418586731
1,0.5303983092308044,1.3184990882873535,0.5454545617103577,0.8071585893630981
2,0.5566037893295288,1.1625876426696777,0.5454545617103577,1.2003554105758667
3,0.5639412999153137,1.1227730512619019,0.5454545617103577,1.211387276649475
4,0.5911949872970581,1.0182158946990967,0.5454545617103577,1.667702078819275
5,0.6289308071136475,0.9201807379722595,0.5454545617103577,1.549504280090332
6,0.6467505097389221,0.8845614194869995,0.5454545617103577,1.0686684846878052
7,0.6477987170219421,0.8722493648529053,0.5404040217399597,1.2209711074829102
8,0.649895191192627,0.8878713250160217,0.5404040217399597,1.3930165767669678
9,0.7075471878051758,0.7213727235794067,0.5404040217399597,1.2487926483154297
10,0.696016788482666,0.759722888469696,0.4595959484577179,1.0706396102905273
11,0.7264150977134705,0.6642040014266968,0.4747474789619446,0.9386854767799377
12,0.75052410364151,0.5890530943870544,0.560606062412262,0.8157419562339783
13,0.7117400169372559,0.7003362774848938,0.7222222089767456,0.5887303352355957
14,0.7725366950035095,0.6202483773231506,0.747474730014801,0.5555261373519897
15,0.7735849022865295,0.6015779376029968,0.6262626051902771,0.8855711221694946
16,0.7809224128723145,0.5243660807609558,0.6212121248245239,0.9288947582244873
17,0.7798742055892944,0.5201311707496643,0.6363636255264282,0.7506855130195618
18,0.8008385896682739,0.49520444869995117,0.6010100841522217,1.1581872701644897
19,0.803983211517334,0.48550570011138916,0.6111111044883728,1.0597976446151733
20,0.8228511810302734,0.3940577507019043,0.5808081030845642,1.7687456607818604
21,0.8092243075370789,0.4212583005428314,0.5858585834503174,2.0825448036193848
22,0.8364779949188232,0.4031435549259186,0.6565656661987305,1.0490922927856445
23,0.8417190909385681,0.3831046223640442,0.6616161465644836,1.3916198015213013
24,0.8427672982215881,0.40014398097991943,0.691919207572937,1.0651452541351318
25,0.8731656074523926,0.3137005865573883,0.7222222089767456,0.9524193406105042
26,0.8637316823005676,0.3384226858615875,0.5505050420761108,1.1277519464492798
27,0.8794549107551575,0.3316410481929779,0.6565656661987305,0.7298808097839355
28,0.8962264060974121,0.2647446095943451,0.6060606241226196,1.0965077877044678
29,0.8888888955116272,0.31701382994651794,0.6969696879386902,0.8571860790252686
30,0.8815513849258423,0.2696504294872284,0.631313145160675,0.9922992587089539
31,0.8867924809455872,0.28648000955581665,0.5909090638160706,1.096566915512085
32,0.8941299915313721,0.26506662368774414,0.5858585834503174,1.336739420890808
33,0.8951781988143921,0.266279935836792,0.6363636255264282,1.46148681640625
34,0.9203354120254517,0.22634032368659973,0.631313145160675,1.781394600868225
35,0.9129979014396667,0.25251305103302,0.5757575631141663,1.1072659492492676
36,0.9266247153282166,0.1839960813522339,0.6818181872367859,0.8649873733520508
37,0.9266247153282166,0.207831010222435,0.5202020406723022,1.1591920852661133
38,0.9119496941566467,0.25172358751296997,0.5151515007019043,2.323822021484375
39,0.9444444179534912,0.1662295013666153,0.5,2.2140753269195557
