epoch,accuracy,loss,val_accuracy,val_loss
0,0.5209643840789795,1.3936575651168823,0.5454545617103577,0.6939616203308105
1,0.5419287085533142,1.2081384658813477,0.5454545617103577,0.8153824210166931
2,0.5890985131263733,1.1178158521652222,0.5454545617103577,1.03574800491333
3,0.5890985131263733,1.033167839050293,0.5454545617103577,1.0917161703109741
4,0.597484290599823,1.0634843111038208,0.5454545617103577,1.2797757387161255
5,0.6247379183769226,0.982205867767334,0.5454545617103577,1.3013949394226074
6,0.6488469839096069,0.9028601050376892,0.5404040217399597,1.0208001136779785
7,0.6362683176994324,0.9254957437515259,0.4444444477558136,0.8001410961151123
8,0.6666666865348816,0.8310180306434631,0.4747474789619446,0.9894189834594727
9,0.6865828037261963,0.7627298831939697,0.5252525210380554,1.2303457260131836
10,0.7190775871276855,0.7245088815689087,0.469696968793869,1.0614025592803955
11,0.7169811129570007,0.7116257548332214,0.5555555820465088,0.8565676212310791
12,0.7064989805221558,0.7066248059272766,0.5757575631141663,0.7871072888374329
13,0.7379454970359802,0.6577004194259644,0.7020202279090881,0.7031780481338501
14,0.7410901188850403,0.5874426364898682,0.631313145160675,1.14277982711792
15,0.7589098811149597,0.6282188296318054,0.7424242496490479,0.7368871569633484
16,0.7651991844177246,0.5515397191047668,0.560606062412262,1.5840742588043213
17,0.7903563976287842,0.5213850736618042,0.6515151262283325,1.2139309644699097
18,0.7997903823852539,0.48741304874420166,0.6969696879386902,1.3246771097183228
19,0.8197064995765686,0.4546976387500763,0.6414141654968262,1.2157117128372192
20,0.8134171962738037,0.4498262405395508,0.6212121248245239,1.3701612949371338
21,0.8092243075370789,0.4622115194797516,0.6666666865348816,1.1579909324645996
22,0.8385744094848633,0.3681584596633911,0.5909090638160706,1.6669739484786987
23,0.8343815803527832,0.3999429941177368,0.6262626051902771,1.7877482175827026
24,0.8668763041496277,0.3100331723690033,0.6010100841522217,1.4977779388427734
25,0.8689727187156677,0.2964971959590912,0.6111111044883728,1.5594960451126099
