epoch,accuracy,loss,val_accuracy,val_loss
0,0.5398322939872742,1.4166148900985718,0.5454545617103577,0.7122416496276855
1,0.5953878164291382,1.1251765489578247,0.5454545617103577,1.1599549055099487
2,0.6624737977981567,0.9830321073532104,0.5454545617103577,1.140443205833435
3,0.705450713634491,0.7863556742668152,0.5454545617103577,2.066788911819458
4,0.7578616142272949,0.671406090259552,0.5454545617103577,4.160306453704834
5,0.7840670943260193,0.594180703163147,0.5454545617103577,4.1838250160217285
6,0.8060796856880188,0.5521587133407593,0.5454545617103577,3.5591812133789062
7,0.8385744094848633,0.5561938881874084,0.5454545617103577,4.009021759033203
8,0.8584905862808228,0.3964327573776245,0.5454545617103577,3.8768491744995117
9,0.8658280968666077,0.47138720750808716,0.5454545617103577,4.3483500480651855
10,0.8658280968666077,0.33952605724334717,0.5252525210380554,3.501011610031128
11,0.9077568054199219,0.29874488711357117,0.469696968793869,2.3113086223602295
12,0.9329140186309814,0.2014777511358261,0.5707070827484131,1.602889895439148
13,0.9171907901763916,0.25305137038230896,0.5404040217399597,1.7178313732147217
14,0.9308176040649414,0.21416477859020233,0.5353535413742065,3.3539187908172607
15,0.947589099407196,0.14247074723243713,0.4545454680919647,1.900381088256836
16,0.9496855139732361,0.14247553050518036,0.3232323229312897,3.4125685691833496
17,0.9612159132957458,0.09041572362184525,0.4595959484577179,4.152898788452148
18,0.9643605947494507,0.09737130999565125,0.4292929172515869,3.798482894897461
19,0.9496855139732361,0.18996675312519073,0.6616161465644836,1.8272510766983032
20,0.9591194987297058,0.1192455142736435,0.5656565427780151,4.367047309875488
21,0.9685534834861755,0.11740894615650177,0.28787878155708313,7.487254619598389
22,0.9737945199012756,0.08400750905275345,0.47979798913002014,2.6656429767608643
23,0.9727463126182556,0.11003082245588303,0.4747474789619446,3.244809865951538
24,0.9905660152435303,0.028479792177677155,0.47979798913002014,4.285472393035889
25,0.9842767119407654,0.0811084508895874,0.6111111044883728,2.4661288261413574
