epoch,accuracy,loss,val_accuracy,val_loss
0,0.552410900592804,1.3962732553482056,0.5454545617103577,0.7878267168998718
1,0.596436083316803,1.1373405456542969,0.5454545617103577,0.9359678030014038
2,0.6436058878898621,0.933748722076416,0.5454545617103577,2.1556177139282227
3,0.7002096176147461,0.8697105050086975,0.5454545617103577,4.008642196655273
4,0.7348008155822754,0.7231715321540833,0.5454545617103577,4.720873832702637
5,0.7756813168525696,0.6877927184104919,0.5454545617103577,5.441894054412842
6,0.794549286365509,0.5565221905708313,0.5454545617103577,5.079314231872559
7,0.8238993883132935,0.4496493935585022,0.5454545617103577,5.723667144775391
8,0.8700209856033325,0.4008735120296478,0.5454545617103577,5.608505725860596
9,0.8899371027946472,0.3250155448913574,0.5454545617103577,4.892526149749756
10,0.9088050127029419,0.2838290333747864,0.5252525210380554,3.8305230140686035
11,0.902515709400177,0.26851069927215576,0.5909090638160706,1.9466851949691772
12,0.9433962106704712,0.1949731856584549,0.6060606241226196,1.8171969652175903
13,0.9444444179534912,0.17896530032157898,0.6818181872367859,1.8256444931030273
14,0.9339622855186462,0.18992920219898224,0.4545454680919647,1.7810744047164917
15,0.9423480033874512,0.18347379565238953,0.4848484992980957,1.4808485507965088
16,0.9423480033874512,0.2532324194908142,0.3787878751754761,2.2930264472961426
17,0.9433962106704712,0.15029318630695343,0.33838382363319397,3.4782323837280273
18,0.9685534834861755,0.1046791821718216,0.4595959484577179,2.361386775970459
19,0.9758909940719604,0.08589669317007065,0.4141414165496826,3.1529128551483154
20,0.9800838828086853,0.04156108200550079,0.39898988604545593,4.007077693939209
21,0.9790356159210205,0.05048622936010361,0.3888888955116272,3.378541946411133
22,0.9758909940719604,0.07895047217607498,0.38383838534355164,4.563651084899902
23,0.9706498980522156,0.06566708534955978,0.38383838534355164,7.101597785949707
24,0.9580712914466858,0.13143347203731537,0.46464645862579346,2.9958271980285645
25,0.9779874086380005,0.04917008802294731,0.4747474789619446,3.20035982131958
