epoch,accuracy,loss,val_accuracy,val_loss
0,0.5345911979675293,1.3439491987228394,0.5454545617103577,0.7256878018379211
1,0.6006289124488831,1.1087253093719482,0.5454545617103577,0.8114784359931946
2,0.6194968819618225,1.028031587600708,0.5454545617103577,1.3096867799758911
3,0.7243186831474304,0.7369330525398254,0.5454545617103577,1.942476511001587
4,0.7536687850952148,0.6465985178947449,0.5454545617103577,3.3814988136291504
5,0.8060796856880188,0.5324167609214783,0.5454545617103577,4.623600959777832
6,0.8102725148200989,0.53631192445755,0.5454545617103577,6.20419979095459
7,0.8658280968666077,0.371289998292923,0.5454545617103577,6.415019989013672
8,0.8752620816230774,0.3992888927459717,0.5454545617103577,4.520179271697998
9,0.9067085981369019,0.2584080994129181,0.5454545617103577,6.0078277587890625
10,0.9067085981369019,0.31133192777633667,0.5404040217399597,4.410401821136475
11,0.9234800934791565,0.2825184762477875,0.6414141654968262,0.9276801347732544
12,0.9255765080451965,0.20616689324378967,0.7727272510528564,0.7340148687362671
13,0.9444444179534912,0.18901066482067108,0.6818181872367859,1.2344797849655151
14,0.9371069073677063,0.18165510892868042,0.5555555820465088,7.2691874504089355
15,0.9350104928016663,0.2705875337123871,0.5656565427780151,6.005468368530273
16,0.9622641801834106,0.14067135751247406,0.5959596037864685,1.8395206928253174
17,0.9601677060127258,0.13668036460876465,0.6060606241226196,2.369852066040039
18,0.9696016907691956,0.10641084611415863,0.5757575631141663,1.413530945777893
19,0.9444444179534912,0.17949365079402924,0.5252525210380554,7.338533878326416
20,0.9591194987297058,0.1726561039686203,0.2373737394809723,8.3001708984375
21,0.947589099407196,0.21398605406284332,0.44949495792388916,5.776957035064697
22,0.9696016907691956,0.11468968540430069,0.21717171370983124,4.8434739112854
23,0.9601677060127258,0.10577349364757538,0.40909090638160706,3.742263078689575
24,0.9853249192237854,0.08888020366430283,0.2626262605190277,3.8046603202819824
25,0.9790356159210205,0.06043466180562973,0.2929292917251587,4.195621013641357
