epoch,accuracy,loss,val_accuracy,val_loss
0,0.5220125913619995,1.53960120677948,0.5454545617103577,0.7102331519126892
1,0.6383647918701172,0.9559301733970642,0.5454545617103577,1.0512205362319946
2,0.6897274851799011,0.8627285957336426,0.5454545617103577,1.2059071063995361
3,0.6823899149894714,0.8323655128479004,0.5454545617103577,2.5494260787963867
4,0.7096436023712158,0.7649057507514954,0.5454545617103577,4.464237213134766
5,0.7672955989837646,0.6856668591499329,0.5454545617103577,4.8682403564453125
6,0.8008385896682739,0.5309861302375793,0.5454545617103577,5.250394344329834
7,0.8731656074523926,0.31929150223731995,0.5454545617103577,5.859706878662109
8,0.8406708836555481,0.4774382412433624,0.5454545617103577,5.373081207275391
9,0.8406708836555481,0.466958612203598,0.5454545617103577,5.520609378814697
10,0.900419294834137,0.32134804129600525,0.5101010203361511,3.4872686862945557
11,0.8962264060974121,0.2588821053504944,0.39898988604545593,1.75282883644104
12,0.9266247153282166,0.24873442947864532,0.7979797720909119,1.0357260704040527
13,0.9182389974594116,0.28290417790412903,0.6262626051902771,1.8910754919052124
14,0.9507337808609009,0.14577078819274902,0.691919207572937,1.443355679512024
15,0.9350104928016663,0.22970157861709595,0.6464646458625793,3.4580070972442627
16,0.9622641801834106,0.14794084429740906,0.6111111044883728,1.569900393486023
17,0.9601677060127258,0.10591895878314972,0.43939393758773804,2.477909803390503
18,0.9633123874664307,0.10412571579217911,0.5656565427780151,3.9815988540649414
19,0.9591194987297058,0.11679869890213013,0.6767676472663879,1.9394538402557373
20,0.9643605947494507,0.16635385155677795,0.469696968793869,4.32206392288208
21,0.9654088020324707,0.12572842836380005,0.6818181872367859,1.5942959785461426
22,0.9706498980522156,0.11302532255649567,0.5101010203361511,3.3101511001586914
23,0.9727463126182556,0.0663541704416275,0.4848484992980957,6.48427152633667
24,0.9696016907691956,0.08599197864532471,0.4848484992980957,14.076058387756348
25,0.9612159132957458,0.12842684984207153,0.3636363744735718,10.117029190063477
