epoch,accuracy,loss,val_accuracy,val_loss
0,0.5890985131263733,1.42738676071167,0.5454545617103577,0.7392128109931946
1,0.597484290599823,1.1426670551300049,0.5454545617103577,0.9046286344528198
2,0.6341719031333923,0.9274622201919556,0.5454545617103577,1.6980305910110474
3,0.7148846983909607,0.8288204073905945,0.5454545617103577,2.612133264541626
4,0.7735849022865295,0.6880154609680176,0.5454545617103577,5.267631530761719
5,0.7809224128723145,0.5995447635650635,0.5454545617103577,5.850127696990967
6,0.8008385896682739,0.5644139647483826,0.5454545617103577,6.705126762390137
7,0.8364779949188232,0.4932226538658142,0.5454545617103577,6.523311138153076
8,0.8668763041496277,0.4019361734390259,0.5454545617103577,6.276601314544678
9,0.8920335173606873,0.32685643434524536,0.5454545617103577,5.99910831451416
10,0.8983228802680969,0.33025822043418884,0.5252525210380554,5.412406921386719
11,0.9161425828933716,0.22345611453056335,0.5555555820465088,1.4877960681915283
12,0.9297693967819214,0.20537300407886505,0.8484848737716675,0.49629130959510803
13,0.9433962106704712,0.15702037513256073,0.7121211886405945,1.3988796472549438
14,0.9360587000846863,0.18795953691005707,0.5555555820465088,5.062541961669922
15,0.9706498980522156,0.08780944347381592,0.5808081030845642,5.542314529418945
16,0.947589099407196,0.1794026792049408,0.631313145160675,1.3479009866714478
17,0.9486373066902161,0.1588602513074875,0.43939393758773804,3.411452054977417
18,0.9716981053352356,0.0980193167924881,0.6464646458625793,3.3672990798950195
19,0.9716981053352356,0.1490243822336197,0.5656565427780151,6.053582191467285
20,0.9528301954269409,0.15950170159339905,0.5707070827484131,6.887809753417969
21,0.955974817276001,0.1225455030798912,0.560606062412262,3.699695348739624
22,0.9601677060127258,0.13729985058307648,0.26767677068710327,7.043606758117676
23,0.9779874086380005,0.059563152492046356,0.26767677068710327,4.7299346923828125
24,0.9758909940719604,0.09468741714954376,0.3232323229312897,9.433977127075195
25,0.9758909940719604,0.10801087319850922,0.5252525210380554,2.076768159866333
26,0.9696016907691956,0.10816805809736252,0.469696968793869,4.3876566886901855
27,0.9685534834861755,0.09844604134559631,0.39393940567970276,6.0790534019470215
28,0.9612159132957458,0.11688607931137085,0.6161616444587708,3.444429636001587
29,0.9696016907691956,0.12925581634044647,0.6060606241226196,3.830798864364624
30,0.9496855139732361,0.17156939208507538,0.3636363744735718,19.63614845275879
31,0.9779874086380005,0.16483572125434875,0.19696970283985138,8.57111644744873
32,0.9685534834861755,0.1171506717801094,0.3181818127632141,4.45833683013916
33,0.9675052165985107,0.1426326334476471,0.3787878751754761,6.912603855133057
34,0.9528301954269409,0.20294828712940216,0.3232323229312897,6.8296356201171875
35,0.9591194987297058,0.15072020888328552,0.2777777910232544,6.184568405151367
36,0.9758909940719604,0.07563161104917526,0.5252525210380554,4.796258926391602
37,0.9654088020324707,0.12411216646432877,0.560606062412262,5.23759651184082
