epoch,accuracy,loss,val_accuracy,val_loss
0,0.5356394052505493,1.3469033241271973,0.5454545617103577,0.8158524632453918
1,0.5838574171066284,1.2087819576263428,0.5454545617103577,1.03868567943573
2,0.6687631011009216,0.8627226948738098,0.5454545617103577,1.517246127128601
3,0.6876310110092163,0.8274039626121521,0.5454545617103577,2.795386791229248
4,0.7410901188850403,0.752551257610321,0.5454545617103577,3.727607488632202
5,0.7714884877204895,0.7128080129623413,0.5454545617103577,3.5773704051971436
6,0.8291404843330383,0.5806860327720642,0.5454545617103577,3.987252950668335
7,0.8186582922935486,0.47370049357414246,0.5454545617103577,4.234466552734375
8,0.8595387935638428,0.4145207107067108,0.5454545617103577,6.594784736633301
9,0.8920335173606873,0.2784438729286194,0.5454545617103577,6.274534702301025
10,0.9129979014396667,0.22341251373291016,0.5404040217399597,4.2943949699401855
11,0.9192872047424316,0.23953092098236084,0.5202020406723022,4.609117031097412
12,0.9486373066902161,0.16417083144187927,0.5757575631141663,3.0624098777770996
13,0.9046121835708618,0.3542775809764862,0.6666666865348816,2.0581722259521484
14,0.946540892124176,0.15153159201145172,0.6212121248245239,1.8688647747039795
15,0.9507337808609009,0.1420430690050125,0.5151515007019043,4.069997787475586
16,0.9266247153282166,0.23437753319740295,0.5050504803657532,5.336350440979004
17,0.9696016907691956,0.12518423795700073,0.44949495792388916,8.228507995605469
18,0.9570230841636658,0.16275295615196228,0.6717171669006348,2.2530384063720703
19,0.9737945199012756,0.10512285679578781,0.38383838534355164,3.510990858078003
20,0.9706498980522156,0.07879181206226349,0.5,3.62211537361145
21,0.9675052165985107,0.1243310421705246,0.4545454680919647,3.114034414291382
22,0.9748427867889404,0.10651469975709915,0.3585858643054962,3.9703516960144043
23,0.9748427867889404,0.09490744024515152,0.3080808222293854,2.6275746822357178
24,0.9612159132957458,0.11355477571487427,0.5656565427780151,2.6842849254608154
25,0.9800838828086853,0.06518213450908661,0.23232322931289673,7.088515281677246
