epoch,accuracy,loss,val_accuracy,val_loss
0,0.5555555820465088,1.3432563543319702,0.5454545617103577,0.7263197302818298
1,0.6016771197319031,1.1768710613250732,0.5454545617103577,1.0863583087921143
2,0.6750524044036865,0.9701060056686401,0.5454545617103577,1.093918800354004
3,0.6886792182922363,0.8148109316825867,0.5454545617103577,1.9747915267944336
4,0.7180293798446655,0.9215041399002075,0.5454545617103577,4.659488677978516
5,0.7851153016090393,0.547397792339325,0.5454545617103577,3.340385913848877
6,0.8207547068595886,0.5636349320411682,0.5454545617103577,4.30828857421875
7,0.8333333134651184,0.4894392490386963,0.5454545617103577,5.378598213195801
8,0.849056601524353,0.38817834854125977,0.5454545617103577,5.512051105499268
9,0.8375262022018433,0.5219175219535828,0.5454545617103577,6.343337535858154
10,0.8857442140579224,0.35617420077323914,0.5151515007019043,3.5187301635742188
11,0.8899371027946472,0.28457722067832947,0.5303030014038086,3.6521153450012207
12,0.9287211894989014,0.22382423281669617,0.560606062412262,2.169166088104248
13,0.9245283007621765,0.22930042445659637,0.8030303120613098,0.5595079064369202
14,0.9444444179534912,0.23021681606769562,0.7878788113594055,1.4424079656600952
15,0.9224318861961365,0.25265687704086304,0.5858585834503174,7.338578701019287
16,0.9329140186309814,0.19615042209625244,0.5151515007019043,5.139762878417969
17,0.9402515888214111,0.18158742785453796,0.5555555820465088,4.6800994873046875
18,0.9727463126182556,0.08137761056423187,0.5656565427780151,2.2459371089935303
19,0.9790356159210205,0.07291568070650101,0.4292929172515869,3.0295400619506836
20,0.9727463126182556,0.07170292735099792,0.32828283309936523,5.265498161315918
21,0.9696016907691956,0.12010219693183899,0.5757575631141663,4.184728622436523
22,0.9580712914466858,0.18764907121658325,0.5808081030845642,2.35017466545105
23,0.9664570093154907,0.10435936599969864,0.6515151262283325,1.165385127067566
24,0.9570230841636658,0.19841696321964264,0.6212121248245239,1.4853805303573608
25,0.9654088020324707,0.11888238042593002,0.42424243688583374,3.3902194499969482
26,0.9748427867889404,0.07168188691139221,0.34343433380126953,4.6966753005981445
27,0.9811320900917053,0.06559403985738754,0.3484848439693451,4.461964130401611
28,0.9884696006774902,0.037149976938962936,0.18686868250370026,7.602480888366699
29,0.9863731861114502,0.03388896584510803,0.2777777910232544,7.342156887054443
30,0.9926624894142151,0.0247182659804821,0.46464645862579346,2.624507188796997
31,0.9853249192237854,0.06664694100618362,0.42424243688583374,4.341659069061279
32,0.9853249192237854,0.04378475621342659,0.3585858643054962,5.625588893890381
33,0.9853249192237854,0.03103962540626526,0.4595959484577179,15.786275863647461
34,0.9853249192237854,0.04350738227367401,0.469696968793869,8.930724143981934
35,0.9790356159210205,0.10161031037569046,0.4191919267177582,6.129191875457764
36,0.9842767119407654,0.05794584006071091,0.21717171370983124,15.004520416259766
37,0.9842767119407654,0.1091056764125824,0.27272728085517883,6.88475227355957
38,0.9842767119407654,0.06590646505355835,0.3232323229312897,6.54044246673584
