epoch,accuracy,loss,val_accuracy,val_loss
0,0.5366876125335693,1.4092994928359985,0.5454545617103577,0.8291209936141968
1,0.6079664826393127,1.0723731517791748,0.5454545617103577,0.7953947186470032
2,0.6677148938179016,0.9252970814704895,0.5454545617103577,0.9732718467712402
3,0.6813417077064514,0.9663781523704529,0.5252525210380554,1.5491911172866821
4,0.7610062956809998,0.6389585137367249,0.5454545617103577,3.62394642829895
5,0.7767295837402344,0.61192387342453,0.5454545617103577,4.387819290161133
6,0.8092243075370789,0.5181811451911926,0.5454545617103577,5.129515647888184
7,0.8417190909385681,0.46845191717147827,0.5454545617103577,5.737015724182129
8,0.8909853100776672,0.32330071926116943,0.5454545617103577,5.88778829574585
9,0.893081784248352,0.28610342741012573,0.5454545617103577,5.884829044342041
10,0.9255765080451965,0.20381101965904236,0.5202020406723022,3.9267029762268066
11,0.9234800934791565,0.24772858619689941,0.6161616444587708,1.0310720205307007
12,0.9287211894989014,0.21960273385047913,0.5151515007019043,0.9967179894447327
13,0.9371069073677063,0.19294686615467072,0.46464645862579346,1.5516573190689087
14,0.9297693967819214,0.24163703620433807,0.6414141654968262,1.0985450744628906
15,0.9423480033874512,0.17487876117229462,0.6262626051902771,2.4187123775482178
16,0.9371069073677063,0.2020292580127716,0.469696968793869,5.309057235717773
17,0.9601677060127258,0.11483743041753769,0.6161616444587708,1.5291692018508911
18,0.9402515888214111,0.16381287574768066,0.4595959484577179,3.500478506088257
19,0.9622641801834106,0.15543383359909058,0.4444444477558136,5.891108989715576
20,0.9643605947494507,0.11031356453895569,0.5,5.401681423187256
21,0.9811320900917053,0.05245117098093033,0.5454545617103577,2.3194260597229004
22,0.9580712914466858,0.12710432708263397,0.47979798913002014,3.1667239665985107
23,0.9748427867889404,0.08265161514282227,0.5505050420761108,1.5595461130142212
24,0.9580712914466858,0.23027630150318146,0.4545454680919647,6.9307332038879395
25,0.9748427867889404,0.08286378532648087,0.6363636255264282,5.7929582595825195
26,0.9675052165985107,0.11315159499645233,0.5404040217399597,5.820759296417236
