epoch,accuracy,loss,val_accuracy,val_loss
0,0.5314465165138245,1.4675776958465576,0.5454545617103577,0.7503353953361511
1,0.5911949872970581,1.2136552333831787,0.5454545617103577,1.2548340559005737
2,0.649895191192627,1.00099515914917,0.5454545617103577,2.8104279041290283
3,0.7232704162597656,0.7387714982032776,0.5454545617103577,4.841134548187256
4,0.7672955989837646,0.6580796241760254,0.5454545617103577,5.5433349609375
5,0.7756813168525696,0.6770246624946594,0.5454545617103577,6.552943229675293
6,0.8238993883132935,0.5432673096656799,0.5454545617103577,5.869639873504639
7,0.850104808807373,0.43866419792175293,0.5454545617103577,6.076864719390869
8,0.8888888955116272,0.28746065497398376,0.5454545617103577,5.873906135559082
9,0.8899371027946472,0.3434123694896698,0.5454545617103577,5.712930202484131
10,0.9402515888214111,0.19403819739818573,0.5404040217399597,4.963388919830322
11,0.9444444179534912,0.16514888405799866,0.4848484992980957,2.7151296138763428
12,0.9129979014396667,0.2706018090248108,0.36868685483932495,2.7941055297851562
13,0.9224318861961365,0.2350405901670456,0.6010100841522217,1.1585322618484497
14,0.9423480033874512,0.21845941245555878,0.5505050420761108,2.061142683029175
15,0.9612159132957458,0.13441573083400726,0.6515151262283325,2.2422516345977783
16,0.955974817276001,0.13826502859592438,0.5353535413742065,2.5995864868164062
17,0.9433962106704712,0.1925055831670761,0.6363636255264282,3.6843507289886475
18,0.9517819881439209,0.1901826560497284,0.6565656661987305,2.679378032684326
19,0.9486373066902161,0.21350637078285217,0.6868686676025391,1.3088462352752686
20,0.955974817276001,0.18170367181301117,0.6262626051902771,2.5664403438568115
21,0.9402515888214111,0.178900808095932,0.5,2.2087173461914062
22,0.9622641801834106,0.12081976234912872,0.26767677068710327,6.474451541900635
23,0.9727463126182556,0.09171293675899506,0.5,2.7593727111816406
24,0.9654088020324707,0.11704830080270767,0.25757575035095215,6.495411396026611
25,0.9643605947494507,0.10148970037698746,0.3484848439693451,9.73753833770752
