epoch,accuracy,loss,val_accuracy,val_loss
0,0.5220125913619995,1.610809087753296,0.5454545617103577,0.7012802362442017
1,0.6257861852645874,1.017704725265503,0.5454545617103577,1.0208237171173096
2,0.7106918096542358,0.8828990459442139,0.5454545617103577,1.9574605226516724
3,0.7190775871276855,0.7921064496040344,0.5454545617103577,5.477812767028809
4,0.7735849022865295,0.6572760343551636,0.5454545617103577,7.140793800354004
5,0.795597493648529,0.562100887298584,0.5454545617103577,6.5100016593933105
6,0.8438155055046082,0.4318382143974304,0.5454545617103577,5.911025524139404
7,0.846960186958313,0.40161368250846863,0.5454545617103577,5.6908650398254395
8,0.8553459048271179,0.4298418164253235,0.5454545617103577,5.703683376312256
9,0.8584905862808228,0.37766626477241516,0.5454545617103577,6.634825229644775
10,0.902515709400177,0.30408236384391785,0.5353535413742065,5.218644142150879
11,0.903563916683197,0.3150343596935272,0.5101010203361511,2.6020214557647705
12,0.9109014868736267,0.3360895812511444,0.7777777910232544,0.6228314638137817
13,0.9171907901763916,0.3436518907546997,0.7575757503509521,1.4100898504257202
14,0.9486373066902161,0.20768283307552338,0.6818181872367859,1.9364503622055054
15,0.9570230841636658,0.12495803087949753,0.5101010203361511,3.4849274158477783
16,0.945492684841156,0.16630496084690094,0.5858585834503174,2.8072643280029297
17,0.9675052165985107,0.1004798486828804,0.6060606241226196,2.1744654178619385
18,0.9758909940719604,0.0619690865278244,0.6969696879386902,2.7136735916137695
19,0.955974817276001,0.1325664222240448,0.4343434274196625,5.941445827484131
20,0.9696016907691956,0.1253080666065216,0.6262626051902771,2.6483051776885986
21,0.954926609992981,0.1978728324174881,0.6111111044883728,4.3136210441589355
22,0.9643605947494507,0.10320845246315002,0.26767677068710327,7.288552761077881
23,0.9654088020324707,0.11396612226963043,0.5959596037864685,5.334782600402832
24,0.9643605947494507,0.09932262450456619,0.6414141654968262,5.1162519454956055
25,0.9570230841636658,0.19483184814453125,0.5303030014038086,7.246306896209717
26,0.9538784027099609,0.1310693919658661,0.4444444477558136,2.733349323272705
27,0.9737945199012756,0.09597426652908325,0.31313130259513855,5.253334045410156
28,0.9779874086380005,0.08343833684921265,0.3232323229312897,5.22296142578125
29,0.9790356159210205,0.054454538971185684,0.5858585834503174,3.3861069679260254
30,0.9748427867889404,0.09036799520254135,0.6464646458625793,4.729779243469238
31,0.9769392013549805,0.08404867351055145,0.4141414165496826,7.189082145690918
32,0.9800838828086853,0.09153896570205688,0.28787878155708313,8.94918441772461
33,0.9800838828086853,0.08937130868434906,0.1666666716337204,14.392818450927734
34,0.9800838828086853,0.05940980464220047,0.38383838534355164,5.620287895202637
35,0.9884696006774902,0.03760531544685364,0.4040403962135315,6.9029083251953125
36,0.9853249192237854,0.04798506945371628,0.36868685483932495,12.606292724609375
37,0.9800838828086853,0.049450457096099854,0.691919207572937,2.210341453552246
