epoch,accuracy,loss,val_accuracy,val_loss
0,0.6914691925048828,0.9011105298995972,0.6257796287536621,0.7626609802246094
1,0.7578198909759521,0.6649940609931946,0.6257796287536621,1.9196308851242065
2,0.8786729574203491,0.4443988502025604,0.40124741196632385,2.6330697536468506
3,0.9099525809288025,0.3487726151943207,0.6299376487731934,2.8321690559387207
4,0.9232227206230164,0.3277769088745117,0.8066527843475342,1.1131738424301147
5,0.9156398177146912,0.3091970980167389,0.8814969062805176,0.4577452540397644
6,0.9350711107254028,0.2214466631412506,0.885654866695404,0.2569587230682373
7,0.9303317666053772,0.2539832890033722,0.8711018562316895,0.7308080196380615
8,0.9412322044372559,0.2293441742658615,0.885654866695404,0.5632268786430359
9,0.9540284276008606,0.17137840390205383,0.885654866695404,0.7386059165000916
10,0.9402843713760376,0.22397355735301971,0.8835758566856384,0.3953516185283661
11,0.9412322044372559,0.22127321362495422,0.9002078771591187,0.23794035613536835
12,0.963981032371521,0.12202511727809906,0.885654866695404,0.4381526708602905
13,0.9563981294631958,0.1785038858652115,0.885654866695404,0.44391462206840515
14,0.9573459625244141,0.1611735075712204,0.8877338767051697,0.5640563368797302
15,0.9616113901138306,0.11970879137516022,0.8877338767051697,0.8670467734336853
16,0.9682464599609375,0.14077909290790558,0.8877338767051697,0.4692856967449188
17,0.9781990647315979,0.08220678567886353,0.885654866695404,0.5424637794494629
18,0.9592416882514954,0.15292836725711823,0.8877338767051697,0.83132404088974
19,0.9630331993103027,0.1289036124944687,0.8877338767051697,0.7193537950515747
20,0.9620853066444397,0.17149920761585236,0.885654866695404,1.175937294960022
21,0.9753554463386536,0.09529848396778107,0.8898128867149353,0.46379023790359497
22,0.9720379114151001,0.09463208168745041,0.8877338767051697,0.7758972644805908
23,0.9763033390045166,0.0817074328660965,0.8898128867149353,0.5982776880264282
24,0.9720379114151001,0.08205671608448029,0.8877338767051697,0.7345361709594727
25,0.9810426831245422,0.05419441685080528,0.8877338767051697,0.7821806073188782
26,0.9772511720657349,0.0800347551703453,0.8877338767051697,0.43990427255630493
27,0.9796208739280701,0.08510304987430573,0.8877338767051697,1.2707279920578003
28,0.9805687069892883,0.06307034939527512,0.8877338767051697,0.850010335445404
29,0.9800947904586792,0.05368178337812424,0.8877338767051697,0.9419438242912292
30,0.9843602180480957,0.056903332471847534,0.8877338767051697,0.8709907531738281
31,0.9824644327163696,0.06047361344099045,0.879417896270752,1.3275671005249023
32,0.978672981262207,0.055703699588775635,0.8877338767051697,0.7404126524925232
33,0.9796208739280701,0.06610552221536636,0.8877338767051697,0.655901312828064
34,0.9781990647315979,0.06867193430662155,0.8877338767051697,1.02170729637146
35,0.985308051109314,0.05962618812918663,0.8877338767051697,1.3463791608810425
36,0.9867298603057861,0.04804208129644394,0.8877338767051697,0.707591712474823
