epoch,accuracy,loss,val_accuracy,val_loss
0,0.6843602061271667,0.9491304159164429,0.6257796287536621,0.7110829949378967
1,0.758293867111206,0.6638655662536621,0.6257796287536621,1.5611180067062378
2,0.8677725195884705,0.46475711464881897,0.5405405163764954,1.545271873474121
3,0.906635046005249,0.37293872237205505,0.7130976915359497,1.4474354982376099
4,0.9033175110816956,0.4266780614852905,0.8419958353042603,0.9385750889778137
5,0.9118483662605286,0.358641654253006,0.885654866695404,0.4939011037349701
6,0.9331753849983215,0.2565890848636627,0.8835758566856384,0.5693100094795227
7,0.9473933577537537,0.20836292207241058,0.885654866695404,0.6631472706794739
8,0.9431279897689819,0.1991841346025467,0.8877338767051697,0.337742418050766
9,0.9464455246925354,0.22742430865764618,0.885654866695404,0.7575657963752747
10,0.9469194412231445,0.2100975215435028,0.8877338767051697,0.6841196417808533
11,0.9412322044372559,0.29590457677841187,0.9064449071884155,0.18249952793121338
12,0.9469194412231445,0.1755005419254303,0.8877338767051697,0.49654072523117065
13,0.963981032371521,0.1274460405111313,0.8877338767051697,0.7955459952354431
14,0.9582938551902771,0.16752882301807404,0.8877338767051697,0.5560744404792786
15,0.9630331993103027,0.11701450496912003,0.8877338767051697,0.8237119317054749
16,0.9620853066444397,0.15796254575252533,0.8877338767051697,0.8270580172538757
17,0.9701421856880188,0.115048348903656,0.8877338767051697,0.5463770031929016
18,0.9729858040809631,0.08899633586406708,0.8898128867149353,0.4983614385128021
19,0.9734597206115723,0.09119392931461334,0.8918918967247009,0.4131854772567749
20,0.9739336371421814,0.08642751723527908,0.8939709067344666,0.38720983266830444
21,0.9777251482009888,0.07720408588647842,0.8898128867149353,0.4407199025154114
22,0.9744075536727905,0.08467210084199905,0.8877338767051697,0.5700656771659851
23,0.9748815298080444,0.08368659019470215,0.8877338767051697,0.7813049554824829
24,0.9753554463386536,0.08645118772983551,0.8918918967247009,0.5657178163528442
25,0.9725118279457092,0.0946606993675232,0.8877338767051697,0.80083167552948
26,0.9805687069892883,0.07953605055809021,0.8877338767051697,0.7699812054634094
27,0.9734597206115723,0.10125979036092758,0.8877338767051697,0.8761709332466125
28,0.9819905161857605,0.05323485657572746,0.8877338767051697,1.0110886096954346
29,0.9848341345787048,0.06952644884586334,0.8877338767051697,0.6584691405296326
30,0.9758293628692627,0.07617497444152832,0.8898128867149353,0.6284674406051636
31,0.9838862419128418,0.04370240867137909,0.8898128867149353,0.6257843375205994
32,0.9767772555351257,0.07605345547199249,0.8877338767051697,0.8029904365539551
33,0.9819905161857605,0.06256433576345444,0.8898128867149353,0.7129393219947815
34,0.9867298603057861,0.03773470222949982,0.8898128867149353,0.7478377819061279
35,0.986255943775177,0.04723496362566948,0.8877338767051697,1.4620099067687988
36,0.9800947904586792,0.08190148323774338,0.9209979176521301,0.22609174251556396
