epoch,accuracy,loss,val_accuracy,val_loss
0,0.6530805826187134,1.0553760528564453,0.6257796287536621,0.6939349174499512
1,0.7540284395217896,0.6991199851036072,0.6257796287536621,1.143465518951416
2,0.8587677478790283,0.4522864520549774,0.42203742265701294,3.1974971294403076
3,0.9109004735946655,0.3142186999320984,0.6611226797103882,2.1106979846954346
4,0.9109004735946655,0.33072540163993835,0.7588357329368591,1.1092923879623413
5,0.9232227206230164,0.3012720048427582,0.8627858757972717,0.6226654648780823
6,0.9369668364524841,0.24624685943126678,0.8711018562316895,0.36808648705482483
7,0.9274881482124329,0.3013775646686554,0.8835758566856384,0.3669639229774475
8,0.9440758228302002,0.1961851269006729,0.8877338767051697,0.7263904213905334
9,0.9388625621795654,0.21000730991363525,0.8690228462219238,0.7381070852279663
10,0.9521327018737793,0.192099466919899,0.8773388862609863,0.7377960681915283
11,0.9464455246925354,0.19719821214675903,0.879417896270752,0.33136624097824097
12,0.9545023441314697,0.15788157284259796,0.8877338767051697,0.4337226152420044
13,0.9559241533279419,0.14473126828670502,0.885654866695404,0.7476166486740112
14,0.964928925037384,0.134125217795372,0.885654866695404,0.7582516670227051
15,0.9625592231750488,0.14909996092319489,0.8877338767051697,0.8302866816520691
16,0.9601895809173584,0.14690056443214417,0.885654866695404,0.6148936748504639
17,0.9582938551902771,0.14671017229557037,0.885654866695404,0.7672315835952759
18,0.9616113901138306,0.16388559341430664,0.8877338767051697,0.6862066984176636
19,0.9758293628692627,0.09866252541542053,0.885654866695404,0.47733286023139954
20,0.9630331993103027,0.1327478438615799,0.8877338767051697,0.44373831152915955
21,0.9729858040809631,0.12000074237585068,0.8877338767051697,0.7269073128700256
22,0.9777251482009888,0.09722423553466797,0.8877338767051697,0.7313445806503296
23,0.971563994884491,0.10803493857383728,0.8898128867149353,0.774764895439148
24,0.9687203764915466,0.10345853865146637,0.9106029272079468,0.30687591433525085
25,0.9753554463386536,0.07731229066848755,0.8877338767051697,1.5524132251739502
26,0.9791468977928162,0.05431820824742317,0.8877338767051697,0.7364814281463623
27,0.9777251482009888,0.06756863743066788,0.8877338767051697,0.7296870946884155
28,0.9819905161857605,0.06530313938856125,0.8918918967247009,0.5417804718017578
29,0.9810426831245422,0.08001916110515594,0.8877338767051697,0.7414114475250244
30,0.9796208739280701,0.07389827817678452,0.8877338767051697,0.5732244849205017
31,0.9810426831245422,0.06583435088396072,0.8877338767051697,0.9784885048866272
32,0.9838862419128418,0.04956137016415596,0.8877338767051697,1.1631168127059937
33,0.9848341345787048,0.05073123425245285,0.8898128867149353,0.6938183307647705
34,0.9838862419128418,0.05435432493686676,0.8877338767051697,1.087007999420166
35,0.978672981262207,0.08582013100385666,0.8939709067344666,0.666753888130188
36,0.9886255860328674,0.0472731813788414,0.8877338767051697,0.6488407850265503
37,0.986255943775177,0.04108467698097229,0.8877338767051697,0.7466827630996704
38,0.986255943775177,0.037546318024396896,0.8898128867149353,0.626816987991333
39,0.985308051109314,0.06539933383464813,0.885654866695404,0.9510003924369812
40,0.986255943775177,0.04323440045118332,0.8981289267539978,0.49129459261894226
41,0.9900473952293396,0.04333614557981491,0.8877338767051697,1.129772424697876
42,0.9890995025634766,0.04727662354707718,0.8877338767051697,0.9016146659851074
43,0.99241703748703,0.025205088779330254,0.8877338767051697,0.8503366112709045
44,0.9867298603057861,0.050772231072187424,0.8877338767051697,1.1880674362182617
45,0.9881516695022583,0.03659560903906822,0.8877338767051697,1.069534420967102
46,0.9909952878952026,0.03315998241305351,0.8898128867149353,0.47070834040641785
47,0.9952606558799744,0.02024264819920063,0.8918918967247009,0.6703047156333923
48,0.9938388466835022,0.01890263892710209,0.8877338767051697,0.9641222357749939
49,0.9909952878952026,0.036093465983867645,0.9064449071884155,0.30747032165527344
