epoch,accuracy,loss,val_accuracy,val_loss
0,0.6890995502471924,0.8984566330909729,0.6257796287536621,0.6704022884368896
1,0.7625592350959778,0.7453610301017761,0.6257796287536621,1.2481913566589355
2,0.8682464361190796,0.4304145574569702,0.4989604949951172,1.8641482591629028
3,0.9156398177146912,0.33398550748825073,0.6569646596908569,1.7221720218658447
4,0.9075829386711121,0.42062798142433167,0.752598762512207,1.0929075479507446
5,0.9241706132888794,0.3080875277519226,0.8711018562316895,0.5197845697402954
6,0.9274881482124329,0.27111804485321045,0.8814969062805176,0.5729270577430725
7,0.9322274923324585,0.2870233654975891,0.885654866695404,0.504851758480072
8,0.9241706132888794,0.26716551184654236,0.8939709067344666,0.3310987651348114
9,0.9393364787101746,0.18990729749202728,0.885654866695404,0.4579431712627411
10,0.9398104548454285,0.21956048905849457,0.8898128867149353,0.3226849436759949
11,0.9464455246925354,0.21342745423316956,0.8835758566856384,0.6345797777175903
12,0.9578198790550232,0.1866455376148224,0.8835758566856384,0.6527822613716125
13,0.949289083480835,0.16864150762557983,0.8877338767051697,0.7724962830543518
14,0.9535545110702515,0.16032767295837402,0.885654866695404,0.34101179242134094
15,0.9625592231750488,0.1302357167005539,0.8877338767051697,0.611570417881012
16,0.9672985672950745,0.11159562319517136,0.8877338767051697,0.7549760937690735
17,0.9635071158409119,0.1364910900592804,0.8877338767051697,0.7105143666267395
18,0.9658767580986023,0.10475945472717285,0.8877338767051697,0.701923668384552
19,0.9606634974479675,0.13640497624874115,0.8877338767051697,1.1088720560073853
20,0.971563994884491,0.09750251471996307,0.8877338767051697,0.5083186626434326
21,0.9720379114151001,0.10392262041568756,0.8877338767051697,0.7255493998527527
22,0.9635071158409119,0.14492736756801605,0.8877338767051697,0.8952361941337585
23,0.9720379114151001,0.06820986419916153,0.8877338767051697,0.6357068419456482
24,0.9701421856880188,0.09382563829421997,0.8877338767051697,1.036360740661621
25,0.9777251482009888,0.0789538025856018,0.8877338767051697,1.1830233335494995
26,0.9644549489021301,0.12414997816085815,0.8877338767051697,0.8537372350692749
27,0.971563994884491,0.09667882323265076,0.8877338767051697,1.2386809587478638
28,0.9834123253822327,0.05346269905567169,0.8877338767051697,0.6004745960235596
29,0.9843602180480957,0.04987746477127075,0.8877338767051697,0.6946869492530823
30,0.9819905161857605,0.056408047676086426,0.8898128867149353,0.6355363726615906
31,0.9796208739280701,0.0706893652677536,0.8877338767051697,0.8889820575714111
32,0.9767772555351257,0.0811958834528923,0.8877338767051697,0.6485398411750793
33,0.9819905161857605,0.07430437952280045,0.8877338767051697,0.8014491200447083
34,0.985308051109314,0.05848795920610428,0.9022868871688843,0.40019533038139343
35,0.9881516695022583,0.03801627457141876,0.8877338767051697,0.8013602495193481
