epoch,accuracy,loss,val_accuracy,val_loss
0,0.6876777410507202,0.9609270095825195,0.6257796287536621,0.7448750138282776
1,0.7729857563972473,0.6640956997871399,0.6257796287536621,2.1247718334198
2,0.8725118637084961,0.47480571269989014,0.5072765350341797,1.8265917301177979
3,0.9123222827911377,0.34046006202697754,0.6715176701545715,2.0609145164489746
4,0.9109004735946655,0.35632699728012085,0.8295218348503113,0.8949952125549316
5,0.9208530783653259,0.3013290762901306,0.8835758566856384,0.4326391816139221
6,0.935545027256012,0.2277992069721222,0.8877338767051697,0.4218485653400421
7,0.9345971345901489,0.24298523366451263,0.879417896270752,0.5424190759658813
8,0.9360189437866211,0.2307012677192688,0.8835758566856384,0.743357241153717
9,0.9436019062995911,0.26435908675193787,0.8607068657875061,1.003560185432434
10,0.9497630596160889,0.17927569150924683,0.8835758566856384,0.3959842026233673
11,0.9554502367973328,0.14644432067871094,0.8877338767051697,0.5926441550254822
12,0.9578198790550232,0.1583332121372223,0.8918918967247009,0.3231828212738037
13,0.9587677717208862,0.13335473835468292,0.8877338767051697,0.6751101016998291
14,0.9568720459938049,0.14902357757091522,0.8877338767051697,0.5986024737358093
15,0.964928925037384,0.13018086552619934,0.8877338767051697,0.6442137360572815
16,0.9606634974479675,0.1598004698753357,0.8877338767051697,0.46318286657333374
17,0.9625592231750488,0.16208481788635254,0.8877338767051697,0.6334462761878967
18,0.9677724838256836,0.10472025722265244,0.8898128867149353,0.503376305103302
19,0.9734597206115723,0.08413667976856232,0.8877338767051697,0.6204155087471008
20,0.9739336371421814,0.10052364319562912,0.8877338767051697,0.9365200996398926
21,0.9772511720657349,0.08676723390817642,0.8877338767051697,0.5580925941467285
22,0.9687203764915466,0.11392445862293243,0.8877338767051697,0.7543360590934753
23,0.9734597206115723,0.09695236384868622,0.8877338767051697,0.6687424778938293
24,0.978672981262207,0.09665972739458084,0.8877338767051697,0.9456579685211182
25,0.9744075536727905,0.07388554513454437,0.8877338767051697,0.7326467633247375
26,0.9829384088516235,0.05953005328774452,0.8877338767051697,0.9129728078842163
27,0.9805687069892883,0.06855320930480957,0.8918918967247009,0.4244106411933899
28,0.9748815298080444,0.08968400210142136,0.8877338767051697,1.0309839248657227
29,0.9815165996551514,0.054342009127140045,0.8877338767051697,0.8583734035491943
30,0.9829384088516235,0.07832397520542145,0.8960499167442322,0.42647993564605713
31,0.978672981262207,0.06324156373739243,0.8898128867149353,0.47823208570480347
32,0.9791468977928162,0.07309844344854355,0.8877338767051697,0.6542609930038452
33,0.9838862419128418,0.04854928329586983,0.8898128867149353,0.628779947757721
34,0.986255943775177,0.05244496837258339,0.8877338767051697,0.8532611131668091
35,0.9876777529716492,0.03806155547499657,0.8877338767051697,1.1348044872283936
36,0.986255943775177,0.03645797073841095,0.8877338767051697,1.2120087146759033
37,0.9824644327163696,0.05872645229101181,0.8877338767051697,0.9073027968406677
