epoch,accuracy,loss,val_accuracy,val_loss
0,0.6819905042648315,0.9886811375617981,0.6257796287536621,0.7568812966346741
1,0.7625592350959778,0.6730512380599976,0.6257796287536621,1.54227876663208
2,0.8663507103919983,0.4243481457233429,0.5093554854393005,2.0020151138305664
3,0.8966824412345886,0.38975876569747925,0.602910578250885,2.4931979179382324
4,0.921800971031189,0.2808530330657959,0.7505197525024414,1.25068998336792
5,0.9255924224853516,0.31784138083457947,0.879417896270752,0.5639510750770569
6,0.9350711107254028,0.28215092420578003,0.8523908257484436,0.9887309074401855
7,0.9303317666053772,0.29490822553634644,0.8773388862609863,0.6176078915596008
8,0.9374407529830933,0.2638406455516815,0.8835758566856384,0.7146857976913452
9,0.9464455246925354,0.23527473211288452,0.8773388862609863,0.6918483972549438
10,0.9450237154960632,0.19852136075496674,0.8877338767051697,0.6323086023330688
11,0.9521327018737793,0.17367637157440186,0.885654866695404,0.7265512943267822
12,0.9516587853431702,0.19600413739681244,0.8877338767051697,0.7980402112007141
13,0.949289083480835,0.18579795956611633,0.8877338767051697,0.5230315327644348
14,0.9559241533279419,0.15301258862018585,0.8898128867149353,0.4313509166240692
15,0.9644549489021301,0.10924778878688812,0.8877338767051697,0.8041439056396484
16,0.9573459625244141,0.1507342904806137,0.8898128867149353,0.44239968061447144
17,0.9568720459938049,0.15706366300582886,0.8939709067344666,0.4146886467933655
18,0.9644549489021301,0.14375703036785126,0.8877338767051697,0.5520607829093933
19,0.9663507342338562,0.1057017520070076,0.8939709067344666,0.3681967556476593
20,0.9696682691574097,0.12746281921863556,0.8981289267539978,0.3411513566970825
21,0.9625592231750488,0.12655504047870636,0.8877338767051697,0.7964724898338318
22,0.964928925037384,0.10142391175031662,0.8877338767051697,0.9832578897476196
23,0.9791468977928162,0.07100871205329895,0.8877338767051697,0.949234127998352
24,0.9744075536727905,0.09245999902486801,0.8981289267539978,0.3526371121406555
25,0.9654028415679932,0.11362599581480026,0.8877338767051697,0.7351338863372803
26,0.9805687069892883,0.07558707892894745,0.8877338767051697,0.6475061178207397
27,0.9777251482009888,0.06961975991725922,0.8877338767051697,0.9052309989929199
28,0.9739336371421814,0.08339887857437134,0.8877338767051697,1.1923563480377197
29,0.9767772555351257,0.07134480774402618,0.8877338767051697,0.7377386689186096
30,0.9848341345787048,0.05149243026971817,0.8877338767051697,0.5443031191825867
31,0.9867298603057861,0.04895597696304321,0.8877338767051697,0.641139566898346
32,0.985308051109314,0.041358884423971176,0.8877338767051697,0.5627678036689758
33,0.9805687069892883,0.05552509427070618,0.9106029272079468,0.26946988701820374
34,0.9796208739280701,0.055155254900455475,0.8877338767051697,0.748947024345398
35,0.9834123253822327,0.04570476710796356,0.8877338767051697,1.335978388786316
36,0.985308051109314,0.04064836725592613,0.8877338767051697,0.7228008508682251
37,0.9824644327163696,0.0697002187371254,0.8877338767051697,1.4197132587432861
38,0.9838862419128418,0.04829079285264015,0.8877338767051697,0.7783541083335876
39,0.9848341345787048,0.04088488221168518,0.8918918967247009,0.46613287925720215
40,0.9886255860328674,0.044740743935108185,0.8877338767051697,1.468808650970459
41,0.9819905161857605,0.06168321520090103,0.8877338767051697,1.2156826257705688
42,0.9886255860328674,0.03875236585736275,0.8877338767051697,0.8112372159957886
43,0.9895734786987305,0.0327935516834259,0.8877338767051697,0.6619213223457336
44,0.9971563816070557,0.008220001123845577,0.8877338767051697,0.7664197683334351
45,0.9872037768363953,0.04115309938788414,0.8960499167442322,0.3461167812347412
46,0.9890995025634766,0.03189292922616005,0.8877338767051697,0.896032452583313
47,0.9829384088516235,0.048510123044252396,0.8877338767051697,0.6855381727218628
48,0.9895734786987305,0.03397172689437866,0.9126819372177124,0.35195067524909973
49,0.9890995025634766,0.051813796162605286,0.8877338767051697,0.7614768147468567
