epoch,accuracy,loss,val_accuracy,val_loss
0,0.6772511601448059,0.9665292501449585,0.6257796287536621,0.7707005739212036
1,0.7734597325325012,0.6909347772598267,0.6257796287536621,1.2861289978027344
2,0.8521326780319214,0.5068677663803101,0.45114344358444214,2.1090173721313477
3,0.9146919250488281,0.27686166763305664,0.6340956091880798,2.322573184967041
4,0.9156398177146912,0.29973939061164856,0.7297297120094299,1.3721927404403687
5,0.9274881482124329,0.2944144308567047,0.8877338767051697,0.3201597332954407
6,0.9293838739395142,0.24505633115768433,0.8773388862609863,0.6855821013450623
7,0.9421800971031189,0.20799385011196136,0.8814969062805176,0.4667963981628418
8,0.9464455246925354,0.18586978316307068,0.8814969062805176,0.6462693810462952
9,0.9450237154960632,0.19542425870895386,0.8898128867149353,0.2920665442943573
10,0.9478672742843628,0.20849119126796722,0.8877338767051697,0.6376309990882874
11,0.9511848092079163,0.1543034315109253,0.885654866695404,0.6921365857124329
12,0.9545023441314697,0.19503846764564514,0.8877338767051697,0.8042921423912048
13,0.9573459625244141,0.15029862523078918,0.8877338767051697,0.5841055512428284
14,0.9559241533279419,0.17308852076530457,0.8877338767051697,0.564903199672699
15,0.9559241533279419,0.14409348368644714,0.885654866695404,0.5284503102302551
16,0.9635071158409119,0.13645389676094055,0.885654866695404,0.9707909226417542
17,0.9672985672950745,0.1022973284125328,0.8877338767051697,0.9410684108734131
18,0.9625592231750488,0.1656268686056137,0.8877338767051697,0.7512339353561401
19,0.9701421856880188,0.09846839308738708,0.8877338767051697,0.7714579105377197
20,0.9758293628692627,0.08034936338663101,0.8877338767051697,0.6712948679924011
21,0.9672985672950745,0.11906415224075317,0.8877338767051697,0.6302034258842468
22,0.9772511720657349,0.08150286972522736,0.8877338767051697,0.9499444365501404
23,0.9720379114151001,0.10162513703107834,0.8877338767051697,0.46239447593688965
24,0.9744075536727905,0.09071633219718933,0.8877338767051697,0.7111863493919373
25,0.9810426831245422,0.07716033607721329,0.8939709067344666,0.42156946659088135
26,0.9691942930221558,0.10188455879688263,0.8918918967247009,0.42535078525543213
27,0.9819905161857605,0.059034060686826706,0.8877338767051697,0.5775099396705627
28,0.9753554463386536,0.07830125838518143,0.8877338767051697,1.0769689083099365
29,0.9829384088516235,0.06998416781425476,0.8877338767051697,0.9073230028152466
30,0.9819905161857605,0.05629726126790047,0.8960499167442322,0.3645353317260742
31,0.9848341345787048,0.06319668143987656,0.8877338767051697,0.8439151644706726
32,0.986255943775177,0.03563975915312767,0.8877338767051697,0.5554471611976624
33,0.9819905161857605,0.05627214163541794,0.8877338767051697,0.7951003909111023
34,0.985308051109314,0.0471235029399395,0.8877338767051697,0.7116570472717285
