epoch,accuracy,loss,val_accuracy,val_loss
0,0.6829383969306946,0.8984255790710449,0.6257796287536621,0.6975946426391602
1,0.7578198909759521,0.6681324243545532,0.6257796287536621,1.8209643363952637
2,0.8682464361190796,0.4373328387737274,0.5010395050048828,1.7965435981750488
3,0.9080568552017212,0.33710816502571106,0.6049895882606506,2.59175968170166
4,0.9189573526382446,0.31033384799957275,0.7796257734298706,1.2136144638061523
5,0.9222748875617981,0.32478225231170654,0.8711018562316895,0.6208000779151917
6,0.9431279897689819,0.21617570519447327,0.8752598762512207,0.6446576118469238
7,0.9308056831359863,0.2590295076370239,0.8773388862609863,0.6709856390953064
8,0.9417061805725098,0.20887981355190277,0.8877338767051697,0.43084433674812317
9,0.9402843713760376,0.21545419096946716,0.8482328653335571,0.9206132292747498
10,0.9407582879066467,0.19316048920154572,0.885654866695404,0.49606403708457947
11,0.9535545110702515,0.16666679084300995,0.8835758566856384,0.8709279298782349
12,0.9563981294631958,0.1867409199476242,0.8877338767051697,0.5459840297698975
13,0.9545023441314697,0.18569350242614746,0.8835758566856384,0.7880016565322876
14,0.9625592231750488,0.12945334613323212,0.8877338767051697,0.5666620135307312
15,0.9573459625244141,0.15156252682209015,0.8877338767051697,0.6178703308105469
16,0.9597156643867493,0.1311417520046234,0.8877338767051697,0.5443588495254517
17,0.9545023441314697,0.14620941877365112,0.8918918967247009,0.4796733260154724
18,0.9682464599609375,0.10564090311527252,0.8918918967247009,0.45274072885513306
19,0.9545023441314697,0.12800726294517517,0.8877338767051697,0.5223913192749023
20,0.9687203764915466,0.1053435280919075,0.8877338767051697,0.7336149215698242
21,0.9777251482009888,0.06731859594583511,0.8877338767051697,0.5717324018478394
22,0.9668246507644653,0.1113811507821083,0.8877338767051697,0.7407059669494629
23,0.9767772555351257,0.08352546393871307,0.8918918967247009,0.5242469906806946
24,0.9725118279457092,0.1036468967795372,0.8877338767051697,0.8415907621383667
25,0.971563994884491,0.10681317001581192,0.8877338767051697,0.7219873666763306
26,0.9824644327163696,0.06796418875455856,0.8877338767051697,0.8889373540878296
27,0.9767772555351257,0.0637921392917633,0.8877338767051697,0.6441971659660339
28,0.9805687069892883,0.05987514927983284,0.8877338767051697,0.9121285080909729
29,0.9838862419128418,0.055957719683647156,0.8877338767051697,0.6713300347328186
30,0.9824644327163696,0.05498548969626427,0.8877338767051697,0.8538013100624084
31,0.9796208739280701,0.07743299752473831,0.8877338767051697,0.6511495113372803
32,0.9872037768363953,0.03973771631717682,0.8898128867149353,0.5900009274482727
33,0.9914692044258118,0.030950509011745453,0.8877338767051697,0.9612135887145996
