epoch,accuracy,loss,val_accuracy,val_loss
0,0.6744076013565063,0.9324654936790466,0.6257796287536621,0.72930908203125
1,0.771090030670166,0.7040609121322632,0.6257796287536621,1.7930500507354736
2,0.8440758585929871,0.5487194657325745,0.46569645404815674,1.4982746839523315
3,0.8966824412345886,0.390723317861557,0.6528066396713257,2.0864360332489014
4,0.9308056831359863,0.2637779414653778,0.7879418134689331,1.1070976257324219
5,0.9303317666053772,0.30784597992897034,0.866943895816803,0.5642706751823425
6,0.927962064743042,0.25429823994636536,0.8877338767051697,0.4804697036743164
7,0.9379146695137024,0.22800201177597046,0.8773388862609863,0.417307049036026
8,0.9317535758018494,0.26977065205574036,0.8814969062805176,0.3573360741138458
9,0.9336493015289307,0.23878592252731323,0.8814969062805176,0.6356738805770874
10,0.9511848092079163,0.17697091400623322,0.8877338767051697,0.5295805931091309
11,0.949289083480835,0.19103549420833588,0.8711018562316895,0.7344299554824829
12,0.9554502367973328,0.14740018546581268,0.8752598762512207,0.7515577673912048
13,0.9597156643867493,0.14224393665790558,0.885654866695404,0.7847485542297363
14,0.9578198790550232,0.12933070957660675,0.8877338767051697,0.6279004812240601
15,0.9644549489021301,0.12573930621147156,0.8877338767051697,0.535836935043335
16,0.9644549489021301,0.15922483801841736,0.8877338767051697,0.7497659921646118
17,0.9767772555351257,0.0828082263469696,0.8877338767051697,0.47235167026519775
18,0.9606634974479675,0.1347830593585968,0.8877338767051697,1.0982890129089355
19,0.9677724838256836,0.12563566863536835,0.8877338767051697,0.5269965529441833
20,0.9644549489021301,0.15512223541736603,0.8877338767051697,0.5463273525238037
21,0.9691942930221558,0.08667996525764465,0.8877338767051697,0.7463268637657166
22,0.9663507342338562,0.108113132417202,0.8877338767051697,0.5284149050712585
23,0.9744075536727905,0.10115425288677216,0.8877338767051697,0.9699016809463501
24,0.963981032371521,0.12209274619817734,0.8877338767051697,0.6741700768470764
25,0.9734597206115723,0.0762772411108017,0.8877338767051697,0.6388615965843201
26,0.9753554463386536,0.08338399976491928,0.8877338767051697,0.8271242380142212
27,0.9796208739280701,0.06866811960935593,0.8877338767051697,0.730380117893219
28,0.978672981262207,0.06333513557910919,0.8877338767051697,0.8900802135467529
29,0.9796208739280701,0.08543780446052551,0.8898128867149353,0.5770320892333984
30,0.9824644327163696,0.06581303477287292,0.8877338767051697,0.8746911287307739
31,0.9810426831245422,0.053871359676122665,0.8877338767051697,0.6462184190750122
32,0.986255943775177,0.045876093208789825,0.8877338767051697,0.6614894270896912
33,0.9838862419128418,0.04362364858388901,0.8877338767051697,0.7125119566917419
