epoch,accuracy,loss,val_accuracy,val_loss
0,0.6829383969306946,0.8916409611701965,0.6257796287536621,0.7515572309494019
1,0.7805687189102173,0.6977499723434448,0.6257796287536621,1.988685131072998
2,0.8668246269226074,0.4578959047794342,0.44490644335746765,3.081364870071411
3,0.913270115852356,0.37403061985969543,0.6153846383094788,2.9496805667877197
4,0.9274881482124329,0.2633552849292755,0.7796257734298706,1.0765206813812256
5,0.9350711107254028,0.28994786739349365,0.8835758566856384,0.5758347511291504
6,0.9331753849983215,0.2547008693218231,0.8939709067344666,0.21333536505699158
7,0.9360189437866211,0.24882444739341736,0.885654866695404,0.4323292672634125
8,0.9445497393608093,0.1731662154197693,0.8835758566856384,0.464756041765213
9,0.9331753849983215,0.2303224354982376,0.8877338767051697,0.6473710536956787
10,0.9436019062995911,0.18833006918430328,0.885654866695404,0.7118558287620544
11,0.9431279897689819,0.2113254815340042,0.885654866695404,0.5590022206306458
12,0.9417061805725098,0.23879584670066833,0.8877338767051697,0.6294673085212708
13,0.9549763202667236,0.16618992388248444,0.8648648858070374,1.0960440635681152
14,0.9635071158409119,0.1272740215063095,0.885654866695404,0.5243961215019226
15,0.9672985672950745,0.11234673857688904,0.8877338767051697,0.6765283346176147
16,0.9559241533279419,0.1437017321586609,0.8877338767051697,0.8423606157302856
17,0.9668246507644653,0.13702216744422913,0.8877338767051697,0.6056824326515198
18,0.9672985672950745,0.1200723946094513,0.8898128867149353,0.6562390923500061
19,0.9734597206115723,0.08366996794939041,0.8877338767051697,0.7719656825065613
20,0.9725118279457092,0.117148257791996,0.8898128867149353,0.6449190378189087
21,0.9772511720657349,0.0833987295627594,0.8877338767051697,0.9158031344413757
22,0.9668246507644653,0.1102689728140831,0.9106029272079468,0.363194078207016
23,0.9777251482009888,0.10758776217699051,0.8877338767051697,0.6621320843696594
24,0.9791468977928162,0.06309360265731812,0.8939709067344666,0.4114547073841095
25,0.9815165996551514,0.06855395436286926,0.8877338767051697,0.8636808395385742
26,0.9791468977928162,0.06468221545219421,0.8877338767051697,0.6376913785934448
27,0.9777251482009888,0.06933020055294037,0.9002078771591187,0.4282945394515991
28,0.9744075536727905,0.06836143881082535,0.8981289267539978,0.47697338461875916
29,0.9729858040809631,0.0819009318947792,0.8877338767051697,1.0345466136932373
30,0.9810426831245422,0.05998380109667778,0.8877338767051697,0.8997622132301331
31,0.9829384088516235,0.055077578872442245,0.8877338767051697,1.0062987804412842
