epoch,accuracy,loss,val_accuracy,val_loss
0,0.7966824769973755,0.9144799113273621,0.6257796287536621,3.520430564880371
1,0.9274881482124329,0.35738450288772583,0.6257796287536621,5.78588342666626
2,0.9507108926773071,0.17849460244178772,0.5135135054588318,3.0007729530334473
3,0.9431279897689819,0.18072833120822906,0.7567567825317383,2.1318717002868652
4,0.9559241533279419,0.12564717233181,0.7920997738838196,1.5062059164047241
5,0.9611374139785767,0.12417330592870712,0.8877338767051697,0.7544159293174744
6,0.9758293628692627,0.07687775045633316,0.8877338767051697,0.7776477932929993
7,0.9729858040809631,0.08572006225585938,0.9126819372177124,0.28724774718284607
8,0.9720379114151001,0.10143495351076126,0.8731808662414551,0.4482343792915344
9,0.9748815298080444,0.06533542275428772,0.8877338767051697,0.6311661005020142
10,0.9758293628692627,0.06434102356433868,0.8960499167442322,0.32775288820266724
11,0.9843602180480957,0.07974928617477417,0.879417896270752,1.002987265586853
12,0.9791468977928162,0.06552113592624664,0.8877338767051697,0.8663186430931091
13,0.9696682691574097,0.1749190092086792,0.8544698357582092,1.3917248249053955
14,0.9658767580986023,0.24972473084926605,0.8835758566856384,0.4958186447620392
15,0.9819905161857605,0.0574137419462204,0.8877338767051697,0.4817650318145752
16,0.9748815298080444,0.11291062831878662,0.9043658971786499,0.30177977681159973
17,0.986255943775177,0.07941419631242752,0.8627858757972717,1.0418169498443604
18,0.9914692044258118,0.02728447876870632,0.8835758566856384,0.8338274359703064
19,0.9957345724105835,0.018099909648299217,0.8877338767051697,1.0501617193222046
20,0.9872037768363953,0.06227755546569824,0.8877338767051697,1.330706000328064
21,0.9857819676399231,0.046356201171875,0.879417896270752,1.4091585874557495
22,0.9938388466835022,0.026080995798110962,0.8960499167442322,0.41330456733703613
23,0.9909952878952026,0.0640326663851738,0.8877338767051697,0.3850001096725464
24,0.9933649301528931,0.02388971671462059,0.8877338767051697,1.0136091709136963
25,0.9919431209564209,0.027382440865039825,0.879417896270752,0.8415073752403259
26,0.985308051109314,0.06783653050661087,0.9064449071884155,0.3496275842189789
27,0.9966824650764465,0.007531275041401386,0.8898128867149353,0.8148046731948853
28,0.9928910136222839,0.03437107801437378,0.885654866695404,1.337218999862671
29,0.9943128228187561,0.03590114787220955,0.8565488457679749,0.9811292290687561
30,0.9758293628692627,0.2200276106595993,0.7879418134689331,3.2899091243743896
31,0.9748815298080444,0.16372664272785187,0.8877338767051697,1.5338677167892456
32,0.9933649301528931,0.0349326990544796,0.8877338767051697,2.4632701873779297
