epoch,accuracy,loss,val_accuracy,val_loss
0,0.800000011920929,0.720000147819519,0.6257796287536621,3.7390189170837402
1,0.9350711107254028,0.35116589069366455,0.6257796287536621,6.61051607131958
2,0.9350711107254028,0.32619863748550415,0.6112266182899475,3.422132730484009
3,0.9431279897689819,0.3389349579811096,0.5696465969085693,2.4937195777893066
4,0.963981032371521,0.17470718920230865,0.8461538553237915,0.6594865918159485
5,0.9658767580986023,0.1611456274986267,0.885654866695404,0.6943933963775635
6,0.9616113901138306,0.1704167127609253,0.8586278557777405,1.2510873079299927
7,0.9672985672950745,0.1253519505262375,0.8877338767051697,0.37592121958732605
8,0.971563994884491,0.09359847009181976,0.8877338767051697,0.6381402015686035
9,0.9810426831245422,0.0613100528717041,0.866943895816803,0.6074842214584351
10,0.9611374139785767,0.17209795117378235,0.8877338767051697,0.7173169255256653
11,0.9706161022186279,0.1365506798028946,0.9126819372177124,0.35838204622268677
12,0.9777251482009888,0.08447130769491196,0.8877338767051697,0.6800601482391357
13,0.9819905161857605,0.08062721788883209,0.8877338767051697,0.8360680937767029
14,0.9857819676399231,0.04335116595029831,0.8877338767051697,0.913541853427887
15,0.9767772555351257,0.09671594202518463,0.8939709067344666,0.4160201847553253
16,0.9867298603057861,0.04407485947012901,0.8877338767051697,0.47010666131973267
17,0.9886255860328674,0.05227407068014145,0.8877338767051697,0.6993818283081055
18,0.9710900187492371,0.15513932704925537,0.8877338767051697,0.7736304998397827
19,0.9848341345787048,0.10623028874397278,0.8918918967247009,0.4765866994857788
20,0.9928910136222839,0.037013206630945206,0.8898128867149353,0.554823637008667
21,0.9886255860328674,0.02866465039551258,0.8877338767051697,1.0540169477462769
22,0.9791468977928162,0.13004238903522491,0.8877338767051697,1.616935133934021
23,0.9886255860328674,0.06187869980931282,0.8939709067344666,0.7778915166854858
24,0.9909952878952026,0.03329375758767128,0.8877338767051697,0.952092707157135
25,0.9900473952293396,0.034888073801994324,0.8877338767051697,0.8469414710998535
26,0.9966824650764465,0.006870662793517113,0.8877338767051697,1.1769335269927979
27,0.9947867393493652,0.021047156304121017,0.8898128867149353,0.9402827024459839
28,0.9933649301528931,0.018605712801218033,0.8877338767051697,2.0930914878845215
29,0.9914692044258118,0.03664139285683632,0.8898128867149353,0.9779990911483765
30,0.9976303577423096,0.005584904924035072,0.8877338767051697,1.0845872163772583
31,0.9933649301528931,0.024979660287499428,0.8877338767051697,1.8533453941345215
32,0.9791468977928162,0.12471475452184677,0.8523908257484436,0.9519176483154297
33,0.9838862419128418,0.08773750811815262,0.8149688243865967,2.086961030960083
34,0.9872037768363953,0.044148847460746765,0.8877338767051697,2.007852077484131
35,0.99241703748703,0.04154382273554802,0.8877338767051697,1.434141755104065
36,0.9909952878952026,0.02580413967370987,0.8877338767051697,2.4189186096191406
