epoch,accuracy,loss,val_accuracy,val_loss
0,0.8014218211174011,0.6930981278419495,0.6257796287536621,2.7579939365386963
1,0.914218008518219,0.5390475988388062,0.6257796287536621,5.433358192443848
2,0.9251185059547424,0.44722673296928406,0.6133056282997131,3.54567551612854
3,0.9454976320266724,0.3163665533065796,0.7609147429466248,1.38810133934021
4,0.9592416882514954,0.1367969661951065,0.837837815284729,0.9784319400787354
5,0.963981032371521,0.1684732735157013,0.8877338767051697,0.5379208922386169
6,0.9654028415679932,0.1298617422580719,0.8898128867149353,0.458939790725708
7,0.9663507342338562,0.12355022877454758,0.8503118753433228,0.6310750246047974
8,0.9568720459938049,0.12790441513061523,0.8607068657875061,0.8225880861282349
9,0.9682464599609375,0.09146828949451447,0.8877338767051697,0.5868890881538391
10,0.9691942930221558,0.11027274280786514,0.8814969062805176,0.658586323261261
11,0.9796208739280701,0.08130533993244171,0.8877338767051697,0.6315971612930298
12,0.9772511720657349,0.07529749721288681,0.8877338767051697,0.8653765320777893
13,0.9890995025634766,0.04135072976350784,0.885654866695404,0.9855800867080688
14,0.9834123253822327,0.08850730955600739,0.8877338767051697,1.5173646211624146
15,0.9781990647315979,0.09894245862960815,0.8835758566856384,1.5888464450836182
16,0.9734597206115723,0.10313203930854797,0.8523908257484436,1.3843791484832764
17,0.9909952878952026,0.03482769429683685,0.8939709067344666,0.6091565489768982
18,0.9834123253822327,0.07183321565389633,0.8898128867149353,0.6527467370033264
19,0.9843602180480957,0.07659472525119781,0.8877338767051697,1.1577521562576294
20,0.9928910136222839,0.039088353514671326,0.8981289267539978,0.46523982286453247
21,0.985308051109314,0.055562280118465424,0.885654866695404,1.6524860858917236
22,0.9886255860328674,0.037287089973688126,0.8877338767051697,0.7975146770477295
23,0.9886255860328674,0.05568212643265724,0.8877338767051697,1.4160884618759155
24,0.9981042742729187,0.009791363030672073,0.8877338767051697,0.9860144257545471
25,0.9957345724105835,0.008313365280628204,0.8877338767051697,1.2217978239059448
26,0.9928910136222839,0.02977861277759075,0.8877338767051697,0.760807991027832
27,0.9966824650764465,0.01571023091673851,0.9230769276618958,0.34119704365730286
28,0.9952606558799744,0.022499965503811836,0.8877338767051697,0.8468942642211914
29,0.9938388466835022,0.02556619420647621,0.8877338767051697,1.2635372877120972
30,0.9919431209564209,0.02958706021308899,0.8877338767051697,0.9004294276237488
31,0.9943128228187561,0.024249663576483727,0.8877338767051697,1.0254802703857422
32,0.9962085485458374,0.011598974466323853,0.8877338767051697,1.6974283456802368
33,0.9644549489021301,0.26407110691070557,0.8399168252944946,0.9495087265968323
34,0.9872037768363953,0.05302628129720688,0.8711018562316895,1.0726937055587769
35,0.9824644327163696,0.10527469217777252,0.8835758566856384,1.303080439567566
36,0.9976303577423096,0.008939399383962154,0.8877338767051697,1.3107995986938477
37,0.9905213117599487,0.049325648695230484,0.8877338767051697,0.6362185478210449
38,0.9919431209564209,0.05319172888994217,0.9480249285697937,0.24536524713039398
39,0.9943128228187561,0.02139751985669136,0.8877338767051697,1.3014098405838013
40,0.9952606558799744,0.02445201948285103,0.8877338767051697,1.0593852996826172
41,0.9985781908035278,0.005767797585576773,0.8607068657875061,0.4210358262062073
42,0.9971563816070557,0.011527703143656254,0.8877338767051697,0.769095778465271
43,0.9843602180480957,0.13880716264247894,0.9064449071884155,0.5156060457229614
44,0.9824644327163696,0.07508884370326996,0.8939709067344666,0.6978129744529724
45,0.9943128228187561,0.04615692421793938,0.8877338767051697,1.2674423456192017
46,0.9962085485458374,0.011075354181230068,0.8877338767051697,0.6400215029716492
47,0.9867298603057861,0.09707965701818466,0.8814969062805176,0.7108491063117981
48,0.9952606558799744,0.029093226417899132,0.885654866695404,1.304634928703308
49,0.9943128228187561,0.022993596270680428,0.8877338767051697,2.2086355686187744
