epoch,accuracy,loss,val_accuracy,val_loss
0,0.8331753611564636,0.6199935674667358,0.6257796287536621,3.3562164306640625
1,0.899526059627533,0.6639806032180786,0.6257796287536621,6.268917083740234
2,0.9284360408782959,0.2891702950000763,0.5259875059127808,3.6322271823883057
3,0.950236976146698,0.21779048442840576,0.7006236910820007,2.7470850944519043
4,0.9606634974479675,0.13791443407535553,0.8212057948112488,1.282836675643921
5,0.9725118279457092,0.09512270241975784,0.8648648858070374,1.2352663278579712
6,0.9597156643867493,0.13133245706558228,0.8877338767051697,0.4309499263763428
7,0.9706161022186279,0.09735914319753647,0.8877338767051697,0.5199571251869202
8,0.9720379114151001,0.10345781594514847,0.885654866695404,0.8391513824462891
9,0.978672981262207,0.06835769861936569,0.8877338767051697,0.9408714771270752
10,0.9781990647315979,0.0875624492764473,0.8877338767051697,0.5063902735710144
11,0.9805687069892883,0.06271448731422424,0.8835758566856384,0.9544344544410706
12,0.9815165996551514,0.053635794669389725,0.8939709067344666,0.49266308546066284
13,0.9781990647315979,0.07853396981954575,0.866943895816803,0.5948787331581116
14,0.9819905161857605,0.07415715605020523,0.8877338767051697,0.7180272340774536
15,0.9824644327163696,0.10035999864339828,0.8877338767051697,1.10385262966156
16,0.978672981262207,0.09271380305290222,0.9002078771591187,0.6553602814674377
17,0.9815165996551514,0.06036875396966934,0.8877338767051697,0.7256693840026855
18,0.978672981262207,0.10321591794490814,0.879417896270752,1.2899235486984253
19,0.9872037768363953,0.0455964021384716,0.8877338767051697,0.8182750940322876
20,0.9928910136222839,0.03221818432211876,0.8877338767051697,1.084409475326538
21,0.9928910136222839,0.02643461897969246,0.8877338767051697,0.7366109490394592
22,0.9895734786987305,0.04325973242521286,0.9106029272079468,0.4133168160915375
23,0.9962085485458374,0.016410497948527336,0.8898128867149353,0.5604518055915833
24,0.9962085485458374,0.020613228902220726,0.8877338767051697,0.9850132465362549
25,0.9881516695022583,0.04113747179508209,0.9022868871688843,0.3935142457485199
26,0.9914692044258118,0.026616372168064117,0.8773388862609863,0.39119550585746765
27,0.9914692044258118,0.04200517386198044,0.8877338767051697,0.6979885101318359
28,0.9943128228187561,0.011462513357400894,0.8877338767051697,1.2486289739608765
29,0.9957345724105835,0.013531210832297802,0.8877338767051697,1.7444052696228027
30,0.9966824650764465,0.011612404137849808,0.8877338767051697,0.9740684628486633
31,0.9848341345787048,0.06388312578201294,0.8731808662414551,1.2937097549438477
32,0.9867298603057861,0.09831638634204865,0.8752598762512207,1.4627711772918701
33,0.9767772555351257,0.1540696769952774,0.8877338767051697,1.2145942449569702
34,0.9834123253822327,0.08694098144769669,0.8877338767051697,0.7383129596710205
35,0.9962085485458374,0.0171970147639513,0.8877338767051697,1.2070508003234863
36,0.9819905161857605,0.1068524420261383,0.879417896270752,0.8639757037162781
37,0.9909952878952026,0.035386502742767334,0.8877338767051697,1.471480131149292
38,0.9981042742729187,0.006242907606065273,0.8877338767051697,0.9318745136260986
39,0.9957345724105835,0.017299531027674675,0.8877338767051697,2.144784450531006
40,0.9909952878952026,0.05513964220881462,0.8877338767051697,2.210284948348999
41,0.9886255860328674,0.045577481389045715,0.879417896270752,1.4579071998596191
42,0.9947867393493652,0.020293379202485085,0.8877338767051697,1.0766072273254395
43,0.9928910136222839,0.02596999704837799,0.8877338767051697,0.6848006844520569
44,0.9976303577423096,0.00878362450748682,0.8877338767051697,1.9174338579177856
45,0.9952606558799744,0.018147818744182587,0.8711018562316895,3.047147750854492
46,0.9943128228187561,0.0158299021422863,0.8877338767051697,2.6356234550476074
47,0.9919431209564209,0.02830626256763935,0.8877338767051697,2.41208815574646
48,0.9971563816070557,0.012541665695607662,0.8877338767051697,1.307222843170166
49,0.9981042742729187,0.0033825403079390526,0.8877338767051697,1.2149091958999634
