epoch,accuracy,loss,val_accuracy,val_loss
0,0.8028436303138733,0.8534369468688965,0.6257796287536621,1.366542100906372
1,0.9251185059547424,0.5056466460227966,0.6257796287536621,2.200305938720703
2,0.9327014088630676,0.2989879250526428,0.7941787838935852,1.2640224695205688
3,0.9554502367973328,0.17127682268619537,0.5987526178359985,1.935823678970337
4,0.9516587853431702,0.16884827613830566,0.8461538553237915,1.295245885848999
5,0.9606634974479675,0.19607864320278168,0.8814969062805176,0.7129292488098145
6,0.9691942930221558,0.11986790597438812,0.8877338767051697,0.8598122000694275
7,0.9720379114151001,0.09730580449104309,0.9459459185600281,0.11215876787900925
8,0.9654028415679932,0.15393458306789398,0.8898128867149353,0.36817342042922974
9,0.9739336371421814,0.07995091378688812,0.8877338767051697,0.5692165493965149
10,0.9753554463386536,0.09253565967082977,0.8877338767051697,0.7667958736419678
11,0.9758293628692627,0.10042461007833481,0.8877338767051697,1.2834638357162476
12,0.9881516695022583,0.03517626225948334,0.8877338767051697,1.3704555034637451
13,0.9800947904586792,0.06283124536275864,0.8877338767051697,0.8557974100112915
14,0.9838862419128418,0.04609249159693718,0.9085239171981812,0.288266658782959
15,0.9824644327163696,0.10061122477054596,0.8939709067344666,0.6106328964233398
16,0.9867298603057861,0.04279447719454765,0.8877338767051697,0.5093100070953369
17,0.9881516695022583,0.04182112589478493,0.8648648858070374,1.3800089359283447
18,0.9881516695022583,0.032166916877031326,0.8877338767051697,0.988885760307312
19,0.9611374139785767,0.27540719509124756,0.8565488457679749,1.3927510976791382
20,0.9701421856880188,0.2185751050710678,0.8918918967247009,0.5351988673210144
21,0.9819905161857605,0.0866004154086113,0.8877338767051697,0.7995586395263672
22,0.9900473952293396,0.07100757211446762,0.885654866695404,0.7546521425247192
23,0.9890995025634766,0.034104496240615845,0.8877338767051697,0.9678764939308167
24,0.9943128228187561,0.01602747105062008,0.8960499167442322,0.6480681300163269
25,0.9938388466835022,0.02061139978468418,0.8877338767051697,1.1139955520629883
26,0.9928910136222839,0.018578460440039635,0.8877338767051697,1.2675591707229614
27,0.9957345724105835,0.017156343907117844,0.9126819372177124,0.3574013113975525
28,0.9772511720657349,0.12116893380880356,0.8648648858070374,0.8893166184425354
29,0.9900473952293396,0.05045856535434723,0.8877338767051697,1.0200810432434082
30,0.9843602180480957,0.09904173016548157,0.885654866695404,1.2590910196304321
31,0.9981042742729187,0.010182426311075687,0.8877338767051697,0.9780653119087219
32,0.9995260834693909,0.003192452946677804,0.8898128867149353,0.8511168956756592
