epoch,accuracy,loss,val_accuracy,val_loss
0,0.7966824769973755,0.68192058801651,0.6257796287536621,2.6159472465515137
1,0.9265402555465698,0.4356112778186798,0.6257796287536621,5.88581657409668
2,0.9303317666053772,0.2953476905822754,0.5135135054588318,2.031268835067749
3,0.9573459625244141,0.1481141299009323,0.5800415873527527,2.4517102241516113
4,0.949289083480835,0.2461283802986145,0.6652806401252747,2.3688507080078125
5,0.9611374139785767,0.12206649780273438,0.8877338767051697,0.7072583436965942
6,0.9672985672950745,0.11525892466306686,0.8607068657875061,0.7715555429458618
7,0.9725118279457092,0.09563934057950974,0.885654866695404,0.7534278035163879
8,0.9701421856880188,0.13099625706672668,0.9022868871688843,0.3048587739467621
9,0.9729858040809631,0.0915316790342331,0.8877338767051697,1.0313918590545654
10,0.9559241533279419,0.19525523483753204,0.8877338767051697,0.7804434299468994
11,0.9834123253822327,0.054336514323949814,0.8877338767051697,0.8701781034469604
12,0.9805687069892883,0.07062338292598724,0.8898128867149353,0.50004643201828
13,0.9881516695022583,0.03423012048006058,0.8877338767051697,0.45426124334335327
14,0.9886255860328674,0.05302760377526283,0.879417896270752,0.3857175409793854
15,0.9914692044258118,0.0266876257956028,0.8918918967247009,0.3872401714324951
16,0.9772511720657349,0.1465531587600708,0.8877338767051697,0.8088618516921997
17,0.9744075536727905,0.10280553251504898,0.8877338767051697,1.570339560508728
18,0.9834123253822327,0.05007888004183769,0.8877338767051697,1.1326583623886108
19,0.9772511720657349,0.14021700620651245,0.8503118753433228,1.0259779691696167
20,0.986255943775177,0.08935593068599701,0.8877338767051697,0.8873135447502136
21,0.99241703748703,0.02876027300953865,0.885654866695404,1.266124963760376
22,0.985308051109314,0.04358088970184326,0.8877338767051697,1.0057142972946167
23,0.99241703748703,0.034297406673431396,0.8981289267539978,0.3985840976238251
24,0.9848341345787048,0.07649361342191696,0.8877338767051697,1.1749780178070068
25,0.9914692044258118,0.06158505752682686,0.8835758566856384,0.6084448099136353
26,0.9914692044258118,0.029374444857239723,0.8877338767051697,1.3563603162765503
27,0.9881516695022583,0.04416077211499214,0.8877338767051697,1.3566770553588867
28,0.9905213117599487,0.08600087463855743,0.8877338767051697,1.3664168119430542
29,0.9905213117599487,0.043247781693935394,0.8877338767051697,0.8834869861602783
30,0.9938388466835022,0.039711158722639084,0.8877338767051697,1.2527210712432861
31,0.9943128228187561,0.020178237929940224,0.8981289267539978,0.5094449520111084
32,0.985308051109314,0.06324054300785065,0.8835758566856384,0.8562169075012207
33,0.9943128228187561,0.027871452271938324,0.8877338767051697,0.8625296950340271
