epoch,accuracy,loss,val_accuracy,val_loss
0,0.8104265332221985,0.7340089082717896,0.6257796287536621,1.9546010494232178
1,0.928909957408905,0.3713265061378479,0.6257796287536621,5.019596099853516
2,0.9327014088630676,0.4047281742095947,0.4864864945411682,4.841164588928223
3,0.9260663390159607,0.36464494466781616,0.6756756901741028,2.403137683868408
4,0.9601895809173584,0.1456286907196045,0.8731808662414551,1.8083279132843018
5,0.9545023441314697,0.21812625229358673,0.8814969062805176,0.8432136178016663
6,0.9682464599609375,0.11921282112598419,0.8981289267539978,0.3398365080356598
7,0.9701421856880188,0.14325247704982758,0.885654866695404,0.643371045589447
8,0.9668246507644653,0.10493888705968857,0.9022868871688843,0.3061106503009796
9,0.9744075536727905,0.11622867733240128,0.8877338767051697,1.1698826551437378
10,0.9710900187492371,0.09749800711870193,0.8939709067344666,0.3473215103149414
11,0.9829384088516235,0.05515984073281288,0.8752598762512207,0.6533840298652649
12,0.9672985672950745,0.14729323983192444,0.8835758566856384,0.7782139182090759
13,0.9796208739280701,0.08393961191177368,0.8461538553237915,0.9826419949531555
14,0.9857819676399231,0.04960700124502182,0.8814969062805176,0.9455425143241882
15,0.9781990647315979,0.11483479291200638,0.8544698357582092,0.9536982774734497
16,0.9867298603057861,0.03514105826616287,0.8877338767051697,1.2598201036453247
17,0.9933649301528931,0.025889525189995766,0.8877338767051697,1.052944302558899
18,0.9933649301528931,0.0264251921325922,0.8877338767051697,1.1795804500579834
19,0.9706161022186279,0.1278441995382309,0.8419958353042603,1.5050474405288696
20,0.9848341345787048,0.07612339407205582,0.8877338767051697,1.2923917770385742
21,0.985308051109314,0.05380653589963913,0.9064449071884155,0.6821304559707642
22,0.9881516695022583,0.0436583049595356,0.8877338767051697,2.7697665691375732
23,0.9881516695022583,0.054727938026189804,0.8877338767051697,1.0826525688171387
24,0.9938388466835022,0.022536402568221092,0.8877338767051697,1.0710808038711548
25,0.9943128228187561,0.018609726801514626,0.8877338767051697,0.9330361485481262
26,0.9928910136222839,0.034226082265377045,0.8877338767051697,1.5324615240097046
27,0.9957345724105835,0.008801870048046112,0.8877338767051697,1.2247053384780884
28,0.9938388466835022,0.018983960151672363,0.8877338767051697,0.7925564646720886
29,0.9971563816070557,0.015047474764287472,0.9064449071884155,0.4538334012031555
30,0.9914692044258118,0.021124014630913734,0.8877338767051697,0.8304158449172974
31,0.9886255860328674,0.03388182818889618,0.8877338767051697,1.0388834476470947
32,0.9890995025634766,0.07845081388950348,0.8627858757972717,1.056363821029663
33,0.9824644327163696,0.13425345718860626,0.8877338767051697,1.641732931137085
