epoch,accuracy,loss,val_accuracy,val_loss
0,0.8180094957351685,0.7091763019561768,0.6257796287536621,2.82940936088562
1,0.9246445298194885,0.35147058963775635,0.6257796287536621,4.594127178192139
2,0.9417061805725098,0.27995064854621887,0.5093554854393005,2.930901288986206
3,0.935545027256012,0.30376747250556946,0.777546763420105,1.5392037630081177
4,0.9563981294631958,0.2042972445487976,0.8731808662414551,1.2921509742736816
5,0.9606634974479675,0.17264391481876373,0.8627858757972717,0.8679504990577698
6,0.9658767580986023,0.1318100541830063,0.8877338767051697,0.8499264717102051
7,0.9535545110702515,0.2207343876361847,0.885654866695404,1.0181059837341309
8,0.9663507342338562,0.14159651100635529,0.8212057948112488,1.2074543237686157
9,0.9710900187492371,0.12163852155208588,0.8607068657875061,1.11934232711792
10,0.9691942930221558,0.0997677594423294,0.8939709067344666,0.30632853507995605
11,0.9739336371421814,0.09380629658699036,0.9043658971786499,0.4087497591972351
12,0.9725118279457092,0.12586933374404907,0.8607068657875061,1.2402883768081665
13,0.9729858040809631,0.1286509484052658,0.8877338767051697,0.7634106278419495
14,0.9886255860328674,0.04048173874616623,0.8981289267539978,0.7359906435012817
15,0.9905213117599487,0.03201179951429367,0.8918918967247009,0.7768259048461914
16,0.99241703748703,0.026537099853157997,0.8981289267539978,0.6504023671150208
17,0.9900473952293396,0.02862645871937275,0.9355509281158447,0.22042478621006012
18,0.9872037768363953,0.04049430042505264,0.8877338767051697,1.0086637735366821
19,0.9928910136222839,0.0328984409570694,0.8877338767051697,1.8388588428497314
20,0.9819905161857605,0.07250039279460907,0.8981289267539978,1.0212064981460571
21,0.9914692044258118,0.04054016247391701,0.9002078771591187,0.7343605160713196
22,0.9957345724105835,0.012843996286392212,0.8918918967247009,0.6324707865715027
23,0.9805687069892883,0.07812711596488953,0.885654866695404,0.9198338389396667
24,0.986255943775177,0.08636105805635452,0.885654866695404,3.032349109649658
25,0.9744075536727905,0.1302637904882431,0.8544698357582092,0.6568824052810669
26,0.9848341345787048,0.07328363507986069,0.8877338767051697,0.7188526391983032
27,0.9971563816070557,0.014274791814386845,0.8877338767051697,1.5005958080291748
28,0.9890995025634766,0.07577942311763763,0.8877338767051697,1.3790353536605835
29,0.9919431209564209,0.04439815133810043,0.9043658971786499,0.4285038113594055
30,0.9905213117599487,0.03436945751309395,0.8877338767051697,1.3930882215499878
31,0.9938388466835022,0.01665624789893627,0.8877338767051697,1.5360523462295532
32,0.9905213117599487,0.03246072679758072,0.8877338767051697,1.8122533559799194
33,0.9867298603057861,0.11190831661224365,0.8877338767051697,1.0055896043777466
34,0.9966824650764465,0.01982193998992443,0.8877338767051697,1.042490005493164
35,0.99241703748703,0.040957365185022354,0.8898128867149353,0.6761528253555298
36,0.9876777529716492,0.04270472005009651,0.8648648858070374,3.491157054901123
37,0.9848341345787048,0.0734638050198555,0.9168398976325989,0.5651397109031677
38,0.99241703748703,0.05314582958817482,0.9085239171981812,0.6617911458015442
39,0.9919431209564209,0.03150355815887451,0.8877338767051697,2.150160074234009
40,0.9957345724105835,0.011087661609053612,0.8877338767051697,1.5237969160079956
41,0.9962085485458374,0.019914275035262108,0.8877338767051697,1.1474816799163818
42,0.9947867393493652,0.01813369244337082,0.8877338767051697,2.0799810886383057
