epoch,accuracy,loss,val_accuracy,val_loss
0,0.7914692163467407,0.8400632739067078,0.6257796287536621,2.3825583457946777
1,0.9241706132888794,0.35593122243881226,0.530145525932312,2.505277156829834
2,0.9436019062995911,0.21294903755187988,0.6257796287536621,3.781738042831421
3,0.9535545110702515,0.1784178465604782,0.6902287006378174,2.4338159561157227
4,0.9587677717208862,0.18138408660888672,0.8544698357582092,0.6136887669563293
5,0.963981032371521,0.11402947455644608,0.8939709067344666,0.29130882024765015
6,0.9663507342338562,0.11868751794099808,0.8981289267539978,0.25255194306373596
7,0.9616113901138306,0.1218770369887352,0.8835758566856384,0.9761043190956116
8,0.9635071158409119,0.1655661165714264,0.8877338767051697,0.6282405257225037
9,0.9734597206115723,0.09591983258724213,0.8877338767051697,0.6303048729896545
10,0.9682464599609375,0.13238918781280518,0.8877338767051697,0.6647226810455322
11,0.9763033390045166,0.08270575106143951,0.8877338767051697,0.7128265500068665
12,0.9772511720657349,0.1156245693564415,0.8877338767051697,0.651618242263794
13,0.9843602180480957,0.05406178906559944,0.8877338767051697,0.6667635440826416
14,0.9843602180480957,0.050600599497556686,0.8877338767051697,0.9879157543182373
15,0.9876777529716492,0.044360026717185974,0.8877338767051697,0.8803162574768066
16,0.9895734786987305,0.04993513226509094,0.8939709067344666,0.32017064094543457
17,0.9829384088516235,0.10424499213695526,0.8939709067344666,0.3601153492927551
18,0.9905213117599487,0.06034868210554123,0.8877338767051697,1.8341619968414307
19,0.9881516695022583,0.04085897281765938,0.8877338767051697,0.9239189624786377
20,0.9900473952293396,0.03617158904671669,0.8877338767051697,0.9042420983314514
21,0.9876777529716492,0.0771067887544632,0.9501039385795593,0.13325420022010803
22,0.985308051109314,0.06392627954483032,0.8877338767051697,0.9640154242515564
23,0.9966824650764465,0.011709766462445259,0.8877338767051697,0.9685513377189636
24,0.9815165996551514,0.13479655981063843,0.885654866695404,1.1180658340454102
25,0.9720379114151001,0.1547861397266388,0.6382536292076111,2.9438281059265137
26,0.9890995025634766,0.0412956103682518,0.8898128867149353,0.5508314967155457
27,0.9933649301528931,0.03607531264424324,0.9251559376716614,0.3317515254020691
28,0.9938388466835022,0.024866491556167603,0.8814969062805176,1.859192967414856
29,0.9890995025634766,0.061527978628873825,0.9168398976325989,0.4534173309803009
30,0.9900473952293396,0.06453803181648254,0.8877338767051697,1.0226417779922485
31,0.9900473952293396,0.03764817863702774,0.8877338767051697,1.7360984086990356
32,0.9881516695022583,0.044128239154815674,0.8607068657875061,1.6000840663909912
33,0.9881516695022583,0.058302540332078934,0.8877338767051697,1.2429924011230469
34,0.9938388466835022,0.024689538404345512,0.8877338767051697,1.0110260248184204
35,0.99241703748703,0.04601836949586868,0.8877338767051697,1.799605369567871
36,0.9919431209564209,0.03132611885666847,0.8877338767051697,2.01501727104187
37,0.9909952878952026,0.03497234359383583,0.8877338767051697,1.4069324731826782
38,0.9933649301528931,0.06564810872077942,0.8877338767051697,0.971868634223938
39,0.9985781908035278,0.0052102492190897465,0.8877338767051697,2.0056967735290527
40,0.9957345724105835,0.014435429126024246,0.8877338767051697,1.8387534618377686
41,0.9890995025634766,0.04673970863223076,0.9106029272079468,0.3943648636341095
42,0.9957345724105835,0.017849570140242577,0.8877338767051697,1.4106274843215942
43,0.9796208739280701,0.1358102560043335,0.8877338767051697,1.6397712230682373
44,0.9933649301528931,0.02111709862947464,0.8918918967247009,0.633891224861145
45,0.9947867393493652,0.02027692273259163,0.8877338767051697,1.2426879405975342
46,0.9943128228187561,0.025259889662265778,0.8877338767051697,0.8576815128326416
