epoch,accuracy,loss,val_accuracy,val_loss
0,0.807108998298645,0.7301570177078247,0.6257796287536621,2.3637547492980957
1,0.9075829386711121,0.48900938034057617,0.6257796287536621,5.506392478942871
2,0.9360189437866211,0.3046380579471588,0.5883575677871704,2.406581163406372
3,0.9592416882514954,0.12937110662460327,0.7463617324829102,2.0587494373321533
4,0.9530805945396423,0.24886223673820496,0.8316008448600769,1.00257408618927
5,0.9526066184043884,0.2046721875667572,0.8877338767051697,0.7096068263053894
6,0.9587677717208862,0.15176142752170563,0.8544698357582092,0.7718268036842346
7,0.9772511720657349,0.0800972580909729,0.8877338767051697,0.6093764305114746
8,0.9706161022186279,0.09983568638563156,0.9043658971786499,0.3119608461856842
9,0.9763033390045166,0.10165029019117355,0.879417896270752,0.9290772080421448
10,0.9696682691574097,0.12158236652612686,0.8586278557777405,0.6388691663742065
11,0.9710900187492371,0.0979136973619461,0.885654866695404,1.0506126880645752
12,0.9843602180480957,0.03628354147076607,0.8877338767051697,1.1470175981521606
13,0.971563994884491,0.10411447286605835,0.885654866695404,0.39281490445137024
14,0.971563994884491,0.20278708636760712,0.8877338767051697,0.5634329915046692
15,0.9810426831245422,0.0707518607378006,0.9147608876228333,0.23214706778526306
16,0.9691942930221558,0.14100532233715057,0.885654866695404,0.4823107123374939
17,0.971563994884491,0.1539059579372406,0.885654866695404,1.0295850038528442
18,0.9881516695022583,0.03660978376865387,0.8877338767051697,0.7002710103988647
19,0.9943128228187561,0.015264376997947693,0.8877338767051697,0.7275068759918213
20,0.9919431209564209,0.019587408751249313,0.8877338767051697,0.8777188062667847
21,0.9966824650764465,0.01515148300677538,0.8877338767051697,0.7576814293861389
22,0.9848341345787048,0.08115582168102264,0.8877338767051697,0.7899940013885498
23,0.9900473952293396,0.022416885942220688,0.8877338767051697,0.8573733568191528
24,0.9819905161857605,0.055722836405038834,0.8877338767051697,1.6763603687286377
25,0.99241703748703,0.02309771254658699,0.8877338767051697,0.9890568256378174
26,0.9957345724105835,0.0156076205894351,0.885654866695404,1.3751636743545532
27,0.9796208739280701,0.07494572550058365,0.8939709067344666,0.40538471937179565
28,0.9966824650764465,0.012783367186784744,0.8877338767051697,0.5943162441253662
29,0.9933649301528931,0.06630072742700577,0.8877338767051697,1.5986640453338623
30,0.9867298603057861,0.05061457306146622,0.8877338767051697,0.7918050289154053
31,0.9919431209564209,0.0257115438580513,0.8877338767051697,1.0316431522369385
32,0.9914692044258118,0.027905402705073357,0.8877338767051697,1.6348628997802734
33,0.9928910136222839,0.026743372902274132,0.8877338767051697,1.4897905588150024
34,0.9829384088516235,0.07909426838159561,0.7110186815261841,1.3914275169372559
35,0.9919431209564209,0.02816476672887802,0.8877338767051697,0.8019987344741821
36,0.9900473952293396,0.045441001653671265,0.8814969062805176,1.2481485605239868
37,0.9895734786987305,0.05039490386843681,0.8877338767051697,0.9024912714958191
38,0.9876777529716492,0.05771999806165695,0.8877338767051697,1.4180629253387451
39,0.9909952878952026,0.04010115563869476,0.9064449071884155,0.9303544163703918
40,0.9872037768363953,0.07726213335990906,0.8877338767051697,2.7358856201171875
