epoch,accuracy,loss,lr,val_accuracy,val_loss
0,0.7008783221244812,0.629524290561676,0.001,0.48241207003593445,4.223413467407227
1,0.7992472052574158,0.4538256824016571,0.001,0.48241207003593445,15.069610595703125
2,0.826097846031189,0.38943254947662354,0.001,0.48241207003593445,22.329477310180664
3,0.8552070260047913,0.33054837584495544,0.001,0.47319933772087097,15.43336296081543
4,0.8672521710395813,0.3184910714626312,0.001,0.5293132066726685,4.7105231285095215
5,0.8803011178970337,0.2798871695995331,0.001,0.5996649861335754,1.708356499671936
6,0.8936010003089905,0.25697246193885803,0.001,0.5117253065109253,3.43100643157959
7,0.9051442742347717,0.24152019619941711,0.001,0.5753768682479858,2.0735666751861572
8,0.9134253263473511,0.2255435734987259,0.001,0.572026789188385,2.1938602924346924
9,0.9186950922012329,0.20575463771820068,0.001,0.5670017004013062,2.852189302444458
10,0.9329987168312073,0.17063617706298828,0.001,0.49497488141059875,3.5105762481689453
11,0.9237139225006104,0.20032751560211182,0.001,0.4254606366157532,5.8943610191345215
12,0.9324968457221985,0.16837188601493835,0.001,0.312395304441452,5.943541526794434
13,0.9332497119903564,0.16640488803386688,0.001,0.5100502371788025,4.695088863372803
14,0.9377666115760803,0.1555984765291214,0.001,0.5762144327163696,3.4075422286987305
15,0.9302383661270142,0.16444003582000732,0.001,0.5636515617370605,5.561196804046631
16,0.9538268446922302,0.12293350696563721,0.0003,0.5929648280143738,4.00291633605957
17,0.9578419327735901,0.11051923781633377,0.0003,0.48324957489967346,4.081850051879883
18,0.9593475461006165,0.1045508086681366,0.0003,0.6331658363342285,2.859123945236206
19,0.9633626341819763,0.10006991028785706,0.0003,0.6390284895896912,3.8803887367248535
20,0.9621078968048096,0.09617751836776733,0.0003,0.5778894424438477,3.670281410217285
21,0.9618569612503052,0.10227755457162857,0.0003,0.5318257808685303,3.6837379932403564
22,0.9636135697364807,0.09229055792093277,0.0003,0.48241207003593445,4.354826927185059
23,0.9638645052909851,0.09091074764728546,0.0003,0.4505862593650818,3.025996208190918
24,0.9666248559951782,0.08693068474531174,0.0003,0.5686767101287842,3.216862916946411
25,0.9678795337677002,0.0834023654460907,0.0003,0.6474036574363708,4.195446014404297
26,0.9728983640670776,0.07239806652069092,9e-05,0.6457286477088928,3.809338331222534
27,0.9723964929580688,0.06873610615730286,9e-05,0.589614748954773,4.204556941986084
28,0.975156843662262,0.07058610767126083,9e-05,0.6046901345252991,4.41078519821167
29,0.9764115214347839,0.06352502107620239,9e-05,0.641541063785553,4.300572872161865
30,0.9736511707305908,0.07056600600481033,9e-05,0.5795645117759705,4.0789008140563965
31,0.9746549725532532,0.06631449609994888,9e-05,0.5301507711410522,4.671189308166504
32,0.9749059081077576,0.0625467300415039,9e-05,0.5963149070739746,4.692348957061768
33,0.9769134521484375,0.06564680486917496,9e-05,0.5820770263671875,3.753981590270996
34,0.9764115214347839,0.05903204530477524,9e-05,0.572026789188385,4.061775207519531
35,0.9796738028526306,0.06429518014192581,9e-05,0.642378568649292,4.0656352043151855
36,0.981179416179657,0.05385039374232292,2.7e-05,0.6130653023719788,4.201330661773682
37,0.979171872138977,0.05460362881422043,2.7e-05,0.5829145908355713,4.531473159790039
38,0.9794228076934814,0.05547107383608818,2.7e-05,0.6206030249595642,4.342479228973389
39,0.9771643877029419,0.058453790843486786,2.7e-05,0.5996649861335754,4.378347396850586
40,0.9824341535568237,0.053118444979190826,2.7e-05,0.590452253818512,4.583078861236572
41,0.9806775450706482,0.04911177605390549,2.7e-05,0.6097152233123779,4.399432182312012
42,0.9826850891113281,0.05149901658296585,2.7e-05,0.6340033411979675,4.553081512451172
43,0.979924738407135,0.05476425960659981,2.7e-05,0.6072027087211609,4.333561897277832
44,0.979171872138977,0.05528648570179939,2.7e-05,0.6139028668403625,4.422939777374268
45,0.9821831583976746,0.05299728736281395,2.7e-05,0.6105527877807617,4.470207691192627
46,0.9781681299209595,0.059335269033908844,8.1e-06,0.6105527877807617,4.5144829750061035
47,0.9794228076934814,0.05467624589800835,8.1e-06,0.6147403717041016,4.499937057495117
48,0.9814303517341614,0.05079479515552521,8.1e-06,0.5979899764060974,4.630747318267822
49,0.9806775450706482,0.05332391336560249,8.1e-06,0.6013400554656982,4.607484817504883
