epoch,accuracy,loss,lr,val_accuracy,val_loss
0,0.688582181930542,0.6577774286270142,0.001,0.48241207003593445,5.873913288116455
1,0.7806775569915771,0.4792787432670593,0.001,0.48241207003593445,16.330854415893555
2,0.824843168258667,0.40426942706108093,0.001,0.48241207003593445,18.497772216796875
3,0.8612295985221863,0.3427194058895111,0.001,0.48241207003593445,8.354434967041016
4,0.8584692478179932,0.3298856317996979,0.001,0.38860970735549927,3.3841679096221924
5,0.8725219368934631,0.31387436389923096,0.001,0.4849246144294739,3.4661097526550293
6,0.8740276098251343,0.2944946885108948,0.001,0.48324957489967346,3.1271567344665527
7,0.8883312344551086,0.26846861839294434,0.001,0.572864294052124,2.5611658096313477
8,0.9031367897987366,0.24258431792259216,0.001,0.5460636615753174,3.0554749965667725
9,0.9069008827209473,0.22290858626365662,0.001,0.572026789188385,3.1069095134735107
10,0.9169385433197021,0.20708097517490387,0.001,0.5644891262054443,2.2566092014312744
11,0.9209535717964172,0.2091999351978302,0.001,0.6113902926445007,2.409486770629883
12,0.9207026362419128,0.18744949996471405,0.001,0.5083752274513245,6.35948371887207
13,0.9224592447280884,0.19330987334251404,0.001,0.46901172399520874,4.328810214996338
14,0.9327477812767029,0.17234033346176147,0.001,0.38693466782569885,5.941720962524414
15,0.9249686598777771,0.1787635236978531,0.001,0.48241207003593445,4.346716403961182
16,0.9397741556167603,0.15855157375335693,0.001,0.5996649861335754,4.327779293060303
17,0.9410288333892822,0.13957452774047852,0.001,0.49413734674453735,4.737022399902344
18,0.9407778978347778,0.1626989245414734,0.001,0.48241207003593445,26.3695068359375
19,0.9397741556167603,0.15498137474060059,0.001,0.46901172399520874,6.9980597496032715
20,0.9450439214706421,0.1376556158065796,0.001,0.6457286477088928,3.916184186935425
21,0.9570890665054321,0.10527487844228745,0.0003,0.5485762357711792,3.0754432678222656
22,0.9648682475090027,0.09203571826219559,0.0003,0.552763819694519,3.6529412269592285
23,0.9678795337677002,0.08737967908382416,0.0003,0.5309882760047913,3.6883468627929688
24,0.9676285982131958,0.08468925207853317,0.0003,0.571189284324646,4.0205979347229
25,0.9688833355903625,0.08184407651424408,0.0003,0.6072027087211609,4.13581657409668
26,0.9734002351760864,0.07140284031629562,0.0003,0.55192631483078,4.017823696136475
27,0.9676285982131958,0.0840769037604332,0.0003,0.4882746934890747,5.46563720703125
28,0.9698870778083801,0.07922083139419556,0.0003,0.5670017004013062,3.5245437622070312
29,0.9711417555809021,0.076245978474617,0.0003,0.5938023328781128,4.0884552001953125
30,0.9703889489173889,0.07583823800086975,0.0003,0.5938023328781128,4.777547836303711
31,0.9754077792167664,0.06326581537723541,9e-05,0.6105527877807617,4.225808620452881
32,0.9771643877029419,0.05919627845287323,9e-05,0.5971524119377136,4.781960964202881
33,0.9764115214347839,0.06332634389400482,9e-05,0.5871021747589111,4.415201187133789
34,0.9764115214347839,0.06267093867063522,9e-05,0.5787269473075867,4.597835540771484
35,0.9769134521484375,0.056776419281959534,9e-05,0.5586264729499817,4.328052997589111
36,0.9759096503257751,0.06519021093845367,9e-05,0.5577889680862427,4.641651153564453
37,0.9779171943664551,0.06115119531750679,9e-05,0.5402010083198547,4.795925140380859
38,0.9771643877029419,0.06229240819811821,9e-05,0.589614748954773,5.177865982055664
39,0.9774153232574463,0.05540585517883301,9e-05,0.5879396796226501,4.493021488189697
40,0.9774153232574463,0.05492974817752838,9e-05,0.5954774022102356,4.607226371765137
41,0.9821831583976746,0.04848166182637215,2.7e-05,0.6172529458999634,4.549165725708008
42,0.979171872138977,0.05544125288724899,2.7e-05,0.6222780346870422,4.746549129486084
43,0.9781681299209595,0.05782020464539528,2.7e-05,0.6155778765678406,4.625518798828125
44,0.9801756739616394,0.05157913267612457,2.7e-05,0.6088777184486389,4.688581466674805
45,0.9816812872886658,0.052805423736572266,2.7e-05,0.5996649861335754,4.699915409088135
46,0.9821831583976746,0.050109509378671646,2.7e-05,0.6155778765678406,4.649927616119385
47,0.9806775450706482,0.049876824021339417,2.7e-05,0.6139028668403625,4.887327671051025
48,0.979171872138977,0.05610227212309837,2.7e-05,0.6046901345252991,4.825772762298584
49,0.9816812872886658,0.05033170059323311,2.7e-05,0.6197655200958252,4.735866546630859
