epoch,accuracy,loss,lr,val_accuracy,val_loss
0,0.6858218312263489,0.6346566677093506,0.001,0.48241207003593445,7.163717269897461
1,0.7982434034347534,0.4548138976097107,0.001,0.48241207003593445,18.84971809387207
2,0.8393977284431458,0.3710850179195404,0.001,0.48241207003593445,22.34407615661621
3,0.8562107682228088,0.34764277935028076,0.001,0.48241207003593445,7.989903926849365
4,0.8760351538658142,0.2980826795101166,0.001,0.3324958086013794,3.306443691253662
5,0.8890840411186218,0.2692471742630005,0.001,0.4170854389667511,2.600994348526001
6,0.9114178419113159,0.21257735788822174,0.001,0.43634840846061707,5.455363750457764
7,0.9149309992790222,0.21454186737537384,0.001,0.45896148681640625,3.3976454734802246
8,0.9111668467521667,0.21890315413475037,0.001,0.47236180305480957,2.9745688438415527
9,0.9262233376502991,0.18983563780784607,0.001,0.500837504863739,4.61108922958374
10,0.9284818172454834,0.19314754009246826,0.001,0.4070351719856262,4.458171367645264
11,0.9360100626945496,0.16857436299324036,0.001,0.3953098952770233,5.23134183883667
12,0.9385194182395935,0.1633852869272232,0.001,0.4991624653339386,4.915265083312988
13,0.9347553253173828,0.16433793306350708,0.001,0.5410385131835938,1.9836812019348145
14,0.940276026725769,0.15484671294689178,0.001,0.4530988335609436,6.453993797302246
15,0.9427854418754578,0.14633305370807648,0.001,0.49664992094039917,5.024108409881592
16,0.9528231024742126,0.12913250923156738,0.001,0.49329984188079834,3.8271398544311523
17,0.9485570788383484,0.13475154340267181,0.001,0.49581238627433777,11.907510757446289
18,0.9548305869102478,0.11768797039985657,0.001,0.5929648280143738,5.1604766845703125
19,0.9520702362060547,0.12950560450553894,0.001,0.6197655200958252,6.2725348472595215
20,0.9493098855018616,0.126910999417305,0.001,0.5862646698951721,5.57618522644043
21,0.9488080143928528,0.12852118909358978,0.001,0.4673366844654083,5.846879959106445
22,0.9568381309509277,0.11237235367298126,0.001,0.428810715675354,8.913923263549805
23,0.9595984816551208,0.10387523472309113,0.001,0.5251256227493286,7.3539934158325195
24,0.9698870778083801,0.07795322686433792,0.0003,0.4673366844654083,3.847186803817749
25,0.9673776626586914,0.07839547097682953,0.0003,0.6256281137466431,3.824742317199707
26,0.9741531014442444,0.06707575172185898,0.0003,0.6113902926445007,4.180616855621338
27,0.9784190654754639,0.06559129059314728,0.0003,0.6457286477088928,5.341962814331055
28,0.9786700010299683,0.06003495678305626,0.0003,0.6331658363342285,5.66168212890625
29,0.9771643877029419,0.055527444928884506,0.0003,0.6549413800239563,5.512343883514404
30,0.9784190654754639,0.05671881139278412,0.0003,0.6675041913986206,6.47023344039917
31,0.9819322228431702,0.05326695367693901,0.0003,0.5954774022102356,7.088113307952881
32,0.9789209365844727,0.05946992337703705,0.0003,0.6172529458999634,5.005434036254883
33,0.9794228076934814,0.05720134824514389,0.0003,0.643216073513031,6.222724914550781
34,0.9864491820335388,0.04295031726360321,9e-05,0.6675041913986206,5.615516185760498
35,0.9831869602203369,0.04541632905602455,9e-05,0.6549413800239563,6.18257999420166
36,0.9829360246658325,0.04552631080150604,9e-05,0.6381909251213074,6.488541603088379
37,0.9844416379928589,0.041986461728811264,9e-05,0.5921273231506348,5.964504241943359
38,0.9844416379928589,0.04036381468176842,9e-05,0.6884422302246094,7.221228122711182
39,0.9864491820335388,0.03850800171494484,9e-05,0.64405357837677,6.475399494171143
40,0.9846925735473633,0.03754839673638344,9e-05,0.6214405298233032,7.277000904083252
41,0.9864491820335388,0.036069076508283615,9e-05,0.6658291220664978,6.720398426055908
42,0.9892095327377319,0.03649904951453209,9e-05,0.5670017004013062,5.819529056549072
43,0.9904642701148987,0.03001241572201252,9e-05,0.6340033411979675,6.179664134979248
44,0.98594731092453,0.036565013229846954,2.7e-05,0.662479043006897,6.673168182373047
45,0.98795485496521,0.033031072467565536,2.7e-05,0.6733668446540833,6.7521185874938965
46,0.98795485496521,0.032063715159893036,2.7e-05,0.6180904507637024,7.104757308959961
47,0.9851945042610168,0.03581498935818672,2.7e-05,0.64405357837677,6.029044151306152
48,0.9917189478874207,0.029206058010458946,2.7e-05,0.662479043006897,6.3284454345703125
49,0.9882057905197144,0.03363819792866707,2.7e-05,0.6691792011260986,6.324822902679443
