epoch,accuracy,loss,lr,val_accuracy,val_loss
0,0.6584692597389221,0.7454632520675659,0.01,0.48241207003593445,13.77881145477295
1,0.7209535837173462,0.6089085936546326,0.01,0.4522612988948822,12.676883697509766
2,0.7111668586730957,0.6070837378501892,0.01,0.4296482503414154,2.0642542839050293
3,0.7698870897293091,0.5280022025108337,0.01,0.5653266310691833,0.8910800814628601
4,0.7894604802131653,0.4903801381587982,0.01,0.5050251483917236,1.405423879623413
5,0.7811794281005859,0.4927421808242798,0.01,0.5058626532554626,2.0873095989227295
6,0.787202000617981,0.5158531665802002,0.01,0.29313233494758606,2.571094036102295
7,0.8017565608024597,0.47370246052742004,0.01,0.48324957489967346,11.045608520507812
8,0.8233374953269958,0.4261469841003418,0.01,0.4246231019496918,1.8091425895690918
9,0.8276035189628601,0.39537668228149414,0.01,0.6273031830787659,2.8391780853271484
10,0.8494353890419006,0.3629845976829529,0.01,0.31490787863731384,3.132690906524658
11,0.8414052724838257,0.3866994082927704,0.01,0.10887771844863892,12.710068702697754
12,0.8306148052215576,0.405507355928421,0.01,0.4757118821144104,1.961348295211792
13,0.8489335179328918,0.374063104391098,0.01,0.4154103994369507,8.493699073791504
14,0.8870765566825867,0.2896474003791809,0.005,0.5745393633842468,1.3759503364562988
15,0.9018820524215698,0.24495252966880798,0.005,0.6264656782150269,1.2040156126022339
16,0.9011292457580566,0.2576245069503784,0.005,0.4045226275920868,3.4934864044189453
17,0.895357608795166,0.2830571234226227,0.005,0.5996649861335754,1.548107624053955
18,0.9058971405029297,0.2407173365354538,0.005,0.4639866054058075,2.8445160388946533
19,0.9176913499832153,0.22736956179141998,0.005,0.36180904507637024,5.168054103851318
