epoch,accuracy,loss,lr,val_accuracy,val_loss
0,0.7144290804862976,0.6102895736694336,0.001,0.48241207003593445,8.397945404052734
1,0.8130489587783813,0.421207457780838,0.001,0.48241207003593445,16.668540954589844
2,0.8343788981437683,0.3771909773349762,0.001,0.48241207003593445,18.333518981933594
3,0.8542032837867737,0.3321051597595215,0.001,0.5343383550643921,6.988824367523193
4,0.8722710013389587,0.3050767183303833,0.001,0.3936348557472229,5.724672794342041
5,0.8808029890060425,0.27960044145584106,0.001,0.3785594701766968,5.973854064941406
6,0.9126725196838379,0.2315978854894638,0.001,0.42211055755615234,4.20822811126709
7,0.8968632221221924,0.26498687267303467,0.001,0.5075376629829407,2.0803771018981934
8,0.9051442742347717,0.23236842453479767,0.001,0.4882746934890747,10.774675369262695
9,0.9194479584693909,0.19228704273700714,0.001,0.5309882760047913,6.444141387939453
10,0.922208309173584,0.19137117266654968,0.001,0.500837504863739,3.9475035667419434
11,0.9332497119903564,0.17942069470882416,0.001,0.6164153814315796,3.973780393600464
12,0.9357590675354004,0.1628691554069519,0.001,0.49246230721473694,4.055851459503174
13,0.9485570788383484,0.12915782630443573,0.001,0.3584589660167694,8.632381439208984
14,0.9314931035041809,0.17370548844337463,0.001,0.48241207003593445,10.944733619689941
15,0.9465495347976685,0.13465015590190887,0.001,0.4154103994369507,8.470757484436035
16,0.9510664939880371,0.12626822292804718,0.001,0.5268006920814514,8.297196388244629
17,0.9548305869102478,0.10825380682945251,0.001,0.4983249604701996,2.9495604038238525
18,0.9643663763999939,0.09221509099006653,0.0003,0.5753768682479858,6.196362018585205
19,0.9726474285125732,0.06911776214838028,0.0003,0.6566163897514343,6.705745220184326
20,0.9776662588119507,0.06173715740442276,0.0003,0.6323283314704895,6.100977897644043
21,0.9774153232574463,0.058645665645599365,0.0003,0.5778894424438477,7.886907577514648
22,0.9728983640670776,0.06918086111545563,0.0003,0.6273031830787659,6.5262651443481445
23,0.9816812872886658,0.05595175176858902,0.0003,0.661641538143158,5.856640338897705
24,0.9804266095161438,0.049587324261665344,0.0003,0.6323283314704895,6.097567558288574
25,0.9789209365844727,0.05259865149855614,0.0003,0.6105527877807617,8.655288696289062
26,0.9766624569892883,0.05886043235659599,0.0003,0.5075376629829407,8.254565238952637
27,0.9831869602203369,0.049745574593544006,0.0003,0.5603014826774597,8.895249366760254
28,0.9819322228431702,0.04114827886223793,9e-05,0.6825795769691467,6.482756614685059
29,0.9869510531425476,0.02979804202914238,9e-05,0.7068676948547363,6.370609760284424
30,0.9899623394012451,0.027207229286432266,9e-05,0.6909547448158264,7.374044895172119
31,0.9917189478874207,0.025760067626833916,9e-05,0.661641538143158,7.206818580627441
32,0.9897114038467407,0.02609810046851635,9e-05,0.6917923092842102,7.663304328918457
33,0.9889585971832275,0.02975492924451828,9e-05,0.6574539542198181,7.669777870178223
34,0.9894604682922363,0.030671577900648117,9e-05,0.6783919334411621,7.3671040534973145
35,0.9932246208190918,0.024663256481289864,9e-05,0.6934673190116882,6.945122718811035
36,0.9932246208190918,0.021057970821857452,9e-05,0.6532663106918335,7.273229122161865
37,0.9912170767784119,0.025205818936228752,9e-05,0.6507537961006165,7.695599555969238
38,0.9932246208190918,0.018990028649568558,2.7e-05,0.6859296560287476,7.043422698974609
39,0.9917189478874207,0.02226630039513111,2.7e-05,0.6984924674034119,6.810884475708008
40,0.9927226901054382,0.021042412146925926,2.7e-05,0.6901172399520874,6.648055553436279
41,0.9904642701148987,0.024033265188336372,2.7e-05,0.6909547448158264,6.507531642913818
42,0.9932246208190918,0.017257876694202423,2.7e-05,0.6725293397903442,7.04117488861084
43,0.993977427482605,0.018067611381411552,2.7e-05,0.6742043495178223,7.287924766540527
44,0.9947302341461182,0.012959838844835758,2.7e-05,0.6884422302246094,7.276690483093262
45,0.9959849715232849,0.013133757747709751,2.7e-05,0.6901172399520874,7.094213008880615
46,0.9932246208190918,0.01767706498503685,2.7e-05,0.694304883480072,7.243917942047119
47,0.9959849715232849,0.015222146175801754,2.7e-05,0.6934673190116882,6.95029354095459
48,0.991969883441925,0.01960112899541855,8.1e-06,0.6917923092842102,7.126112461090088
49,0.9937264919281006,0.017656931653618813,8.1e-06,0.694304883480072,7.052061080932617
