epoch,accuracy,loss,lr,val_accuracy,val_loss
0,0.7099121809005737,0.6311648488044739,0.001,0.48241207003593445,15.860740661621094
1,0.7972396612167358,0.4597425162792206,0.001,0.48241207003593445,19.454042434692383
2,0.8371392488479614,0.37269559502601624,0.001,0.48241207003593445,24.673084259033203
3,0.8521957397460938,0.35102081298828125,0.001,0.48241207003593445,20.06793975830078
4,0.8792973756790161,0.2900424301624298,0.001,0.2998324930667877,4.311773300170898
5,0.8843162059783936,0.2718106806278229,0.001,0.48241207003593445,3.968573808670044
6,0.8865746259689331,0.268870085477829,0.001,0.5041875839233398,3.4140567779541016
7,0.9156838059425354,0.22263942658901215,0.001,0.5033500790596008,1.7835711240768433
8,0.9191969633102417,0.20581865310668945,0.001,0.4673366844654083,4.653444766998291
9,0.9244667291641235,0.1916624903678894,0.001,0.5402010083198547,2.809288501739502
10,0.9319949746131897,0.1717211753129959,0.001,0.5,3.915903091430664
11,0.934253454208374,0.16814811527729034,0.001,0.5862646698951721,1.9814040660858154
12,0.9319949746131897,0.16721008718013763,0.001,0.5778894424438477,3.3785858154296875
13,0.9380175471305847,0.17385032773017883,0.001,0.5778894424438477,5.033692836761475
14,0.9473024010658264,0.1453264206647873,0.001,0.5301507711410522,3.893540859222412
15,0.9568381309509277,0.11740882694721222,0.001,0.4681742191314697,6.244236469268799
16,0.9575909376144409,0.12388922274112701,0.001,0.6850921511650085,3.0137860774993896
17,0.9641154408454895,0.09603659063577652,0.001,0.5150753855705261,4.810484886169434
18,0.9739021062850952,0.06535235792398453,0.0003,0.6172529458999634,3.6039271354675293
19,0.9826850891113281,0.049626659601926804,0.0003,0.6164153814315796,3.970165729522705
20,0.9796738028526306,0.056702326983213425,0.0003,0.6298157572746277,5.753853797912598
21,0.9836888313293457,0.045209236443042755,0.0003,0.6775544285774231,3.7624590396881104
22,0.9839397668838501,0.045395705848932266,0.0003,0.6298157572746277,4.002099514007568
23,0.9889585971832275,0.03773665055632591,0.0003,0.6700167655944824,4.102094650268555
24,0.9904642701148987,0.03101196698844433,0.0003,0.623115599155426,3.825221061706543
25,0.9851945042610168,0.03996424749493599,0.0003,0.6691792011260986,4.452568531036377
26,0.9836888313293457,0.05021585524082184,0.0003,0.6909547448158264,4.695145606994629
27,0.9864491820335388,0.03407476842403412,0.0003,0.6742043495178223,3.703573226928711
28,0.9892095327377319,0.02648889645934105,9e-05,0.6976549625396729,4.69965124130249
29,0.9944792985916138,0.020023955032229424,9e-05,0.6783919334411621,4.781804084777832
30,0.9904642701148987,0.028850600123405457,9e-05,0.643216073513031,5.34636116027832
31,0.993977427482605,0.02099558711051941,9e-05,0.6750418543815613,5.266705513000488
32,0.9937264919281006,0.01820342056453228,9e-05,0.6767169237136841,5.063445091247559
33,0.9942283630371094,0.016421576961874962,9e-05,0.6649916172027588,5.387835502624512
34,0.993977427482605,0.015850679948925972,9e-05,0.6365159153938293,5.152982711791992
35,0.9967377781867981,0.010482280515134335,9e-05,0.69597989320755,4.594986438751221
36,0.991969883441925,0.019937586039304733,9e-05,0.6892797350883484,4.165385723114014
37,0.9964868426322937,0.013746790587902069,9e-05,0.6825795769691467,5.169419288635254
38,0.9964868426322937,0.010987290181219578,2.7e-05,0.6934673190116882,4.694389343261719
39,0.9964868426322937,0.013307992368936539,2.7e-05,0.6892797350883484,4.854291915893555
40,0.9964868426322937,0.013169513083994389,2.7e-05,0.6842545866966248,4.992970943450928
41,0.9954830408096313,0.011913302354514599,2.7e-05,0.6758794188499451,5.151600360870361
42,0.9982433915138245,0.00912926159799099,2.7e-05,0.6884422302246094,4.923910140991211
43,0.9974905848503113,0.011966586112976074,2.7e-05,0.6792294979095459,5.031952381134033
44,0.9964868426322937,0.011052984744310379,2.7e-05,0.6850921511650085,5.208806037902832
45,0.9954830408096313,0.011319255456328392,2.7e-05,0.7035176157951355,4.885852813720703
46,0.9974905848503113,0.008991326205432415,2.7e-05,0.6901172399520874,4.970392227172852
47,0.9969887137413025,0.009888369590044022,2.7e-05,0.6867671608924866,4.90423583984375
48,0.9959849715232849,0.012665714137256145,8.1e-06,0.6792294979095459,4.948765277862549
49,0.9949811697006226,0.015775417909026146,8.1e-06,0.6909547448158264,4.941316604614258
