epoch,accuracy,loss,lr,val_accuracy,val_loss
0,0.7144290804862976,0.6115233302116394,0.001,0.48241207003593445,16.25779151916504
1,0.7972396612167358,0.4492112398147583,0.001,0.48241207003593445,24.293365478515625
2,0.830865740776062,0.39461636543273926,0.001,0.48241207003593445,26.586896896362305
3,0.8607277274131775,0.34485292434692383,0.001,0.4522612988948822,8.7172212600708
4,0.8782935738563538,0.2996184825897217,0.001,0.23450586199760437,6.39432954788208
5,0.8888331055641174,0.2794400453567505,0.001,0.5251256227493286,3.794041395187378
6,0.9086574912071228,0.2289135605096817,0.001,0.49581238627433777,4.207942485809326
7,0.9058971405029297,0.24573494493961334,0.001,0.46901172399520874,3.4907867908477783
8,0.9156838059425354,0.21632599830627441,0.001,0.5050251483917236,3.05240797996521
9,0.9194479584693909,0.20153017342090607,0.001,0.35092127323150635,6.9244890213012695
10,0.9264742732048035,0.18339040875434875,0.001,0.48157453536987305,4.236057281494141
11,0.9335006475448608,0.1685614287853241,0.001,0.37437185645103455,4.271894454956055
12,0.9397741556167603,0.15948247909545898,0.001,0.5175879597663879,5.409469127655029
13,0.9485570788383484,0.14192169904708862,0.001,0.48241207003593445,12.465032577514648
14,0.9488080143928528,0.127796933054924,0.001,0.642378568649292,4.160160064697266
15,0.9631116390228271,0.10455481708049774,0.001,0.6566163897514343,4.000249862670898
16,0.9460476636886597,0.13705258071422577,0.001,0.552763819694519,4.902734279632568
17,0.965872049331665,0.10107595473527908,0.001,0.5326633453369141,7.971669673919678
18,0.9585947394371033,0.10281059890985489,0.001,0.5351758599281311,9.72396183013916
19,0.9728983640670776,0.07055992633104324,0.0003,0.5938023328781128,3.115429639816284
20,0.9836888313293457,0.0467701219022274,0.0003,0.5862646698951721,3.767181873321533
21,0.9794228076934814,0.05738052353262901,0.0003,0.5670017004013062,3.776592493057251
22,0.9849435091018677,0.04324940964579582,0.0003,0.6038525700569153,5.177993297576904
23,0.9856963753700256,0.03942099213600159,0.0003,0.624790608882904,5.648873805999756
24,0.9826850891113281,0.04454808309674263,0.0003,0.520100474357605,5.222860336303711
25,0.9861982464790344,0.038731448352336884,0.0003,0.55192631483078,6.151035308837891
26,0.98594731092453,0.04158714786171913,0.0003,0.5117253065109253,5.65014123916626
27,0.9864491820335388,0.034546852111816406,0.0003,0.5536013245582581,4.2864990234375
28,0.9867001175880432,0.03917202353477478,0.0003,0.6214405298233032,4.878748416900635
29,0.9912170767784119,0.02498628944158554,9e-05,0.5887772440910339,5.122432708740234
30,0.9929736256599426,0.022427504882216454,9e-05,0.5854271650314331,4.238795757293701
31,0.991969883441925,0.022146761417388916,9e-05,0.6448911428451538,4.888515949249268
32,0.9932246208190918,0.02011137641966343,9e-05,0.5938023328781128,5.119263172149658
33,0.9947302341461182,0.01576160080730915,9e-05,0.6105527877807617,5.5867228507995605
34,0.9944792985916138,0.01918921433389187,9e-05,0.5745393633842468,5.019580841064453
35,0.9964868426322937,0.01157817430794239,9e-05,0.6465661525726318,4.839139461517334
36,0.9974905848503113,0.009102323092520237,9e-05,0.6289782524108887,5.602871894836426
37,0.9962359070777893,0.015026779845356941,9e-05,0.6398659944534302,5.730371475219727
38,0.9944792985916138,0.017392495647072792,9e-05,0.6474036574363708,5.12728214263916
39,0.9962359070777893,0.015144946053624153,2.7e-05,0.6725293397903442,4.6807661056518555
40,0.9977415204048157,0.00960804708302021,2.7e-05,0.6775544285774231,4.8058552742004395
41,0.9964868426322937,0.01067232433706522,2.7e-05,0.6490787267684937,4.802201271057129
42,0.9967377781867981,0.009592190384864807,2.7e-05,0.6725293397903442,4.755759239196777
43,0.9954830408096313,0.013153353706002235,2.7e-05,0.6700167655944824,4.874542236328125
44,0.995232105255127,0.0145154083147645,2.7e-05,0.64405357837677,5.066132068634033
45,0.9967377781867981,0.011517236940562725,2.7e-05,0.6809045076370239,5.06679105758667
46,0.9984943270683289,0.0068944827653467655,2.7e-05,0.6658291220664978,4.9516472816467285
47,0.9972396492958069,0.009228501468896866,2.7e-05,0.6541038751602173,5.038929462432861
48,0.9972396492958069,0.008773013018071651,2.7e-05,0.6691792011260986,4.845823764801025
49,0.9979924559593201,0.009157015010714531,8.1e-06,0.6700167655944824,4.854635238647461
