epoch,accuracy,loss,lr,val_accuracy,val_loss
0,0.5076537132263184,0.9935583472251892,0.001,0.48241207003593445,0.9599123597145081
1,0.5099121928215027,0.9020832777023315,0.001,0.48241207003593445,0.9403413534164429
2,0.5081555843353271,0.8991532921791077,0.001,0.48241207003593445,0.9428094625473022
3,0.5111668705940247,0.9069980382919312,0.001,0.48241207003593445,0.9401274919509888
4,0.5016311407089233,1.2339776754379272,0.001,0.49664992094039917,0.9109575748443604
5,0.5033876895904541,1.4767820835113525,0.001,0.48241207003593445,0.9454686045646667
6,0.513425350189209,1.0010619163513184,0.001,0.48241207003593445,0.9721367955207825
7,0.5136762857437134,0.9927389621734619,0.001,0.48241207003593445,0.9690909385681152
8,0.5136762857437134,0.988685667514801,0.001,0.48241207003593445,0.9592866897583008
9,0.5136762857437134,1.008421540260315,0.001,0.48241207003593445,0.9588830471038818
10,0.5111668705940247,0.9798573851585388,0.001,0.49413734674453735,0.9363203048706055
11,0.47954830527305603,2.656223773956299,0.001,0.48241207003593445,1.0186671018600464
12,0.5036386251449585,1.0245835781097412,0.001,0.48241207003593445,0.9806613922119141
13,0.5141781568527222,0.9958286285400391,0.001,0.48241207003593445,0.9806293845176697
14,0.5136762857437134,0.994871199131012,0.001,0.48241207003593445,0.9824986457824707
15,0.5136762857437134,0.9949208498001099,0.0003,0.48241207003593445,0.9831678867340088
16,0.5136762857437134,0.9955607652664185,0.0003,0.48241207003593445,0.9838585257530212
17,0.5136762857437134,0.9947493672370911,0.0003,0.48241207003593445,0.9830397963523865
18,0.5136762857437134,0.9944126605987549,0.0003,0.48241207003593445,0.9827979207038879
19,0.5136762857437134,0.9941393136978149,0.0003,0.48241207003593445,0.982072651386261
20,0.5136762857437134,0.9940631985664368,0.0003,0.48241207003593445,0.9835769534111023
21,0.5136762857437134,0.9929138422012329,0.0003,0.48241207003593445,0.9846071004867554
22,0.5136762857437134,0.9935361742973328,0.0003,0.48241207003593445,0.9850434064865112
23,0.5136762857437134,0.9926120042800903,0.0003,0.48241207003593445,0.9851581454277039
24,0.5136762857437134,0.9915178418159485,0.0003,0.48241207003593445,0.9846957325935364
25,0.5136762857437134,0.9910644292831421,9e-05,0.48241207003593445,0.9850218296051025
26,0.5136762857437134,0.9890552163124084,9e-05,0.48241207003593445,0.9858155250549316
27,0.5136762857437134,0.9873754382133484,9e-05,0.48241207003593445,0.9856296181678772
28,0.5136762857437134,0.9740273952484131,9e-05,0.48241207003593445,0.9831567406654358
29,0.5136762857437134,0.9357669949531555,9e-05,0.48241207003593445,0.9582127928733826
30,0.5124216079711914,0.8994774222373962,9e-05,0.48241207003593445,0.943526029586792
31,0.5026348829269409,0.8917660117149353,9e-05,0.48241207003593445,0.9373773336410522
32,0.5141781568527222,0.8880868554115295,9e-05,0.48241207003593445,0.9319912195205688
33,0.547553300857544,0.8691858649253845,9e-05,0.5443885922431946,0.9171198010444641
34,0.6135508418083191,0.8212298154830933,9e-05,0.4522612988948822,1.014699101448059
35,0.6378920674324036,0.7781047224998474,2.7e-05,0.518425464630127,0.9191188812255859
36,0.6459221839904785,0.7472655177116394,2.7e-05,0.572864294052124,0.9031552076339722
37,0.6549561023712158,0.7335171699523926,2.7e-05,0.5150753855705261,0.9152114391326904
38,0.6549561023712158,0.7306287884712219,2.7e-05,0.5268006920814514,0.9121838212013245
39,0.6602258682250977,0.7112064957618713,2.7e-05,0.5837520956993103,0.9101923108100891
40,0.6725219488143921,0.7050049304962158,2.7e-05,0.5829145908355713,0.9074637293815613
41,0.6554579734802246,0.7055580019950867,2.7e-05,0.5879396796226501,0.9046646952629089
42,0.6785445213317871,0.6874509453773499,2.7e-05,0.572026789188385,0.9135799407958984
43,0.6775407791137695,0.6820199489593506,2.7e-05,0.5159128904342651,0.9385777711868286
44,0.680552065372467,0.6890053749084473,2.7e-05,0.6306532621383667,0.9258261322975159
45,0.6855708956718445,0.6767807602882385,2.7e-05,0.6155778765678406,0.9227427840232849
46,0.6810539364814758,0.6778929233551025,2.7e-05,0.5938023328781128,0.9132580757141113
47,0.6900878548622131,0.6587597131729126,8.1e-06,0.5753768682479858,0.9191630482673645
48,0.693350076675415,0.6555338501930237,8.1e-06,0.6130653023719788,0.9174354672431946
49,0.6840652227401733,0.6602365970611572,8.1e-06,0.5569514036178589,0.9264686703681946
