epoch,accuracy,loss,lr,val_accuracy,val_loss
0,0.5033876895904541,0.970188558101654,0.001,0.49497488141059875,0.9503771662712097
1,0.5116687417030334,0.901149570941925,0.001,0.48241207003593445,0.9459081292152405
2,0.5101631283760071,0.8984932899475098,0.001,0.48241207003593445,0.9400051832199097
3,0.5076537132263184,0.9096577763557434,0.001,0.48241207003593445,0.9207310676574707
4,0.506649911403656,0.9134555459022522,0.001,0.48241207003593445,0.9210649728775024
5,0.507402777671814,0.9080360531806946,0.001,0.48241207003593445,0.9230303764343262
6,0.5018820762634277,0.8989825248718262,0.001,0.48241207003593445,0.9138562679290771
7,0.5048933625221252,0.9045785665512085,0.001,0.48073703050613403,0.9272263646125793
8,0.5036386251449585,0.8914361596107483,0.001,0.48241207003593445,0.9122658967971802
9,0.5033876895904541,0.8912071585655212,0.001,0.48241207003593445,0.9205532073974609
10,0.5156838297843933,0.889589786529541,0.001,0.48241207003593445,0.9326590895652771
11,0.513425350189209,0.8886621594429016,0.001,0.48073703050613403,0.9190902709960938
12,0.5086574554443359,0.8837797045707703,0.001,0.48241207003593445,0.9161847233772278
13,0.5129234790802002,0.8919833898544312,0.001,0.48241207003593445,0.9236002564430237
14,0.5096612572669983,1.056254267692566,0.001,0.48241207003593445,0.9829860329627991
15,0.513425350189209,0.9932398200035095,0.001,0.48241207003593445,0.9770293235778809
16,0.5184441804885864,1.1502439975738525,0.001,0.48241207003593445,0.9656206369400024
17,0.5111668705940247,1.1439224481582642,0.001,0.48241207003593445,0.947104811668396
18,0.4941028952598572,3.825766086578369,0.001,0.48241207003593445,0.9838672876358032
19,0.513425350189209,0.9981966018676758,0.0003,0.48241207003593445,0.9775158762931824
20,0.5136762857437134,0.9962005615234375,0.0003,0.48241207003593445,0.9748533368110657
21,0.5136762857437134,0.9923740029335022,0.0003,0.48241207003593445,0.9774755835533142
22,0.5136762857437134,0.9943237900733948,0.0003,0.48241207003593445,0.9780701994895935
23,0.5136762857437134,0.994458019733429,0.0003,0.48241207003593445,0.9716147780418396
24,0.5136762857437134,0.9921730756759644,0.0003,0.48241207003593445,0.9622881412506104
25,0.5124216079711914,0.9839146733283997,0.0003,0.48241207003593445,0.9768659472465515
26,0.5483061671257019,0.9295291304588318,0.0003,0.5326633453369141,0.904241144657135
27,0.6358845829963684,0.7796502113342285,0.0003,0.5628140568733215,0.9200402498245239
28,0.6599749326705933,0.7164462804794312,0.0003,0.5092127323150635,0.9960281252861023
29,0.6813048720359802,0.6779360771179199,0.0003,0.6155778765678406,0.8850305080413818
30,0.6981179714202881,0.6472009420394897,0.0003,0.6130653023719788,0.8996053338050842
31,0.6951066255569458,0.6446191072463989,0.0003,0.6105527877807617,0.9771478772163391
32,0.6956085562705994,0.6205930709838867,0.0003,0.6088777184486389,0.9500793814659119
33,0.7053952217102051,0.6124389171600342,0.0003,0.5787269473075867,0.9882944226264954
34,0.7149310111999512,0.5735463500022888,0.0003,0.6180904507637024,0.9710081815719604
35,0.700627326965332,0.6173191666603088,0.0003,0.6088777184486389,1.0027859210968018
36,0.7284818291664124,0.5543134808540344,0.0003,0.624790608882904,0.9697228670120239
37,0.7204517126083374,0.5436926484107971,0.0003,0.5921273231506348,1.0420490503311157
38,0.7287327647209167,0.5421090126037598,0.0003,0.5996649861335754,1.0301401615142822
39,0.7304893136024475,0.537808358669281,0.0003,0.6490787267684937,1.035044550895691
40,0.7455458045005798,0.4954095184803009,9e-05,0.6281406879425049,1.0746804475784302
41,0.7478042840957642,0.4750334918498993,9e-05,0.6088777184486389,1.1047382354736328
42,0.7585947513580322,0.45862117409706116,9e-05,0.5938023328781128,1.1149667501449585
43,0.7583438158035278,0.45779386162757874,9e-05,0.6113902926445007,1.1763505935668945
44,0.7648682594299316,0.4531521499156952,9e-05,0.6080402135848999,1.205946683883667
45,0.7578418850898743,0.46474137902259827,9e-05,0.6013400554656982,1.2521007061004639
46,0.7668758034706116,0.4412539601325989,9e-05,0.589614748954773,1.3510595560073853
47,0.7653701305389404,0.4422980546951294,9e-05,0.6030150651931763,1.2930761575698853
48,0.7691342830657959,0.43931612372398376,9e-05,0.591289758682251,1.2858978509902954
49,0.7801756858825684,0.4303721487522125,9e-05,0.6222780346870422,1.345771074295044
