epoch,accuracy,loss,lr,val_accuracy,val_loss
0,0.49159348011016846,0.9933182597160339,0.001,0.48241207003593445,0.968891978263855
1,0.5001254677772522,0.931267499923706,0.001,0.48241207003593445,0.9213841557502747
2,0.5104140639305115,1.0471715927124023,0.001,0.48241207003593445,0.9691978096961975
3,0.506649911403656,1.0544242858886719,0.001,0.48241207003593445,0.9750354886054993
4,0.5131744146347046,0.9936811923980713,0.001,0.48241207003593445,1.0139038562774658
5,0.513425350189209,0.9964369535446167,0.001,0.48241207003593445,0.9972647428512573
6,0.5139272212982178,0.9905914068222046,0.001,0.48241207003593445,0.9624894261360168
7,0.5046424269676208,1.0599491596221924,0.001,0.48241207003593445,0.9848178029060364
8,0.513425350189209,0.9970306158065796,0.001,0.48241207003593445,0.9837876558303833
9,0.5136762857437134,0.995297908782959,0.001,0.48241207003593445,0.9796802997589111
10,0.5136762857437134,0.995084822177887,0.001,0.48241207003593445,0.9820612072944641
11,0.5136762857437134,0.994436502456665,0.001,0.48241207003593445,0.9844191670417786
12,0.5136762857437134,0.9942811727523804,0.0003,0.48241207003593445,0.9844017028808594
13,0.5136762857437134,0.9937631487846375,0.0003,0.48241207003593445,0.9812503457069397
14,0.5136762857437134,0.9940633177757263,0.0003,0.48241207003593445,0.9837163090705872
15,0.5136762857437134,0.9944450855255127,0.0003,0.48241207003593445,0.9821136593818665
16,0.5136762857437134,0.9947145581245422,0.0003,0.48241207003593445,0.9824899435043335
17,0.5129234790802002,0.9852375984191895,0.0003,0.48241207003593445,0.9711514115333557
18,0.5136762857437134,0.9365379214286804,0.0003,0.48241207003593445,0.9455438852310181
19,0.5136762857437134,0.9102096557617188,0.0003,0.48241207003593445,0.9333637952804565
20,0.5440401434898376,0.8616296648979187,0.0003,0.5452261567115784,0.8757431507110596
21,0.6050187945365906,0.8186361789703369,0.0003,0.5686767101287842,0.9214005470275879
22,0.6378920674324036,0.7685675024986267,0.0003,0.5971524119377136,0.8416659235954285
23,0.654454231262207,0.7317240238189697,0.0003,0.6331658363342285,0.8461794853210449
24,0.6537013649940491,0.702154278755188,0.0003,0.6155778765678406,0.854084849357605
25,0.6717691421508789,0.6789310574531555,0.0003,0.6021775603294373,0.8382118344306946
26,0.6890840530395508,0.6555503010749817,0.0003,0.590452253818512,0.914413571357727
27,0.7091593742370605,0.6261489391326904,0.0003,0.6147403717041016,0.8990272879600525
28,0.7106649875640869,0.6199572086334229,0.0003,0.572864294052124,0.9869703650474548
29,0.7164366245269775,0.5957152843475342,0.0003,0.6113902926445007,0.9272956848144531
30,0.7247176766395569,0.5908581018447876,0.0003,0.6005024909973145,0.8957492113113403
31,0.7141781449317932,0.5983114838600159,0.0003,0.5971524119377136,0.9933297038078308
32,0.7340025305747986,0.5665889382362366,0.0003,0.6088777184486389,0.9252539873123169
33,0.7319949865341187,0.5657863616943359,0.0003,0.6038525700569153,0.97571861743927
34,0.7324968576431274,0.5697062611579895,0.0003,0.5812395215034485,1.070564866065979
35,0.7432873249053955,0.5527636408805847,0.0003,0.5887772440910339,1.1723675727844238
36,0.7540777921676636,0.5281386971473694,9e-05,0.6063651442527771,1.022437334060669
37,0.7553324699401855,0.5171344876289368,9e-05,0.6021775603294373,1.0508606433868408
38,0.7538268566131592,0.5110565423965454,9e-05,0.6139028668403625,0.9900232553482056
39,0.7621079087257385,0.5036404132843018,9e-05,0.6030150651931763,1.0556769371032715
40,0.7606022357940674,0.5044180750846863,9e-05,0.5812395215034485,1.1610050201416016
41,0.7585947513580322,0.5025505423545837,9e-05,0.591289758682251,1.0883373022079468
42,0.7540777921676636,0.49911391735076904,9e-05,0.5837520956993103,1.1509724855422974
43,0.7653701305389404,0.49627798795700073,9e-05,0.6013400554656982,1.0900163650512695
44,0.7616060376167297,0.4864428639411926,9e-05,0.6264656782150269,1.0109574794769287
45,0.7641154527664185,0.49154478311538696,9e-05,0.6021775603294373,1.1097861528396606
46,0.7638645172119141,0.4748462736606598,2.7e-05,0.5963149070739746,1.1341625452041626
47,0.7698870897293091,0.4796169400215149,2.7e-05,0.6021775603294373,1.1199029684066772
48,0.7686323523521423,0.47513699531555176,2.7e-05,0.5979899764060974,1.123002052307129
49,0.773149311542511,0.4743901193141937,2.7e-05,0.5946398377418518,1.1826978921890259
