epoch,accuracy,loss,lr,val_accuracy,val_loss
0,0.6085320115089417,1.7395069599151611,0.001,0.143216073513031,3.15226149559021
1,0.7528231143951416,0.5556588768959045,0.001,0.48241207003593445,8.786520957946777
2,0.7317440509796143,0.9671744704246521,0.001,0.5318257808685303,1.7119085788726807
3,0.7452948689460754,0.6211158037185669,0.001,0.4757118821144104,2.90083384513855
4,0.8132998943328857,0.4347389042377472,0.001,0.4882746934890747,1.564984679222107
5,0.8414052724838257,0.3754078447818756,0.001,0.5427135825157166,2.3290982246398926
6,0.8383939862251282,0.38043302297592163,0.001,0.6197655200958252,1.682801365852356
7,0.7515683770179749,0.7978969812393188,0.001,0.48241207003593445,11272.2236328125
8,0.6920953392982483,1.7650232315063477,0.001,0.4899497628211975,570.5655517578125
9,0.7799246907234192,0.689003586769104,0.001,0.3777219355106354,2.0710456371307373
10,0.8208280801773071,0.6982209086418152,0.001,0.427973210811615,2.181539535522461
11,0.851693868637085,0.6215416789054871,0.001,0.4865996539592743,1.7752567529678345
12,0.8782935738563538,0.5230803489685059,0.001,0.3065326511859894,2.9609415531158447
13,0.7229611277580261,0.8857697248458862,0.001,0.5402010083198547,25.151660919189453
14,0.7879548072814941,0.5215426087379456,0.001,0.5469011664390564,1.327926516532898
15,0.8361355066299438,0.37917467951774597,0.001,0.5343383550643921,1.7718156576156616
16,0.8750313520431519,0.2927354872226715,0.001,0.5427135825157166,2.2903318405151367
17,0.8998745083808899,0.2648182213306427,0.001,0.4522612988948822,2.7537906169891357
18,0.9277290105819702,0.18540354073047638,0.001,0.3341708481311798,3.1922504901885986
19,0.9264742732048035,0.2182983011007309,0.001,0.4145728647708893,7.373053550720215
20,0.934253454208374,0.1822892725467682,0.001,0.4296482503414154,3.049137592315674
21,0.9412798285484314,0.35990414023399353,0.001,0.4656616449356079,1181.25244140625
22,0.818820595741272,0.7128901481628418,0.001,0.4681742191314697,26.903240203857422
23,0.9053952097892761,0.2956182062625885,0.001,0.49664992094039917,2.0805931091308594
24,0.927478015422821,0.27483850717544556,0.001,0.48073703050613403,2.4315240383148193
25,0.9590966105461121,0.112733393907547,0.0003,0.572026789188385,2.432119607925415
26,0.973149299621582,0.08076630532741547,0.0003,0.5778894424438477,2.3658740520477295
27,0.9846925735473633,0.05297154188156128,0.0003,0.5435510873794556,2.999439239501953
28,0.9874529242515564,0.04396478086709976,0.0003,0.5753768682479858,2.929776430130005
29,0.9851945042610168,0.063154436647892,0.0003,0.5887772440910339,3.2149317264556885
30,0.9861982464790344,0.04607591778039932,0.0003,0.5787269473075867,3.4432690143585205
31,0.9884567260742188,0.06574629992246628,0.0003,0.5536013245582581,3.3436038494110107
32,0.9726474285125732,0.1056068018078804,0.0003,0.5477386713027954,3.410202980041504
33,0.9904642701148987,0.04770004749298096,0.0003,0.5979899764060974,3.0004050731658936
34,0.9887076616287231,0.037793971598148346,0.0003,0.55192631483078,3.7733969688415527
35,0.9959849715232849,0.01299058087170124,9e-05,0.5577889680862427,3.6744632720947266
36,0.9949811697006226,0.03900119662284851,9e-05,0.5737018585205078,3.791848659515381
37,0.9969887137413025,0.011471511796116829,9e-05,0.5636515617370605,3.8363444805145264
38,0.9959849715232849,0.01596040092408657,9e-05,0.5586264729499817,3.8148603439331055
39,0.9959849715232849,0.012535725720226765,9e-05,0.5812395215034485,3.9625110626220703
40,0.9957339763641357,0.021509669721126556,9e-05,0.5753768682479858,3.950888156890869
41,0.9982433915138245,0.008652395568788052,9e-05,0.5686767101287842,4.189681529998779
42,0.9969887137413025,0.00826069712638855,9e-05,0.5594639778137207,4.131730079650879
43,0.9984943270683289,0.006863346789032221,9e-05,0.5628140568733215,4.112866401672363
44,0.9967377781867981,0.012124455533921719,9e-05,0.5644891262054443,3.9406120777130127
45,0.9979924559593201,0.02759678103029728,2.7e-05,0.572026789188385,4.0609331130981445
46,0.9954830408096313,0.04147109389305115,2.7e-05,0.5661641359329224,4.009140968322754
47,0.9992471933364868,0.005074567161500454,2.7e-05,0.5644891262054443,4.027587413787842
48,0.9982433915138245,0.025793472304940224,2.7e-05,0.5862646698951721,4.249544620513916
49,0.9962359070777893,0.03419917821884155,2.7e-05,0.5762144327163696,4.051682472229004
50,0.9984943270683289,0.007583823055028915,2.7e-05,0.5695142149925232,4.236355304718018
51,0.9982433915138245,0.008775027468800545,2.7e-05,0.571189284324646,4.299109935760498
52,0.9974905848503113,0.007811087183654308,2.7e-05,0.5778894424438477,4.355560302734375
53,0.998745322227478,0.004578903317451477,2.7e-05,0.5628140568733215,4.339890956878662
54,0.9984943270683289,0.011934907175600529,2.7e-05,0.572864294052124,4.341269493103027
55,0.998745322227478,0.019727757200598717,8.1e-06,0.572026789188385,4.305457592010498
56,0.998745322227478,0.006279235240072012,8.1e-06,0.5770519375801086,4.244148254394531
57,0.9972396492958069,0.018083585426211357,8.1e-06,0.570351779460907,4.313173294067383
58,0.998745322227478,0.005327223800122738,8.1e-06,0.5686767101287842,4.368184566497803
59,0.9977415204048157,0.022336801514029503,8.1e-06,0.572864294052124,4.399350643157959
60,0.9964868426322937,0.013771271333098412,8.1e-06,0.5619765520095825,4.298467636108398
61,0.9984943270683289,0.005193781573325396,8.1e-06,0.5586264729499817,4.2938055992126465
62,0.9977415204048157,0.021847642958164215,8.1e-06,0.5653266310691833,4.309237480163574
63,0.9982433915138245,0.008147567510604858,8.1e-06,0.552763819694519,4.343578815460205
64,0.998745322227478,0.00590086355805397,8.1e-06,0.5561138987541199,4.38934850692749
65,0.9977415204048157,0.024199556559324265,2.43e-06,0.55192631483078,4.372192859649658
66,0.9979924559593201,0.022681375965476036,2.43e-06,0.5510887503623962,4.408520698547363
67,0.9979924559593201,0.011004675179719925,2.43e-06,0.5577889680862427,4.4185614585876465
68,0.9992471933364868,0.008991552516818047,2.43e-06,0.5561138987541199,4.41874361038208
69,0.9982433915138245,0.009476006031036377,2.43e-06,0.5561138987541199,4.349479675292969
70,0.9989962577819824,0.0039303977973759174,2.43e-06,0.5569514036178589,4.35650110244751
71,0.9992471933364868,0.003321906551718712,2.43e-06,0.5552763938903809,4.368007659912109
72,0.9974905848503113,0.029804328456521034,2.43e-06,0.5577889680862427,4.3179779052734375
73,0.9992471933364868,0.0033213975839316845,2.43e-06,0.5510887503623962,4.334264278411865
74,0.9992471933364868,0.0038158062379807234,2.43e-06,0.5552763938903809,4.356302261352539
75,0.9967377781867981,0.009666158817708492,1e-06,0.5552763938903809,4.352365016937256
76,0.9984943270683289,0.03616882115602493,1e-06,0.5544388890266418,4.341482639312744
77,0.9982433915138245,0.02027823217213154,1e-06,0.5536013245582581,4.375325679779053
78,0.9984943270683289,0.005441030953079462,1e-06,0.5544388890266418,4.366993427276611
79,0.9984943270683289,0.03329392895102501,1e-06,0.552763819694519,4.380036354064941
80,0.998745322227478,0.007833472453057766,1e-06,0.5536013245582581,4.375262260437012
81,0.9982433915138245,0.012542473152279854,1e-06,0.55192631483078,4.372917652130127
82,0.9989962577819824,0.003517395118251443,1e-06,0.55192631483078,4.397400379180908
83,0.9992471933364868,0.0035565169528126717,1e-06,0.552763819694519,4.367251873016357
84,0.9982433915138245,0.024360153824090958,1e-06,0.552763819694519,4.377488136291504
85,0.9982433915138245,0.015340334735810757,1e-06,0.55192631483078,4.3512420654296875
86,0.998745322227478,0.0035649610217660666,1e-06,0.5544388890266418,4.354936599731445
87,0.9964868426322937,0.014659447595477104,1e-06,0.552763819694519,4.360467433929443
88,0.9982433915138245,0.031631432473659515,1e-06,0.5552763938903809,4.354811191558838
89,0.9984943270683289,0.004107889253646135,1e-06,0.5552763938903809,4.349516868591309
90,0.998745322227478,0.0041129617020487785,1e-06,0.5569514036178589,4.353686332702637
91,0.9997490644454956,0.0032278343569487333,1e-06,0.5569514036178589,4.3029327392578125
92,0.9992471933364868,0.021747717633843422,1e-06,0.5536013245582581,4.332346439361572
93,0.9979924559593201,0.005941557232290506,1e-06,0.552763819694519,4.325777053833008
94,0.9982433915138245,0.019899532198905945,1e-06,0.552763819694519,4.3626580238342285
95,0.9989962577819824,0.0031571597792208195,1e-06,0.5544388890266418,4.354801654815674
96,0.9989962577819824,0.018720153719186783,1e-06,0.5552763938903809,4.3597493171691895
97,0.9979924559593201,0.008166810497641563,1e-06,0.552763819694519,4.339259147644043
98,0.9984943270683289,0.016156885772943497,1e-06,0.55192631483078,4.352702617645264
99,0.9979924559593201,0.02527107670903206,1e-06,0.5536013245582581,4.306854724884033
100,0.9969887137413025,0.007449088152498007,1e-06,0.5544388890266418,4.320625305175781
101,0.9984943270683289,0.005140254739671946,1e-06,0.5544388890266418,4.325382232666016
102,0.9997490644454956,0.002318587154150009,1e-06,0.552763819694519,4.351803779602051
103,0.9994981288909912,0.0038882456719875336,1e-06,0.5536013245582581,4.374895095825195
104,0.9992471933364868,0.004062153864651918,1e-06,0.5552763938903809,4.389214992523193
105,0.9997490644454956,0.002865568269044161,1e-06,0.5552763938903809,4.360158920288086
106,0.9974905848503113,0.007100614253431559,1e-06,0.5594639778137207,4.367938995361328
107,0.9984943270683289,0.0034683910198509693,1e-06,0.5577889680862427,4.344311714172363
108,0.9984943270683289,0.005555104464292526,1e-06,0.5586264729499817,4.369643211364746
109,0.998745322227478,0.005274781957268715,1e-06,0.5644891262054443,4.372277736663818
110,0.998745322227478,0.0038934058975428343,1e-06,0.5569514036178589,4.4015092849731445
111,0.9992471933364868,0.00396898714825511,1e-06,0.5594639778137207,4.42108154296875
112,0.9982433915138245,0.00452476367354393,1e-06,0.5586264729499817,4.390190601348877
113,0.9989962577819824,0.004703016020357609,1e-06,0.5628140568733215,4.423875331878662
114,0.9992471933364868,0.003868333762511611,1e-06,0.5561138987541199,4.429441928863525
