epoch,accuracy,loss,lr,val_accuracy,val_loss
0,0.5595985054969788,2.9027702808380127,0.001,0.4648241102695465,33387.1640625
1,0.6750313639640808,1.143908977508545,0.001,0.47989949584007263,601.4964599609375
2,0.7257214784622192,0.8611071705818176,0.001,0.48241207003593445,1251.9371337890625
3,0.7008783221244812,0.646582841873169,0.001,0.38944724202156067,2.064059019088745
4,0.6983689069747925,1.9766066074371338,0.001,0.48241207003593445,2691.598876953125
5,0.6649937033653259,0.9553666114807129,0.001,0.5670017004013062,3.810638904571533
6,0.7545796632766724,0.535697340965271,0.001,0.6021775603294373,1.7077475786209106
7,0.7934755086898804,0.4598519206047058,0.001,0.572026789188385,1.1365922689437866
8,0.8155583143234253,0.6161227822303772,0.001,0.5242881178855896,3.7102344036102295
9,0.8313676118850708,0.5669150948524475,0.001,0.5494137406349182,1.5438100099563599
10,0.8050188422203064,1.3200033903121948,0.001,0.4639866054058075,4934.87451171875
11,0.7314931154251099,0.7790420055389404,0.001,0.5318257808685303,3.690709114074707
12,0.7703889608383179,0.9829365015029907,0.001,0.48241207003593445,389.0633239746094
13,0.7952321171760559,0.8629924654960632,0.001,0.6407034993171692,0.8627564907073975
14,0.8366373777389526,0.4012501537799835,0.001,0.4681742191314697,2.3056328296661377
15,0.6938519477844238,1.065002202987671,0.001,0.49581238627433777,699.3751831054688
16,0.7189460396766663,0.9453238248825073,0.001,0.5335008502006531,211.1060028076172
17,0.7754077911376953,0.6022314429283142,0.001,0.6356784105300903,1.356712818145752
18,0.818067729473114,0.5149794220924377,0.001,0.5075376629829407,1.23106849193573
19,0.8281053900718689,0.44976532459259033,0.001,0.5276381969451904,1.0111013650894165
20,0.8649937510490417,0.4587474465370178,0.001,0.41122278571128845,1.6462916135787964
21,0.8762860894203186,0.3506569266319275,0.001,0.5594639778137207,1.584792137145996
22,0.8946047425270081,0.44124335050582886,0.001,0.5502512454986572,6.85789680480957
23,0.8983688950538635,0.34072840213775635,0.001,0.5569514036178589,3.590385675430298
24,0.9528231024742126,0.16346555948257446,0.0003,0.5477386713027954,2.1055819988250732
25,0.955081582069397,0.183669775724411,0.0003,0.5778894424438477,2.411613702774048
26,0.9726474285125732,0.08444757014513016,0.0003,0.5787269473075867,2.333085298538208
27,0.9739021062850952,0.07347152382135391,0.0003,0.5670017004013062,2.3900105953216553
28,0.9784190654754639,0.16860046982765198,0.0003,0.5167503952980042,2.594193696975708
29,0.9701380133628845,0.14974302053451538,0.0003,0.5150753855705261,2.455340623855591
30,0.979924738407135,0.06097057834267616,0.0003,0.5644891262054443,2.7336483001708984
31,0.9856963753700256,0.04631165787577629,0.0003,0.5787269473075867,2.6841156482696533
32,0.979924738407135,0.0640975758433342,0.0003,0.49581238627433777,6.774933815002441
33,0.9794228076934814,0.07799886167049408,0.0003,0.5301507711410522,2.526440382003784
34,0.9643663763999939,0.36314886808395386,9e-05,0.5594639778137207,2.4717235565185547
35,0.9894604682922363,0.11676489561796188,9e-05,0.570351779460907,2.8320252895355225
36,0.987201988697052,0.06077112630009651,9e-05,0.571189284324646,2.730562686920166
37,0.9902132749557495,0.16211916506290436,9e-05,0.5820770263671875,2.554736375808716
38,0.9897114038467407,0.036021213978528976,9e-05,0.5494137406349182,2.763266086578369
39,0.9912170767784119,0.025014588609337807,9e-05,0.5561138987541199,2.6518726348876953
40,0.9959849715232849,0.018388906493782997,9e-05,0.5502512454986572,3.0184593200683594
41,0.9924717545509338,0.022002359852194786,9e-05,0.5259631276130676,3.163316488265991
42,0.9954830408096313,0.01678016409277916,9e-05,0.5628140568733215,3.148580551147461
43,0.9912170767784119,0.024358270689845085,9e-05,0.5343383550643921,2.9824700355529785
44,0.9932246208190918,0.021961886435747147,2.7e-05,0.5393635034561157,2.995441436767578
45,0.9964868426322937,0.011715007945895195,2.7e-05,0.5410385131835938,3.000976800918579
46,0.9949811697006226,0.040124230086803436,2.7e-05,0.5619765520095825,2.9404475688934326
47,0.9949811697006226,0.10206122696399689,2.7e-05,0.5753768682479858,3.02461576461792
48,0.995232105255127,0.07454754412174225,2.7e-05,0.5686767101287842,2.976083517074585
49,0.9977415204048157,0.00957103818655014,2.7e-05,0.5636515617370605,3.0161514282226562
