epoch,accuracy,loss,lr,val_accuracy,val_loss
0,0.5949811935424805,2.253382444381714,0.001,0.48241207003593445,4.886993408203125
1,0.6996235847473145,1.4321011304855347,0.001,0.4907872676849365,1.9275869131088257
2,0.7550815343856812,0.6893000602722168,0.001,0.5293132066726685,4.448336601257324
3,0.7668758034706116,0.8529852628707886,0.001,0.48241207003593445,6084.45703125
4,0.675784170627594,1.2217432260513306,0.001,0.27805694937705994,499.9364929199219
5,0.7146800756454468,1.0273430347442627,0.001,0.6817420721054077,0.9528156518936157
6,0.7149310111999512,1.2533477544784546,0.001,0.48241207003593445,437326.15625
7,0.6833124160766602,0.7952796220779419,0.001,0.5469011664390564,267.36981201171875
8,0.740276038646698,0.6133245229721069,0.001,0.5385259389877319,1.5606253147125244
9,0.7560853362083435,0.6031175255775452,0.001,0.5619765520095825,2.076780080795288
10,0.7636135220527649,0.6937834620475769,0.001,0.6524288058280945,1.2288920879364014
11,0.7445420622825623,0.8407602310180664,0.001,0.6172529458999634,1.1271171569824219
12,0.7942283749580383,0.565769612789154,0.001,0.383584588766098,2.7675201892852783
13,0.7922208309173584,0.5440222024917603,0.001,0.6139028668403625,1.5224641561508179
14,0.837641179561615,0.4063912034034729,0.001,0.6582914590835571,1.691672682762146
15,0.8271016478538513,0.5257704257965088,0.001,0.5762144327163696,1.7498799562454224
16,0.8755332231521606,0.2949279546737671,0.0003,0.6850921511650085,1.6815320253372192
17,0.8840652704238892,0.28796207904815674,0.0003,0.6373534202575684,2.1081464290618896
18,0.8920953869819641,0.2660958468914032,0.0003,0.4991624653339386,2.5557520389556885
19,0.8991217017173767,0.28157350420951843,0.0003,0.4422110617160797,2.9402525424957275
20,0.901380181312561,0.30696138739585876,0.0003,0.6390284895896912,2.3967385292053223
21,0.9104140400886536,0.2388039380311966,0.0003,0.5829145908355713,2.4346556663513184
22,0.9181932210922241,0.2127310335636139,0.0003,0.6030150651931763,2.5403289794921875
23,0.915432870388031,0.201802060008049,0.0003,0.4154103994369507,3.1442370414733887
24,0.9319949746131897,0.23586316406726837,0.0003,0.6691792011260986,2.2081758975982666
25,0.9400250911712646,0.15854467451572418,0.0003,0.572026789188385,2.234431505203247
26,0.9570890665054321,0.12029871344566345,9e-05,0.6206030249595642,3.1328046321868896
27,0.9575909376144409,0.14435547590255737,9e-05,0.5921273231506348,3.020364999771118
28,0.9560853242874146,0.14125698804855347,9e-05,0.5544388890266418,3.0944950580596924
29,0.9588456749916077,0.13107740879058838,9e-05,0.5075376629829407,3.538163661956787
30,0.9663739204406738,0.15643204748630524,9e-05,0.6030150651931763,3.0969202518463135
31,0.9601003527641296,0.17378045618534088,9e-05,0.6214405298233032,2.8166470527648926
32,0.9703889489173889,0.13216876983642578,9e-05,0.6046901345252991,2.792844772338867
33,0.9668757915496826,0.09271903336048126,9e-05,0.5979899764060974,2.849641799926758
34,0.9676285982131958,0.08407200127840042,9e-05,0.5812395215034485,2.8372387886047363
35,0.9774153232574463,0.06613675504922867,9e-05,0.6122277975082397,2.958345413208008
36,0.9771643877029419,0.060461774468421936,2.7e-05,0.5954774022102356,3.177597999572754
37,0.9841907024383545,0.06351246684789658,2.7e-05,0.5963149070739746,3.35644268989563
38,0.9776662588119507,0.08122523874044418,2.7e-05,0.5921273231506348,3.353867292404175
39,0.9784190654754639,0.05982473865151405,2.7e-05,0.589614748954773,3.4164845943450928
40,0.9801756739616394,0.06214506924152374,2.7e-05,0.6197655200958252,3.5298492908477783
41,0.9806775450706482,0.06957554817199707,2.7e-05,0.5795645117759705,3.6699557304382324
42,0.9816812872886658,0.067986860871315,2.7e-05,0.5938023328781128,3.4856340885162354
43,0.9826850891113281,0.06715058535337448,2.7e-05,0.6072027087211609,3.5561981201171875
44,0.9874529242515564,0.041492607444524765,2.7e-05,0.5887772440910339,3.5926406383514404
45,0.9794228076934814,0.06845320016145706,2.7e-05,0.6189279556274414,3.654585599899292
46,0.9829360246658325,0.11562082916498184,8.1e-06,0.5871021747589111,3.630577564239502
47,0.9846925735473633,0.044752344489097595,8.1e-06,0.5946398377418518,3.635181188583374
48,0.98795485496521,0.04190906882286072,8.1e-06,0.6013400554656982,3.545604705810547
49,0.9884567260742188,0.03537260740995407,8.1e-06,0.5871021747589111,3.591447591781616
