epoch,accuracy,loss,lr,val_accuracy,val_loss
0,0.6090138554573059,0.858127772808075,0.001,0.34508153796195984,1.9055122137069702
1,0.7432588338851929,0.5929053425788879,0.001,0.2651236057281494,1.5853469371795654
2,0.7812018394470215,0.516303539276123,0.001,0.6670173406600952,0.7279597520828247
3,0.7981510162353516,0.49161815643310547,0.001,0.5197264552116394,1.1514116525650024
4,0.8045069575309753,0.4624606966972351,0.001,0.7180431485176086,0.7761720418930054
5,0.8241525292396545,0.4133050739765167,0.001,0.6223040223121643,1.0142478942871094
6,0.82280433177948,0.40998512506484985,0.001,0.6659652590751648,0.8743745684623718
7,0.8258859515190125,0.414721816778183,0.001,0.5896896123886108,1.1713587045669556
8,0.8434129357337952,0.35840144753456116,0.001,0.6470279097557068,1.0298118591308594
9,0.8526579141616821,0.33775046467781067,0.001,0.6407154202461243,1.0003890991210938
10,0.8422573208808899,0.364225834608078,0.001,0.6870068311691284,0.9813101291656494
11,0.8411017060279846,0.35657843947410583,0.001,0.6328248381614685,0.9842478632926941
12,0.8484206199645996,0.3499455749988556,0.001,0.6286165118217468,0.8704182505607605
13,0.8495762944221497,0.3498688340187073,0.001,0.6738558411598206,0.8450861573219299
14,0.8617103099822998,0.3307608366012573,0.001,0.6517622470855713,0.8306689262390137
15,0.8597843050956726,0.3239985704421997,0.001,0.6338769197463989,0.8780947327613831
16,0.8632511496543884,0.3160046935081482,0.001,0.6586007475852966,1.1214836835861206
17,0.8580508232116699,0.3192788064479828,0.001,0.6822724938392639,0.8647187352180481
18,0.8771186470985413,0.2846873104572296,0.0003,0.658074676990509,0.9876080751419067
19,0.8776964545249939,0.2820557653903961,0.0003,0.6564965844154358,1.1561473608016968
20,0.8821263313293457,0.28092578053474426,0.0003,0.6501840949058533,1.0440127849578857
21,0.8782742619514465,0.2834027111530304,0.0003,0.6791162490844727,0.9053791165351868
22,0.89079350233078,0.27090489864349365,0.0003,0.6843766570091248,0.9045977592468262
23,0.882511556148529,0.27128028869628906,0.0003,0.6728037595748901,0.9862532615661621
24,0.884437620639801,0.27117636799812317,0.0003,0.6417675018310547,1.111730694770813
25,0.8888674974441528,0.26024746894836426,0.0003,0.6980536580085754,0.9847111105918884
26,0.894645631313324,0.2670203447341919,0.0003,0.6728037595748901,0.950511634349823
27,0.8896378874778748,0.2659798264503479,0.0003,0.6717517375946045,1.038232684135437
28,0.8855932354927063,0.26750990748405457,0.0003,0.6564965844154358,1.0156769752502441
29,0.8902156949043274,0.26714640855789185,0.0003,0.644923746585846,0.9261466264724731
30,0.8915639519691467,0.25418153405189514,0.0003,0.6959494948387146,0.9076001644134521
31,0.8952234387397766,0.25312232971191406,0.0003,0.6659652590751648,0.9724948406219482
32,0.8902156949043274,0.2702953815460205,0.0003,0.6212520003318787,0.9708492755889893
33,0.9044684171676636,0.24147440493106842,1e-04,0.6854287385940552,0.9295640587806702
34,0.8977272510528564,0.24818648397922516,1e-04,0.6564965844154358,0.9520987272262573
35,0.8990755081176758,0.2457285076379776,1e-04,0.6601788401603699,1.0149385929107666
36,0.8984977006912231,0.24015359580516815,1e-04,0.6785902380943298,0.9360252618789673
37,0.9073574542999268,0.23516535758972168,1e-04,0.6796423196792603,0.9272387027740479
38,0.8996533155441284,0.24936538934707642,1e-04,0.6675434112548828,1.0245033502578735
39,0.9071648716926575,0.23537951707839966,1e-04,0.6912151575088501,0.9775598049163818
40,0.8959938287734985,0.24899910390377045,1e-04,0.6822724938392639,0.9326217174530029
41,0.9048536419868469,0.23576423525810242,1e-04,0.6659652590751648,0.9335320591926575
42,0.9052388072013855,0.24222338199615479,1e-04,0.6864808201789856,0.9589052796363831
43,0.9040831923484802,0.23300744593143463,1e-04,0.6754339933395386,0.9960718750953674
44,0.8988829255104065,0.2424890249967575,1e-04,0.6754339933395386,0.9329297542572021
45,0.8983050584793091,0.24146965146064758,1e-04,0.6517622470855713,1.0066155195236206
46,0.902927577495575,0.2323230355978012,1e-04,0.6964755654335022,0.9225661754608154
47,0.8998458981513977,0.23293371498584747,1e-04,0.6780641674995422,0.9821464419364929
48,0.9048536419868469,0.23195134103298187,1e-04,0.6612309217453003,1.0325847864151
49,0.909476101398468,0.23354358971118927,1e-04,0.7106785774230957,0.9346098303794861
50,0.9062018394470215,0.23216891288757324,1e-04,0.6843766570091248,0.9351122975349426
51,0.9063944816589355,0.2271331399679184,1e-04,0.6806943416595459,0.9627122282981873
52,0.9071648716926575,0.22685149312019348,1e-04,0.6975275874137878,1.016227126121521
53,0.9052388072013855,0.22935128211975098,1e-04,0.6717517375946045,0.9398636221885681
54,0.9044684171676636,0.24143022298812866,1e-04,0.676486074924469,0.9704908728599548
55,0.9079352617263794,0.23322245478630066,1e-04,0.7048921585083008,0.9349051713943481
56,0.9073574542999268,0.23126329481601715,1e-04,0.7054182291030884,0.916408121585846
57,0.9031201601028442,0.23428022861480713,1e-04,0.6959494948387146,0.9207198023796082
58,0.9102465510368347,0.22530622780323029,1e-04,0.7012099027633667,0.9406944513320923
59,0.91140216588974,0.21741187572479248,1e-04,0.6833245754241943,0.9887239336967468
60,0.9117873907089233,0.22520838677883148,1e-04,0.7022619843482971,0.9579224586486816
61,0.9056240320205688,0.2373163253068924,1e-04,0.7033140659332275,0.9648648500442505
62,0.9115947484970093,0.22464264929294586,1e-04,0.7017359137535095,0.9473888278007507
63,0.9096687436103821,0.22089260816574097,1e-04,0.6985796689987183,0.9584820866584778
64,0.9108243584632874,0.22397704422473907,1e-04,0.7101525664329529,0.9322229623794556
65,0.9112095236778259,0.22011636197566986,1e-04,0.7190952301025391,0.950441837310791
66,0.9063944816589355,0.23353230953216553,1e-04,0.7059442400932312,0.9894261956214905
67,0.9079352617263794,0.23067183792591095,1e-04,0.687532901763916,0.9333935976028442
68,0.9127503633499146,0.2200586050748825,1e-04,0.6954234838485718,0.9432450532913208
69,0.9152542352676392,0.21715974807739258,1e-04,0.6948974132537842,0.947837233543396
70,0.912365198135376,0.22395622730255127,1e-04,0.6943714022636414,0.9684683084487915
71,0.9108243584632874,0.2189813256263733,1e-04,0.7206733226776123,0.9250549674034119
72,0.9110169410705566,0.22259728610515594,1e-04,0.713834822177887,0.9639779329299927
73,0.9139060378074646,0.22060297429561615,1e-04,0.7290899753570557,0.9659362435340881
74,0.908513069152832,0.22528336942195892,1e-04,0.676486074924469,1.0354163646697998
75,0.9110169410705566,0.21773304045200348,1e-04,0.7069963216781616,0.9483451247215271
76,0.9175654649734497,0.21616260707378387,1e-04,0.6849026679992676,0.980425238609314
77,0.9071648716926575,0.22926203906536102,1e-04,0.7033140659332275,0.9552392959594727
78,0.9181432723999023,0.21520401537418365,1e-04,0.6917411684989929,0.9730995893478394
79,0.9175654649734497,0.21484221518039703,1e-04,0.7280378937721252,0.9566284418106079
80,0.9131355881690979,0.21985439956188202,1e-04,0.7091004848480225,0.9159683585166931
81,0.9140986204147339,0.223592609167099,1e-04,0.7222514748573303,0.9618225693702698
82,0.9121725559234619,0.22450242936611176,1e-04,0.6738558411598206,1.0043857097625732
83,0.9135208129882812,0.22522933781147003,1e-04,0.6838505864143372,0.9431360363960266
84,0.9156394600868225,0.2127813696861267,1e-04,0.7133088111877441,0.8866385221481323
85,0.912365198135376,0.21493034064769745,1e-04,0.6933193206787109,0.979030430316925
86,0.9127503633499146,0.21924921870231628,1e-04,0.6754339933395386,1.0372529029846191
87,0.9146764278411865,0.21336673200130463,1e-04,0.6780641674995422,1.0059378147125244
88,0.910439133644104,0.21466651558876038,1e-04,0.6943714022636414,0.9934569597244263
89,0.910439133644104,0.2197556495666504,1e-04,0.7154129147529602,0.9538875818252563
90,0.9117873907089233,0.22089889645576477,1e-04,0.6991057395935059,0.9275516271591187
91,0.9175654649734497,0.20848892629146576,1e-04,0.7069963216781616,0.9177952408790588
92,0.9112095236778259,0.2254987359046936,1e-04,0.6991057395935059,0.9853936433792114
93,0.9148690104484558,0.21625851094722748,1e-04,0.6854287385940552,0.9831806421279907
94,0.9146764278411865,0.20672565698623657,1e-04,0.708048403263092,0.9348927736282349
95,0.9121725559234619,0.2189946174621582,1e-04,0.7069963216781616,0.8995267748832703
96,0.9202619194984436,0.20529767870903015,1e-04,0.717517077922821,0.9496433734893799
97,0.9191063046455383,0.2016473263502121,1e-04,0.6996317505836487,0.9175392985343933
98,0.9121725559234619,0.2141362726688385,1e-04,0.7022619843482971,0.9423956274986267
99,0.9175654649734497,0.19973841309547424,1e-04,0.6980536580085754,0.9836329817771912
100,0.9133281707763672,0.21605284512043,1e-04,0.6759600043296814,0.9365959167480469
101,0.9139060378074646,0.20776860415935516,1e-04,0.6964755654335022,0.9653643369674683
102,0.9194915294647217,0.20604753494262695,1e-04,0.6785902380943298,1.0076526403427124
