epoch,accuracy,loss,lr,val_accuracy,val_loss
0,0.7736902832984924,0.5183438062667847,0.001,0.26301947236061096,2.6399683952331543
1,0.865755021572113,0.3256049156188965,0.001,0.2656496465206146,2.874579668045044
2,0.8880970478057861,0.28420236706733704,0.001,0.5344555377960205,1.6910943984985352
3,0.9048536419868469,0.25014662742614746,0.001,0.5754866003990173,1.6116925477981567
4,0.9035053849220276,0.24908828735351562,0.001,0.7264597415924072,0.8041920065879822
5,0.919876754283905,0.20240019261837006,0.001,0.7143608331680298,0.8247910141944885
6,0.9171802997589111,0.2187180072069168,0.001,0.5539190173149109,1.2741366624832153
7,0.9295069575309753,0.18844053149223328,0.001,0.5723303556442261,1.9605581760406494
8,0.928158700466156,0.1849500834941864,0.001,0.6959494948387146,0.8992612361907959
9,0.9389445185661316,0.16212332248687744,0.001,0.5307732820510864,1.772972583770752
10,0.9318181872367859,0.18156418204307556,0.001,0.713834822177887,0.8889702558517456
11,0.9402927756309509,0.15474355220794678,0.001,0.704366147518158,0.8717744946479797
12,0.9329738020896912,0.1833287477493286,0.001,0.5833771824836731,3.4547524452209473
13,0.9420261979103088,0.15390542149543762,0.001,0.6927932500839233,1.0300776958465576
14,0.9408705830574036,0.15725483000278473,0.001,0.7143608331680298,0.9613360166549683
15,0.9464560747146606,0.14754649996757507,0.001,0.6617569923400879,1.503098964691162
16,0.9418336153030396,0.15093092620372772,0.001,0.546554446220398,2.540778398513794
17,0.9508859515190125,0.13538140058517456,0.001,0.6365070939064026,1.0185437202453613
18,0.9537750482559204,0.12073122709989548,0.001,0.5697001814842224,3.6168887615203857
19,0.9506933689117432,0.12739360332489014,0.001,0.6612309217453003,1.151578664779663
20,0.9597457647323608,0.10669930279254913,0.0003,0.659652829170227,1.3678585290908813
21,0.962634801864624,0.09945190697908401,0.0003,0.5376117825508118,2.059166431427002
22,0.965523898601532,0.10179226100444794,0.0003,0.6796423196792603,1.353859782218933
23,0.9593605399131775,0.10076945275068283,0.0003,0.6796423196792603,1.0638762712478638
24,0.9668720960617065,0.09502415359020233,0.0003,0.735928475856781,1.0865453481674194
25,0.9672573208808899,0.08836086839437485,0.0003,0.708048403263092,1.0432766675949097
26,0.9651386737823486,0.09802072495222092,0.0003,0.7338243126869202,1.085678219795227
27,0.9659090638160706,0.09409210830926895,0.0003,0.7401367425918579,0.8887614011764526
28,0.966486930847168,0.09015606343746185,0.0003,0.7148869037628174,1.0952210426330566
29,0.9705315828323364,0.08396955579519272,0.0003,0.697001576423645,1.0345745086669922
30,0.9697611927986145,0.08379048109054565,0.0003,0.724881649017334,1.1774755716323853
31,0.9693759679794312,0.08936170488595963,0.0003,0.7375065684318542,0.932243287563324
32,0.9676425457000732,0.09320073574781418,0.0003,0.735928475856781,1.2061909437179565
33,0.9716871976852417,0.08152821660041809,0.0003,0.6843766570091248,1.5066882371902466
34,0.9734206199645996,0.07630685716867447,0.0003,0.7012099027633667,1.185708999633789
35,0.9749614596366882,0.0703226774930954,1e-04,0.7201473116874695,1.1202149391174316
36,0.9745762944221497,0.07590965926647186,1e-04,0.7280378937721252,1.2792041301727295
37,0.9768875241279602,0.07220780104398727,1e-04,0.7464492321014404,1.16714346408844
38,0.9797765612602234,0.06357588618993759,1e-04,0.7632824778556824,1.1571357250213623
39,0.9751541018486023,0.07316473871469498,1e-04,0.7543398141860962,1.1711857318878174
40,0.9763097167015076,0.06893579661846161,1e-04,0.7117306590080261,0.969396710395813
41,0.9784283638000488,0.06746505945920944,1e-04,0.7480273246765137,1.206436038017273
42,0.980354368686676,0.06478919088840485,1e-04,0.7443450689315796,1.2740952968597412
43,0.9774653315544128,0.06828975677490234,1e-04,0.7290899753570557,0.9591811299324036
44,0.9791987538337708,0.06413436681032181,1e-04,0.762230396270752,1.1917349100112915
45,0.9784283638000488,0.06696733087301254,1e-04,0.7411888241767883,1.0511966943740845
46,0.9824730157852173,0.055948223918676376,1e-04,0.7669647336006165,1.0633182525634766
47,0.9784283638000488,0.06321506202220917,1e-04,0.7643345594406128,1.2399044036865234
48,0.9772727489471436,0.06633561104536057,1e-04,0.7727512121200562,1.1997177600860596
49,0.9807395935058594,0.05828603357076645,1e-04,0.7517096400260925,0.9389470219612122
50,0.9797765612602234,0.05873608589172363,1e-04,0.7701209783554077,1.2270750999450684
51,0.9791987538337708,0.0596187449991703,1e-04,0.7632824778556824,1.1618751287460327
52,0.9768875241279602,0.07031016796827316,1e-04,0.7816938161849976,1.1837637424468994
53,0.9751541018486023,0.06707002222537994,1e-04,0.767490804195404,1.102423071861267
54,0.9790061712265015,0.06165792793035507,1e-04,0.7895844578742981,1.2190064191818237
55,0.9780431389808655,0.0610211081802845,1e-04,0.7443450689315796,1.044386625289917
56,0.9797765612602234,0.05975025147199631,1e-04,0.7864282131195068,1.2118862867355347
57,0.9788135886192322,0.06341750919818878,1e-04,0.7590741515159607,0.9587718844413757
58,0.982280433177948,0.052779827266931534,1e-04,0.7832719683647156,1.241612434387207
59,0.9793913960456848,0.06270963698625565,1e-04,0.7932667136192322,1.1365666389465332
60,0.9795839786529541,0.06131827086210251,1e-04,0.7864282131195068,1.1033531427383423
61,0.9791987538337708,0.05969424545764923,1e-04,0.7880063056945801,1.2320524454116821
62,0.9795839786529541,0.06130986660718918,1e-04,0.7759073972702026,1.1666370630264282
63,0.981317400932312,0.05845208838582039,1e-04,0.7832719683647156,0.9918639063835144
64,0.9782357215881348,0.056241098791360855,1e-04,0.7669647336006165,1.314894199371338
65,0.9788135886192322,0.06303324550390244,1e-04,0.7869542241096497,0.882414698600769
66,0.9809321761131287,0.059104327112436295,1e-04,0.7706470489501953,1.045448899269104
67,0.982280433177948,0.05272377282381058,1e-04,0.7727512121200562,1.2490023374557495
68,0.9811248183250427,0.05843053385615349,1e-04,0.782745897769928,1.0258989334106445
69,0.9791987538337708,0.06103517487645149,1e-04,0.8006312251091003,1.1760133504867554
70,0.9826656579971313,0.04913639649748802,1e-04,0.7806417942047119,1.0303112268447876
71,0.982280433177948,0.057364776730537415,1e-04,0.7922146320343018,1.332579255104065
72,0.9790061712265015,0.05820884928107262,1e-04,0.7553918957710266,1.3860522508621216
73,0.9830508232116699,0.05055965110659599,1e-04,0.804839551448822,1.0361928939819336
74,0.9826656579971313,0.056080274283885956,1e-04,0.8043135404586792,1.1928609609603882
75,0.9793913960456848,0.05884487181901932,1e-04,0.756443977355957,1.370674967765808
76,0.9784283638000488,0.060101550072431564,1e-04,0.7969489693641663,0.9682709574699402
77,0.9820878505706787,0.053764354437589645,1e-04,0.7822198867797852,1.047627329826355
78,0.9818952083587646,0.053048256784677505,1e-04,0.7990531325340271,1.2702603340148926
79,0.9805470108985901,0.05375304073095322,1e-04,0.7832719683647156,1.0405170917510986
80,0.9809321761131287,0.05528071150183678,1e-04,0.7548658847808838,1.1188229322433472
81,0.9790061712265015,0.05717090144753456,1e-04,0.7816938161849976,1.2744386196136475
82,0.9840138554573059,0.04892577603459358,1e-04,0.7901104688644409,0.816013514995575
83,0.9840138554573059,0.051586881279945374,1e-04,0.7943187952041626,1.1233785152435303
84,0.9807395935058594,0.05515431612730026,1e-04,0.7895844578742981,1.1818757057189941
85,0.9801617860794067,0.057804860174655914,1e-04,0.7890583872795105,1.1380527019500732
86,0.9807395935058594,0.05678249150514603,1e-04,0.7927406430244446,1.2253860235214233
87,0.9847843050956726,0.045607443898916245,1e-04,0.7980010509490967,1.263293743133545
88,0.9826656579971313,0.052505504339933395,1e-04,0.8001052141189575,1.0976942777633667
89,0.9811248183250427,0.05279749259352684,1e-04,0.7548658847808838,1.3560564517974854
90,0.983243465423584,0.04525839537382126,1e-04,0.762230396270752,0.9626047611236572
91,0.982280433177948,0.05114719644188881,1e-04,0.815886378288269,1.159492015838623
92,0.9830508232116699,0.05586054176092148,1e-04,0.7906364798545837,1.1279488801956177
93,0.9840138554573059,0.04889790341258049,1e-04,0.8058916330337524,1.2103760242462158
94,0.9853621125221252,0.046287018805742264,1e-04,0.7948448061943054,1.252557396888733
95,0.98420649766922,0.046910274773836136,1e-04,0.7874802947044373,0.9958383440971375
96,0.9855546951293945,0.043325673788785934,1e-04,0.7811678051948547,1.3235474824905396
97,0.9878659248352051,0.03978337347507477,1e-04,0.7643345594406128,1.0316780805587769
98,0.982280433177948,0.054257072508335114,1e-04,0.7790636420249939,1.3758643865585327
99,0.9820878505706787,0.05101756751537323,1e-04,0.8342977166175842,1.199666976928711
100,0.9838212728500366,0.045944493263959885,1e-04,0.8342977166175842,1.1271353960037231
101,0.9826656579971313,0.0485038124024868,1e-04,0.8074697256088257,1.2617334127426147
102,0.9807395935058594,0.05511751025915146,1e-04,0.756443977355957,0.9731107950210571
103,0.9861325025558472,0.041532933712005615,1e-04,0.8116780519485474,1.1581999063491821
104,0.9826656579971313,0.049801990389823914,1e-04,0.7664387226104736,1.3728821277618408
