epoch,accuracy,loss,lr,val_accuracy,val_loss
0,0.8229969143867493,0.4314240515232086,0.001,0.40557602047920227,2.464223623275757
1,0.89079350233078,0.2852770984172821,0.001,0.3087848424911499,4.650049209594727
2,0.9033128023147583,0.2572384178638458,0.001,0.6791162490844727,1.2508056163787842
3,0.910439133644104,0.2326781451702118,0.001,0.628090500831604,0.9917224645614624
4,0.9266178607940674,0.19239504635334015,0.001,0.7217254042625427,0.9523288607597351
5,0.9337441921234131,0.17623797059059143,0.001,0.6917411684989929,0.9449202418327332
6,0.9362480640411377,0.1691075712442398,0.001,0.6985796689987183,0.9890341758728027
7,0.938366711139679,0.1634693443775177,0.001,0.6806943416595459,0.8079763054847717
8,0.9431818127632141,0.13985827565193176,0.001,0.7180431485176086,1.0701465606689453
9,0.9505007863044739,0.1346513330936432,0.001,0.6549184918403625,1.0136804580688477
10,0.9456856846809387,0.14829273521900177,0.001,0.556023120880127,2.2336766719818115
11,0.9516564011573792,0.12748658657073975,0.001,0.7022619843482971,1.4625439643859863
12,0.9464560747146606,0.14691342413425446,0.001,0.6733298301696777,0.9275976419448853
13,0.9570493102073669,0.11192648857831955,0.001,0.7669647336006165,0.940651535987854
14,0.962634801864624,0.1016126275062561,0.001,0.7164649963378906,1.0350980758666992
15,0.9530045986175537,0.13831862807273865,0.001,0.6422935128211975,1.5255705118179321
16,0.9610939621925354,0.11368304491043091,0.001,0.7548658847808838,1.365207314491272
17,0.9718798398971558,0.08516034483909607,0.001,0.8053656220436096,1.1184964179992676
18,0.9662942886352539,0.1031060442328453,0.001,0.7101525664329529,1.6149013042449951
19,0.9624422192573547,0.10970912873744965,0.001,0.723303496837616,1.4003052711486816
20,0.9711093902587891,0.08748018741607666,0.001,0.7722251415252686,1.3858561515808105
21,0.9711093902587891,0.08572791516780853,0.001,0.7569699883460999,0.9707736372947693
22,0.9713020324707031,0.08608383685350418,0.001,0.6833245754241943,1.7331628799438477
23,0.9809321761131287,0.05885741114616394,0.0003,0.7438190579414368,1.111599087715149
24,0.9853621125221252,0.04865919426083565,0.0003,0.7722251415252686,1.0046424865722656
25,0.9820878505706787,0.05468009412288666,0.0003,0.7148869037628174,1.1750273704528809
26,0.9811248183250427,0.05544046312570572,0.0003,0.756443977355957,1.2076280117034912
27,0.9845916628837585,0.045193590223789215,0.0003,0.7701209783554077,1.1745362281799316
28,0.9836286306381226,0.046828944236040115,0.0003,0.7990531325340271,1.2085907459259033
29,0.9817026257514954,0.05201216787099838,0.0003,0.7427669763565063,1.3801097869873047
30,0.9845916628837585,0.0483892597258091,0.0003,0.7517096400260925,1.2666610479354858
31,0.9872881174087524,0.040275733917951584,0.0003,0.7285639047622681,1.228811264038086
32,0.9851694703102112,0.042311713099479675,0.0003,0.7001578211784363,1.671822428703308
33,0.9863251447677612,0.044921986758708954,0.0003,0.8295633792877197,1.032976746559143
34,0.9882511496543884,0.03480643406510353,0.0003,0.7764334678649902,1.0921990871429443
35,0.9851694703102112,0.04635977745056152,0.0003,0.8143082857131958,0.932831346988678
36,0.9836286306381226,0.04648568481206894,0.0003,0.7354024052619934,1.3471354246139526
37,0.9870955348014832,0.04364294186234474,0.0003,0.8011572957038879,0.7755706906318665
38,0.9872881174087524,0.03783765807747841,0.0003,0.7617043852806091,1.2039222717285156
39,0.9843990802764893,0.0464513786137104,0.0003,0.704366147518158,1.2884018421173096
40,0.9869029521942139,0.04284152761101723,0.0003,0.7259337306022644,1.3831427097320557
41,0.9895994067192078,0.031052205711603165,0.0003,0.7211993932723999,1.355008602142334
42,0.9859399199485779,0.03817816823720932,0.0003,0.7143608331680298,1.6586506366729736
43,0.9895994067192078,0.033248234540224075,0.0003,0.7585481405258179,1.4341340065002441
44,0.9878659248352051,0.037656791508197784,0.0003,0.765912652015686,1.2077339887619019
45,0.990562379360199,0.03514019772410393,0.0003,0.8111520409584045,1.2006264925003052
46,0.9872881174087524,0.03555215150117874,0.0003,0.7411888241767883,1.3628641366958618
47,0.989791989326477,0.03582290932536125,0.0003,0.752761721611023,1.334798812866211
48,0.9884437322616577,0.03771428391337395,0.0003,0.8321935534477234,1.1483280658721924
49,0.990755021572113,0.027919951826334,0.0003,0.7227774858474731,1.297454595565796
50,0.9926810264587402,0.026990288868546486,0.0003,0.7932667136192322,1.097241997718811
51,0.9899845719337463,0.02676490694284439,0.0003,0.7532877326011658,1.5148627758026123
52,0.991718053817749,0.029156271368265152,0.0003,0.6338769197463989,1.482383370399475
53,0.990755021572113,0.026818547397851944,1e-04,0.7869542241096497,1.3080672025680542
54,0.9922958612442017,0.02587284706532955,1e-04,0.7969489693641663,1.286827564239502
55,0.9919106364250183,0.023088650777935982,1e-04,0.815886378288269,1.2557491064071655
56,0.9936440587043762,0.019494203850626945,1e-04,0.8143082857131958,1.2134627103805542
57,0.9926810264587402,0.02061719261109829,1e-04,0.7559179663658142,1.3743559122085571
58,0.9940292835235596,0.020313143730163574,1e-04,0.7496054768562317,1.4234308004379272
59,0.9934514760971069,0.02068677730858326,1e-04,0.8085218071937561,1.383876919746399
60,0.9932588338851929,0.02055279165506363,1e-04,0.8342977166175842,1.2922091484069824
61,0.9932588338851929,0.025855759158730507,1e-04,0.8127301335334778,1.2117435932159424
62,0.9921032190322876,0.023749880492687225,1e-04,0.823250949382782,1.1847885847091675
63,0.9932588338851929,0.021025801077485085,1e-04,0.7406628131866455,1.411622166633606
64,0.9938367009162903,0.01852770335972309,1e-04,0.8085218071937561,1.280361533164978
65,0.9944145083427429,0.018208090215921402,1e-04,0.8279852867126465,1.3381463289260864
66,0.9922958612442017,0.023449702188372612,1e-04,0.7627564668655396,1.3859368562698364
67,0.9921032190322876,0.023227455094456673,1e-04,0.7711730599403381,1.4363782405853271
68,0.9951848983764648,0.014867645688354969,1e-04,0.8127301335334778,1.3772846460342407
69,0.9940292835235596,0.020238788798451424,1e-04,0.7774855494499207,1.4521522521972656
70,0.9947996735572815,0.02117670141160488,1e-04,0.7874802947044373,1.3335778713226318
71,0.9936440587043762,0.020519359037280083,1e-04,0.8074697256088257,1.3280752897262573
72,0.9934514760971069,0.018616581335663795,1e-04,0.8032614588737488,1.3890897035598755
73,0.9949923157691956,0.015399506315588951,1e-04,0.7475013136863708,1.6355433464050293
74,0.9938367009162903,0.023424943909049034,1e-04,0.8190426230430603,1.4103707075119019
75,0.9953774809837341,0.017457513138651848,1e-04,0.724881649017334,1.7590781450271606
76,0.9928736686706543,0.018998481333255768,1e-04,0.7932667136192322,1.300934076309204
77,0.9942218661308289,0.017128420993685722,1e-04,0.8148342967033386,1.4351309537887573
78,0.9932588338851929,0.022358378395438194,1e-04,0.7859021425247192,1.219709873199463
79,0.9959552884101868,0.01658998429775238,1e-04,0.7569699883460999,1.5722591876983643
80,0.9928736686706543,0.021527240052819252,1e-04,0.8185165524482727,1.3387659788131714
81,0.9942218661308289,0.01828218437731266,1e-04,0.795370876789093,1.451655626296997
82,0.9959552884101868,0.012886195443570614,1e-04,0.8143082857131958,1.3182318210601807
83,0.9947996735572815,0.016287848353385925,1e-04,0.821672797203064,1.3803153038024902
84,0.9957627058029175,0.014418159611523151,1e-04,0.7974750399589539,1.3065464496612549
85,0.9934514760971069,0.019324054941534996,1e-04,0.8016833066940308,1.302284836769104
86,0.9963405132293701,0.014709404669702053,1e-04,0.7859021425247192,1.3337231874465942
87,0.9947996735572815,0.01863560639321804,1e-04,0.7837979793548584,1.5323141813278198
88,0.9951848983764648,0.017242688685655594,1e-04,0.7906364798545837,1.3140275478363037
89,0.9953774809837341,0.017190972343087196,1e-04,0.7322461605072021,1.6716880798339844
90,0.9944145083427429,0.01818550005555153,1e-04,0.7801157236099243,1.339114785194397
91,0.9936440587043762,0.020697060972452164,1e-04,0.7048921585083008,1.4503428936004639
92,0.9928736686706543,0.02058476209640503,1e-04,0.8311415314674377,1.2547352313995361
93,0.9951848983764648,0.01640605553984642,1e-04,0.8237769603729248,1.3123029470443726
94,0.9961479306221008,0.013302093371748924,1e-04,0.8090478777885437,1.3045846223831177
95,0.9959552884101868,0.01493306178599596,1e-04,0.7948448061943054,1.4287447929382324
96,0.9953774809837341,0.01889125071465969,1e-04,0.7911625504493713,1.354561448097229
97,0.9942218661308289,0.01557963527739048,1e-04,0.812204122543335,1.4213120937347412
98,0.9955701231956482,0.014255299232900143,1e-04,0.7511835694313049,1.5125850439071655
99,0.9944145083427429,0.01473965123295784,1e-04,0.8137822151184082,1.3939894437789917
100,0.9957627058029175,0.016024356707930565,1e-04,0.7948448061943054,1.3752315044403076
101,0.9938367009162903,0.019509047269821167,1e-04,0.7101525664329529,1.6575052738189697
102,0.9955701231956482,0.0134811382740736,1e-04,0.7785376310348511,1.4846205711364746
103,0.9946070909500122,0.01525898464024067,1e-04,0.7764334678649902,1.3726136684417725
104,0.9959552884101868,0.013292800635099411,1e-04,0.8264071345329285,1.2807573080062866
105,0.9938367009162903,0.01828940026462078,1e-04,0.7243555784225464,1.4933149814605713
106,0.9951848983764648,0.01833832450211048,1e-04,0.7606523036956787,1.3956451416015625
107,0.9969183206558228,0.013950487598776817,1e-04,0.7927406430244446,1.37783682346344
108,0.9955701231956482,0.01576717011630535,1e-04,0.8190426230430603,1.3280104398727417
109,0.9963405132293701,0.013072585687041283,1e-04,0.8043135404586792,1.350052833557129
110,0.9961479306221008,0.015139765106141567,1e-04,0.8011572957038879,1.277511477470398
111,0.9940292835235596,0.016055917367339134,1e-04,0.767490804195404,1.465166687965393
112,0.9957627058029175,0.014199694618582726,1e-04,0.823250949382782,1.273842692375183
113,0.9951848983764648,0.018975907936692238,1e-04,0.7822198867797852,1.3453855514526367
114,0.9961479306221008,0.012165454216301441,1e-04,0.7895844578742981,1.4040563106536865
115,0.9967257380485535,0.011544388718903065,1e-04,0.7811678051948547,1.4158862829208374
116,0.9953774809837341,0.015399722382426262,1e-04,0.7627564668655396,1.3889878988265991
117,0.9961479306221008,0.017534323036670685,1e-04,0.7943187952041626,1.4230401515960693
118,0.9938367009162903,0.017874857410788536,1e-04,0.7911625504493713,1.3592829704284668
119,0.9965331554412842,0.012010817416012287,1e-04,0.8116780519485474,1.40421724319458
120,0.9951848983764648,0.01475600153207779,1e-04,0.7895844578742981,1.533243179321289
121,0.9957627058029175,0.014394460245966911,1e-04,0.7669647336006165,1.4348442554473877
122,0.9957627058029175,0.014801109209656715,1e-04,0.8211467862129211,1.396781086921692
123,0.9963405132293701,0.012913772836327553,1e-04,0.7716991305351257,1.4997048377990723
124,0.9969183206558228,0.012817286886274815,1e-04,0.8074697256088257,1.5577144622802734
125,0.9959552884101868,0.014166760258376598,1e-04,0.8369279503822327,1.5082035064697266
126,0.9949923157691956,0.01802213303744793,1e-04,0.784324049949646,1.4767835140228271
127,0.9955701231956482,0.015053865499794483,1e-04,0.8195686340332031,1.4272894859313965
128,0.9946070909500122,0.016451196745038033,1e-04,0.8190426230430603,1.600149154663086
129,0.9959552884101868,0.014062398113310337,1e-04,0.8227248787879944,1.3459019660949707
130,0.9953774809837341,0.013718318194150925,1e-04,0.8369279503822327,1.1971445083618164
131,0.9963405132293701,0.012558604590594769,1e-04,0.8190426230430603,1.3845646381378174
132,0.9947996735572815,0.015615280717611313,1e-04,0.8043135404586792,1.364394187927246
133,0.9961479306221008,0.010569264180958271,1e-04,0.80641770362854,1.5120936632156372
134,0.9967257380485535,0.013152346014976501,1e-04,0.7112046480178833,2.36372971534729
135,0.9961479306221008,0.015589158982038498,1e-04,0.7706470489501953,1.5600389242172241
136,0.9957627058029175,0.014439287595450878,1e-04,0.8316675424575806,1.35922372341156
137,0.9957627058029175,0.012077756226062775,1e-04,0.8427143692970276,1.2694637775421143
