epoch,accuracy,loss,lr,val_accuracy,val_loss
0,0.8285824060440063,0.4149261713027954,0.001,0.2582851052284241,2.4790070056915283
1,0.89079350233078,0.2955276072025299,0.001,0.5828511118888855,1.159064531326294
2,0.9092835187911987,0.24233858287334442,0.001,0.644923746585846,1.1673908233642578
3,0.9077426791191101,0.2538173198699951,0.001,0.6391372680664062,0.8455139398574829
4,0.9310477375984192,0.18203851580619812,0.001,0.6433455944061279,1.010491132736206
5,0.9323959946632385,0.18753783404827118,0.001,0.7001578211784363,0.9239692091941833
6,0.9399075508117676,0.16070613265037537,0.001,0.7101525664329529,1.1291234493255615
7,0.9537750482559204,0.13247054815292358,0.001,0.7148869037628174,0.8621786832809448
8,0.9497303366661072,0.1416911631822586,0.001,0.6896370053291321,1.178383469581604
9,0.9568567276000977,0.11415597051382065,0.001,0.6927932500839233,0.8148650527000427
10,0.9614791870117188,0.11725328117609024,0.001,0.6633350849151611,2.0486624240875244
11,0.9589753746986389,0.10647637397050858,0.001,0.74539715051651,0.9973974227905273
12,0.9599383473396301,0.1216190829873085,0.001,0.4455549716949463,3.753967523574829
13,0.9614791870117188,0.11132939159870148,0.001,0.812204122543335,0.6947391629219055
14,0.9693759679794312,0.09525589644908905,0.001,0.8290373682975769,0.6645007133483887
15,0.973035454750061,0.07907448709011078,0.001,0.6186217665672302,2.074885368347168
16,0.973035454750061,0.08520945906639099,0.001,0.6649131774902344,1.170439600944519
17,0.9741910696029663,0.07973326742649078,0.001,0.7490794062614441,1.1220422983169556
18,0.9718798398971558,0.07970111072063446,0.001,0.7753813862800598,1.339252233505249
19,0.9778505563735962,0.07155120372772217,0.001,0.7475013136863708,1.1680136919021606
20,0.9795839786529541,0.0619799830019474,0.001,0.7869542241096497,1.0166893005371094
21,0.9801617860794067,0.05755053833127022,0.001,0.7380326390266418,1.6189426183700562
22,0.9610939621925354,0.13172128796577454,0.001,0.708048403263092,2.0544273853302
23,0.9755392670631409,0.07154005765914917,0.001,0.7385586500167847,1.2348499298095703
24,0.9817026257514954,0.06071047857403755,0.001,0.7759073972702026,1.4570631980895996
25,0.9759244918823242,0.07678698003292084,0.001,0.654392421245575,1.1903070211410522
26,0.9815100431442261,0.0608808696269989,0.001,0.8022093772888184,0.9367842078208923
27,0.9847843050956726,0.048681024461984634,0.001,0.7927406430244446,1.604399561882019
28,0.9797765612602234,0.0663047507405281,0.001,0.7927406430244446,0.7289274334907532
29,0.9815100431442261,0.05893613398075104,0.001,0.7837979793548584,1.4663454294204712
30,0.9867103099822998,0.040870923548936844,0.0003,0.7701209783554077,1.167865514755249
31,0.9890215992927551,0.0364878848195076,0.0003,0.7432929873466492,1.3029820919036865
32,0.9903697967529297,0.03131508082151413,0.0003,0.7748553156852722,1.14878511428833
33,0.9892141819000244,0.033050116151571274,0.0003,0.7117306590080261,1.4907828569412231
34,0.9880585670471191,0.039585065096616745,0.0003,0.7874802947044373,1.1045315265655518
35,0.989791989326477,0.032725002616643906,0.0003,0.7774855494499207,1.2421602010726929
36,0.9921032190322876,0.025892365723848343,0.0003,0.7780115604400635,1.3878642320632935
37,0.992488443851471,0.025269154459238052,0.0003,0.7980010509490967,1.3752350807189941
38,0.989791989326477,0.03159070760011673,0.0003,0.7485533952713013,1.5676689147949219
39,0.990562379360199,0.03057750314474106,0.0003,0.7801157236099243,0.9920183420181274
40,0.9928736686706543,0.025150058791041374,0.0003,0.7853761315345764,1.2162259817123413
41,0.992488443851471,0.021384505555033684,0.0003,0.7317201495170593,1.460073471069336
42,0.992488443851471,0.02573619969189167,0.0003,0.80641770362854,1.25230872631073
43,0.992488443851471,0.023386532440781593,0.0003,0.7059442400932312,1.6381642818450928
44,0.9928736686706543,0.030015859752893448,0.0003,0.6912151575088501,1.661453127861023
45,0.9951848983764648,0.016598280519247055,1e-04,0.7727512121200562,1.4226934909820557
46,0.9967257380485535,0.011640739627182484,1e-04,0.7448711395263672,1.392447829246521
47,0.9959552884101868,0.015244971960783005,1e-04,0.7685428857803345,1.3314337730407715
48,0.9969183206558228,0.014970092102885246,1e-04,0.7811678051948547,1.3200422525405884
49,0.9946070909500122,0.016469428315758705,1e-04,0.7606523036956787,1.5682909488677979
50,0.9947996735572815,0.01843228191137314,1e-04,0.795370876789093,1.2077817916870117
51,0.9971109628677368,0.011192568577826023,1e-04,0.7422409057617188,1.2976027727127075
52,0.9946070909500122,0.021631494164466858,1e-04,0.7501314878463745,1.7644879817962646
53,0.9944145083427429,0.015859603881835938,1e-04,0.7701209783554077,1.6224616765975952
54,0.9951848983764648,0.014580804854631424,1e-04,0.723303496837616,1.6183663606643677
55,0.9967257380485535,0.010749506764113903,1e-04,0.74539715051651,1.4777177572250366
56,0.9953774809837341,0.014244817197322845,1e-04,0.7932667136192322,1.3070536851882935
57,0.9965331554412842,0.013617327436804771,1e-04,0.7980010509490967,1.3178349733352661
58,0.9963405132293701,0.013754860498011112,1e-04,0.7338243126869202,1.5773521661758423
59,0.9961479306221008,0.013113378547132015,1e-04,0.773277223110199,1.4528695344924927
60,0.9971109628677368,0.009522832930088043,1e-04,0.7695949673652649,1.3606966733932495
61,0.9959552884101868,0.015385591425001621,1e-04,0.74539715051651,1.4692188501358032
62,0.9959552884101868,0.013000846840441227,1e-04,0.7480273246765137,1.6282272338867188
63,0.9963405132293701,0.011603550985455513,1e-04,0.7711730599403381,1.600219488143921
64,0.9938367009162903,0.014848961494863033,1e-04,0.7869542241096497,1.1567331552505493
65,0.9946070909500122,0.02257554978132248,1e-04,0.7764334678649902,1.5285700559616089
66,0.9957627058029175,0.015862051397562027,1e-04,0.7606523036956787,1.4808921813964844
67,0.9971109628677368,0.010951850563287735,1e-04,0.8053656220436096,1.2874995470046997
68,0.9961479306221008,0.011241651140153408,1e-04,0.7864282131195068,1.3425226211547852
69,0.9976887702941895,0.007844979874789715,1e-04,0.7701209783554077,1.6147946119308472
70,0.9973035454750061,0.012802951037883759,1e-04,0.7911625504493713,1.3772209882736206
71,0.9967257380485535,0.011471178382635117,1e-04,0.7606523036956787,1.5176535844802856
72,0.9967257380485535,0.011851933784782887,1e-04,0.7753813862800598,1.445271372795105
73,0.9971109628677368,0.013930439949035645,1e-04,0.7475013136863708,1.7104971408843994
74,0.9959552884101868,0.01662372425198555,1e-04,0.767490804195404,1.601988673210144
75,0.9951848983764648,0.01400828268378973,1e-04,0.7837979793548584,1.4559755325317383
76,0.9959552884101868,0.013377044349908829,1e-04,0.7748553156852722,1.4739748239517212
77,0.9971109628677368,0.012966908514499664,1e-04,0.7375065684318542,1.9300405979156494
78,0.9957627058029175,0.016243726015090942,1e-04,0.7864282131195068,1.694895625114441
79,0.9976887702941895,0.008175569586455822,1e-04,0.7927406430244446,1.3899257183074951
80,0.9973035454750061,0.01120535284280777,1e-04,0.7406628131866455,1.8027992248535156
81,0.9971109628677368,0.012093761004507542,1e-04,0.7317201495170593,1.6820002794265747
82,0.9973035454750061,0.011039902456104755,1e-04,0.8143082857131958,1.3881257772445679
83,0.9961479306221008,0.011267128400504589,1e-04,0.8022093772888184,1.5397332906723022
84,0.9953774809837341,0.01947799324989319,1e-04,0.7764334678649902,1.6852980852127075
85,0.9978813529014587,0.011167819611728191,1e-04,0.80641770362854,1.496167540550232
86,0.9963405132293701,0.014353703707456589,1e-04,0.7895844578742981,1.5519468784332275
87,0.9957627058029175,0.012874575331807137,1e-04,0.7543398141860962,1.6969712972640991
88,0.9976887702941895,0.009295371361076832,1e-04,0.7664387226104736,1.689149022102356
89,0.9986517429351807,0.006963348016142845,1e-04,0.7853761315345764,1.6429314613342285
90,0.9982665777206421,0.007012565620243549,1e-04,0.7790636420249939,1.7512942552566528
91,0.9978813529014587,0.011367732658982277,1e-04,0.7680168151855469,1.8431401252746582
92,0.9973035454750061,0.010967111214995384,1e-04,0.7501314878463745,1.8853408098220825
93,0.9963405132293701,0.01277423556894064,1e-04,0.782745897769928,1.598631501197815
94,0.9959552884101868,0.013317092321813107,1e-04,0.7864282131195068,1.544061541557312
95,0.9978813529014587,0.00843022856861353,1e-04,0.793792724609375,1.4998644590377808
96,0.9974961280822754,0.007775893900543451,1e-04,0.8085218071937561,1.6776227951049805
97,0.9974961280822754,0.01071950700134039,1e-04,0.7974750399589539,1.3910564184188843
98,0.9976887702941895,0.009246276691555977,1e-04,0.812204122543335,1.6561193466186523
99,0.9965331554412842,0.010020733810961246,1e-04,0.8364018797874451,1.4330060482025146
100,0.9978813529014587,0.00953135546296835,1e-04,0.7948448061943054,1.622660517692566
101,0.9973035454750061,0.008703766390681267,1e-04,0.7837979793548584,1.7950294017791748
102,0.9978813529014587,0.009967035613954067,1e-04,0.762230396270752,1.7970689535140991
103,0.9973035454750061,0.010479629971086979,1e-04,0.8079957962036133,1.6101783514022827
104,0.9974961280822754,0.008335662074387074,1e-04,0.7632824778556824,2.0116183757781982
105,0.9978813529014587,0.008600675500929356,1e-04,0.7632824778556824,1.7822611331939697
106,0.9961479306221008,0.015500462613999844,1e-04,0.7517096400260925,1.7319821119308472
107,0.9974961280822754,0.010902579873800278,1e-04,0.752761721611023,1.7409316301345825
108,0.9984591603279114,0.007407296448945999,1e-04,0.7980010509490967,1.553584098815918
109,0.9982665777206421,0.007673300802707672,1e-04,0.7701209783554077,1.8154051303863525
110,0.9971109628677368,0.008641532622277737,1e-04,0.7585481405258179,1.8116101026535034
111,0.9978813529014587,0.00802665762603283,1e-04,0.7874802947044373,1.5351017713546753
112,0.9982665777206421,0.007850967347621918,1e-04,0.7611783146858215,1.7964807748794556
113,0.998073935508728,0.008000851608812809,1e-04,0.7680168151855469,1.9335834980010986
114,0.9959552884101868,0.01189387682825327,1e-04,0.7901104688644409,1.7659964561462402
