epoch,accuracy,loss,lr,val_accuracy,val_loss
0,0.7877503633499146,0.4383581578731537,0.001,0.294581800699234,4.624570846557617
1,0.8509244918823242,0.3693704605102539,0.001,0.3277222514152527,4.015649318695068
2,0.8802003264427185,0.29317906498908997,0.001,0.6349290013313293,2.456084728240967
3,0.9090909361839294,0.2604321241378784,0.001,0.7422409057617188,0.746924102306366
4,0.9110169410705566,0.24453601241111755,0.001,0.6117832660675049,2.4992518424987793
5,0.9306625723838806,0.1824096143245697,0.001,0.6328248381614685,1.4490958452224731
6,0.9285439252853394,0.20147740840911865,0.001,0.7206733226776123,0.7107575535774231
7,0.9246918559074402,0.19305022060871124,0.001,0.568648099899292,2.0509448051452637
8,0.9316256046295166,0.20655642449855804,0.001,0.6301946640014648,1.7419825792312622
9,0.9431818127632141,0.15596070885658264,0.001,0.6317727565765381,0.773034393787384
10,0.9447226524353027,0.1659211814403534,0.001,0.7112046480178833,1.0333269834518433
11,0.954352855682373,0.12936659157276154,0.001,0.7133088111877441,1.4623223543167114
12,0.9582049250602722,0.11208178848028183,0.001,0.7106785774230957,1.418392300605774
13,0.956086277961731,0.12394888699054718,0.001,0.7154129147529602,1.4195200204849243
14,0.9605161547660828,0.10746124386787415,0.001,0.6964755654335022,1.744763970375061
15,0.9493451714515686,0.14082938432693481,0.001,0.5944240093231201,1.8334871530532837
16,0.9574345350265503,0.11727302521467209,0.001,0.6991057395935059,1.111728549003601
17,0.9649460911750793,0.1044863685965538,0.001,0.6007364392280579,1.9858098030090332
18,0.96359783411026,0.10734161734580994,0.001,0.5418201088905334,2.0700414180755615
19,0.9687981605529785,0.10073123872280121,0.001,0.8106259703636169,0.6709598898887634
20,0.9687981605529785,0.09043094515800476,0.001,0.7259337306022644,0.9074916839599609
21,0.9649460911750793,0.11466280370950699,0.001,0.6075749397277832,1.3523699045181274
22,0.9666795134544373,0.09501808136701584,0.001,0.843766450881958,0.7026532888412476
23,0.9616718292236328,0.11482328921556473,0.001,0.7522356510162354,2.3322372436523438
24,0.9714946150779724,0.08768851310014725,0.001,0.704366147518158,1.81251060962677
25,0.9761170744895935,0.07022053003311157,0.001,0.746975302696228,1.525315284729004
26,0.9757319092750549,0.08337388187646866,0.001,0.7895844578742981,1.6746002435684204
27,0.9759244918823242,0.07413588464260101,0.001,0.6564965844154358,2.7562108039855957
28,0.9701463580131531,0.08723551779985428,0.001,0.7601262331008911,1.301415205001831
29,0.982280433177948,0.058853961527347565,0.001,0.823250949382782,0.7284709811210632
30,0.9797765612602234,0.06765444576740265,0.001,0.7774855494499207,0.8653634190559387
31,0.982280433177948,0.05152393504977226,0.001,0.7596002221107483,1.0958735942840576
32,0.9774653315544128,0.07880055904388428,0.001,0.793792724609375,0.7334648370742798
33,0.9805470108985901,0.05809527635574341,0.001,0.7895844578742981,0.9179109334945679
34,0.9845916628837585,0.05341220274567604,0.001,0.8695423603057861,0.7042757868766785
35,0.9903697967529297,0.03703741729259491,0.0003,0.7895844578742981,1.405802607536316
36,0.991525411605835,0.0294053815305233,0.0003,0.7680168151855469,1.2535557746887207
37,0.991525411605835,0.02755744941532612,0.0003,0.7711730599403381,1.5603446960449219
38,0.991525411605835,0.030432362109422684,0.0003,0.7995791435241699,1.5114694833755493
39,0.9928736686706543,0.02311358042061329,0.0003,0.8127301335334778,1.4277410507202148
40,0.9940292835235596,0.02074330300092697,0.0003,0.8095738887786865,1.7771165370941162
41,0.9940292835235596,0.020337378606200218,0.0003,0.7885323762893677,1.6696257591247559
42,0.9940292835235596,0.021974602714180946,0.0003,0.7706470489501953,1.7058639526367188
43,0.990755021572113,0.02919473871588707,0.0003,0.7653866410255432,1.1949599981307983
44,0.9932588338851929,0.020097479224205017,0.0003,0.7948448061943054,1.6481174230575562
45,0.9934514760971069,0.017225826159119606,0.0003,0.7980010509490967,1.7584856748580933
46,0.9944145083427429,0.02324950508773327,0.0003,0.7916885614395142,1.7767318487167358
47,0.991525411605835,0.024482693523168564,0.0003,0.7164649963378906,2.0355422496795654
48,0.9926810264587402,0.02389805018901825,0.0003,0.7222514748573303,2.0887811183929443
49,0.9938367009162903,0.023433193564414978,0.0003,0.7185691595077515,2.3260574340820312
50,0.9922958612442017,0.02056749351322651,1e-04,0.7906364798545837,1.804755449295044
51,0.9942218661308289,0.017413383349776268,1e-04,0.7890583872795105,1.532466173171997
52,0.9957627058029175,0.014885330572724342,1e-04,0.7911625504493713,1.7189149856567383
53,0.9955701231956482,0.012357460334897041,1e-04,0.8006312251091003,1.870929479598999
54,0.9961479306221008,0.015641190111637115,1e-04,0.8069437146186829,1.965280532836914
55,0.9969183206558228,0.009457388892769814,1e-04,0.784324049949646,2.020564556121826
56,0.9944145083427429,0.021545177325606346,1e-04,0.7501314878463745,2.102447271347046
57,0.9949923157691956,0.017716258764266968,1e-04,0.7874802947044373,1.842748999595642
58,0.9978813529014587,0.009769107215106487,1e-04,0.7990531325340271,1.7553906440734863
59,0.9973035454750061,0.010645766742527485,1e-04,0.8032614588737488,2.072002410888672
60,0.9938367009162903,0.017841489985585213,1e-04,0.7890583872795105,1.6375375986099243
61,0.9961479306221008,0.016638576984405518,1e-04,0.8053656220436096,1.7917343378067017
62,0.9961479306221008,0.011832966469228268,1e-04,0.793792724609375,1.7953646183013916
63,0.9959552884101868,0.014781023375689983,1e-04,0.7885323762893677,1.8950185775756836
64,0.9961479306221008,0.013399635441601276,1e-04,0.7759073972702026,1.9143670797348022
65,0.9955701231956482,0.015547203831374645,1e-04,0.765912652015686,1.9436054229736328
66,0.9955701231956482,0.016110951080918312,1e-04,0.7648605704307556,1.9889345169067383
67,0.9965331554412842,0.009597149677574635,1e-04,0.7874802947044373,1.893485426902771
68,0.9959552884101868,0.013907654210925102,1e-04,0.782745897769928,1.9807384014129639
69,0.9955701231956482,0.012035099789500237,1e-04,0.7848500609397888,1.9267306327819824
70,0.9974961280822754,0.010365231893956661,1e-04,0.795370876789093,1.8389872312545776
71,0.9959552884101868,0.014591613784432411,1e-04,0.7958968877792358,1.87357497215271
72,0.9967257380485535,0.011024615727365017,1e-04,0.7943187952041626,1.9836279153823853
73,0.9976887702941895,0.012012233026325703,1e-04,0.795370876789093,1.8797996044158936
74,0.9965331554412842,0.015325210988521576,1e-04,0.8037874698638916,1.9234392642974854
75,0.9965331554412842,0.011332727037370205,1e-04,0.5839031934738159,2.7763493061065674
76,0.9963405132293701,0.019179390743374825,1e-04,0.7664387226104736,2.292494773864746
77,0.9957627058029175,0.01905369944870472,1e-04,0.773277223110199,2.148426055908203
78,0.9961479306221008,0.01061771810054779,1e-04,0.7685428857803345,2.012346029281616
79,0.9974961280822754,0.009182228706777096,1e-04,0.804839551448822,1.8775110244750977
80,0.9959552884101868,0.012055317871272564,1e-04,0.7769594788551331,1.9851754903793335
81,0.9969183206558228,0.012287954799830914,1e-04,0.782745897769928,2.148512601852417
82,0.9971109628677368,0.008328230120241642,1e-04,0.762230396270752,2.21150803565979
83,0.9967257380485535,0.011741037480533123,1e-04,0.7848500609397888,2.1228933334350586
84,0.9946070909500122,0.019833100959658623,1e-04,0.815886378288269,1.9273431301116943
85,0.9967257380485535,0.009538281708955765,1e-04,0.7848500609397888,1.9398678541183472
86,0.9967257380485535,0.011280322447419167,1e-04,0.7780115604400635,2.0359065532684326
87,0.9969183206558228,0.011895505711436272,1e-04,0.8043135404586792,1.7960760593414307
88,0.9973035454750061,0.006978733465075493,1e-04,0.7990531325340271,1.8373091220855713
89,0.9961479306221008,0.011851479299366474,1e-04,0.7785376310348511,1.973575234413147
90,0.9959552884101868,0.012634888291358948,1e-04,0.7837979793548584,1.9753834009170532
91,0.9965331554412842,0.013461535796523094,1e-04,0.8100999593734741,1.913053035736084
92,0.9965331554412842,0.010873988270759583,1e-04,0.7759073972702026,2.0029072761535645
93,0.9959552884101868,0.016154270619153976,1e-04,0.8137822151184082,1.762894868850708
94,0.9973035454750061,0.009372333064675331,1e-04,0.7948448061943054,1.801501750946045
95,0.9969183206558228,0.009975029155611992,1e-04,0.7869542241096497,1.8528330326080322
96,0.9974961280822754,0.00804986897855997,1e-04,0.7759073972702026,2.0496177673339844
97,0.9974961280822754,0.00954954233020544,1e-04,0.7338243126869202,2.172781467437744
98,0.9976887702941895,0.008349466137588024,1e-04,0.8074697256088257,1.9002418518066406
99,0.9967257380485535,0.01001193467527628,1e-04,0.7890583872795105,1.969685435295105
100,0.9961479306221008,0.0102988975122571,1e-04,0.7801157236099243,2.0556702613830566
101,0.9974961280822754,0.01090070977807045,1e-04,0.8095738887786865,1.857704520225525
102,0.9973035454750061,0.009313298389315605,1e-04,0.7596002221107483,2.0759670734405518
103,0.9961479306221008,0.013016371987760067,1e-04,0.8011572957038879,1.9944946765899658
104,0.9969183206558228,0.015671543776988983,1e-04,0.7627564668655396,1.9518415927886963
105,0.9955701231956482,0.014027486555278301,1e-04,0.773277223110199,1.9053828716278076
106,0.9967257380485535,0.008177158422768116,1e-04,0.7880063056945801,1.9335873126983643
107,0.9971109628677368,0.012362709268927574,1e-04,0.784324049949646,2.1344854831695557
108,0.9961479306221008,0.013952947221696377,1e-04,0.7969489693641663,1.927082896232605
109,0.9967257380485535,0.012421377003192902,1e-04,0.7774855494499207,2.020299196243286
110,0.9974961280822754,0.007111226208508015,1e-04,0.7601262331008911,2.178230047225952
111,0.9986517429351807,0.006355236284434795,1e-04,0.7832719683647156,2.0443806648254395
112,0.9982665777206421,0.006323740817606449,1e-04,0.7716991305351257,2.1209487915039062
113,0.9978813529014587,0.007726927287876606,1e-04,0.7706470489501953,2.2388668060302734
114,0.9982665777206421,0.006075512617826462,1e-04,0.7822198867797852,2.178058624267578
115,0.9976887702941895,0.005793496035039425,1e-04,0.7701209783554077,2.1198909282684326
116,0.9973035454750061,0.008744612336158752,1e-04,0.8085218071937561,2.048145294189453
117,0.9959552884101868,0.010885734111070633,1e-04,0.8095738887786865,1.9136762619018555
118,0.9971109628677368,0.008459329605102539,1e-04,0.7795897126197815,1.9552698135375977
119,0.9971109628677368,0.009844379499554634,1e-04,0.7927406430244446,1.9101173877716064
