epoch,accuracy,loss,lr,val_accuracy,val_loss
0,0.7808166146278381,0.5170880556106567,0.001,0.4029458165168762,4.917790412902832
1,0.801232635974884,0.4490116536617279,0.001,0.470278799533844,4.535058498382568
2,0.7785053849220276,0.44711920619010925,0.001,0.4744871258735657,2.4142727851867676
3,0.8046995401382446,0.3801994025707245,0.001,0.6948974132537842,0.7383372187614441
4,0.7852465510368347,0.4003435969352722,0.001,0.4855339229106903,3.9668657779693604
5,0.7969954013824463,0.38197532296180725,0.001,0.6643871665000916,0.8253623843193054
6,0.8043143153190613,0.369184672832489,0.001,0.7001578211784363,0.9884272813796997
7,0.803158700466156,0.3433481752872467,0.001,0.6770120859146118,1.4969007968902588
8,0.8160631656646729,0.3424011468887329,0.001,0.6991057395935059,1.2174458503723145
9,0.8526579141616821,0.3215514123439789,0.001,0.6475539207458496,1.4043331146240234
10,0.8522727489471436,0.29561805725097656,0.001,0.6843766570091248,1.0874837636947632
11,0.8871340751647949,0.3030301332473755,0.001,0.6885849833488464,1.017913818359375
12,0.9046609997749329,0.268036812543869,0.001,0.5344555377960205,2.3975772857666016
13,0.9073574542999268,0.24548141658306122,0.001,0.5318253636360168,2.0158395767211914
14,0.919876754283905,0.22388029098510742,0.001,0.6391372680664062,1.1159721612930298
15,0.9285439252853394,0.18914030492305756,0.001,0.7396107316017151,0.990530252456665
16,0.9372110962867737,0.18027593195438385,0.001,0.704366147518158,1.0857633352279663
17,0.9426040053367615,0.1523481160402298,0.001,0.6717517375946045,1.4014320373535156
18,0.938366711139679,0.19636981189250946,0.001,0.6217780113220215,2.1770126819610596
19,0.9528120160102844,0.12797202169895172,0.0003,0.7238295674324036,1.1451414823532104
20,0.9530045986175537,0.12158394604921341,0.0003,0.6912151575088501,1.0871281623840332
21,0.9637904763221741,0.10231483727693558,0.0003,0.7091004848480225,1.4830223321914673
22,0.9612866044044495,0.1091194897890091,0.0003,0.7264597415924072,1.0835920572280884
23,0.9701463580131531,0.08965269476175308,0.0003,0.5660178661346436,1.949453592300415
24,0.9670647382736206,0.09838386625051498,0.0003,0.7632824778556824,1.1004947423934937
25,0.9661017060279846,0.09034576267004013,0.0003,0.7974750399589539,0.702721118927002
26,0.9695685505867004,0.07842046022415161,0.0003,0.746975302696228,1.3241931200027466
27,0.9745762944221497,0.08256334066390991,0.0003,0.7874802947044373,1.0095816850662231
28,0.974768877029419,0.06863091140985489,0.0003,0.7822198867797852,1.1850751638412476
29,0.9745762944221497,0.07617133110761642,0.0003,0.6938453316688538,1.3885334730148315
30,0.9726502299308777,0.0796922966837883,0.0003,0.7501314878463745,1.0212384462356567
31,0.9743836522102356,0.07898269593715668,0.0003,0.767490804195404,1.1249439716339111
32,0.9790061712265015,0.06679927557706833,0.0003,0.7427669763565063,1.2093749046325684
33,0.9791987538337708,0.06675039231777191,0.0003,0.7548658847808838,1.099474549293518
34,0.973805844783783,0.07886231690645218,0.0003,0.7464492321014404,0.9762595891952515
35,0.9791987538337708,0.059212226420640945,0.0003,0.7559179663658142,2.196120023727417
36,0.983243465423584,0.05097519978880882,0.0003,0.7759073972702026,1.5372942686080933
37,0.9817026257514954,0.05515789985656738,0.0003,0.7648605704307556,1.5412333011627197
38,0.9805470108985901,0.06035986542701721,0.0003,0.7401367425918579,1.6220643520355225
39,0.9795839786529541,0.0645226314663887,0.0003,0.5102577805519104,5.218311786651611
40,0.9861325025558472,0.04565083608031273,0.0003,0.6896370053291321,1.644819736480713
41,0.9878659248352051,0.04094619303941727,1e-04,0.7690688967704773,1.1513797044754028
42,0.9857472777366638,0.04923592880368233,1e-04,0.7375065684318542,1.0619330406188965
43,0.9867103099822998,0.037427302449941635,1e-04,0.762230396270752,1.2065484523773193
44,0.9870955348014832,0.03782936558127403,1e-04,0.7585481405258179,1.241943359375
45,0.990562379360199,0.031053252518177032,1e-04,0.7837979793548584,1.178829550743103
46,0.9870955348014832,0.03590407222509384,1e-04,0.7848500609397888,1.1886119842529297
47,0.9892141819000244,0.035436663776636124,1e-04,0.7632824778556824,1.2935746908187866
48,0.9932588338851929,0.025134587660431862,1e-04,0.7706470489501953,1.3173110485076904
49,0.9890215992927551,0.03249020874500275,1e-04,0.7848500609397888,1.3159759044647217
50,0.9882511496543884,0.03334197774529457,1e-04,0.7601262331008911,1.862610101699829
51,0.9882511496543884,0.04626314714550972,1e-04,0.7632824778556824,1.2423399686813354
52,0.990562379360199,0.02693549543619156,1e-04,0.7969489693641663,1.1501010656356812
53,0.9919106364250183,0.027933908626437187,1e-04,0.7501314878463745,1.2952688932418823
54,0.990755021572113,0.028193628415465355,1e-04,0.7795897126197815,1.161960244178772
55,0.9899845719337463,0.029151393100619316,1e-04,0.7816938161849976,1.2929909229278564
56,0.9903697967529297,0.027926519513130188,1e-04,0.7748553156852722,1.2318035364151
57,0.991718053817749,0.03270099312067032,1e-04,0.7443450689315796,1.6278518438339233
58,0.990755021572113,0.02662717178463936,1e-04,0.7159389853477478,1.2387679815292358
59,0.9901772141456604,0.030367694795131683,1e-04,0.7501314878463745,1.6209707260131836
60,0.9911401867866516,0.03191520273685455,1e-04,0.7532877326011658,1.9533319473266602
61,0.992488443851471,0.02469692938029766,1e-04,0.7832719683647156,1.6037267446517944
62,0.9886363744735718,0.03802046924829483,1e-04,0.7653866410255432,1.2951971292495728
63,0.9911401867866516,0.0317099392414093,1e-04,0.7980010509490967,1.2806302309036255
64,0.989791989326477,0.028919963166117668,1e-04,0.7774855494499207,1.3846588134765625
65,0.990562379360199,0.02872457355260849,1e-04,0.7664387226104736,1.3919590711593628
66,0.991718053817749,0.027792494744062424,1e-04,0.7669647336006165,1.4408447742462158
67,0.990755021572113,0.034931480884552,1e-04,0.793792724609375,1.1266685724258423
68,0.9934514760971069,0.022631730884313583,1e-04,0.7716991305351257,1.4940568208694458
69,0.9921032190322876,0.02415936253964901,1e-04,0.8106259703636169,1.2132514715194702
70,0.9926810264587402,0.02426796779036522,1e-04,0.7722251415252686,1.5182713270187378
71,0.990562379360199,0.027415838092565536,1e-04,0.7722251415252686,1.4649828672409058
72,0.9944145083427429,0.019348302856087685,1e-04,0.7885323762893677,1.3497235774993896
73,0.990562379360199,0.027806706726551056,1e-04,0.7585481405258179,1.5232012271881104
74,0.9922958612442017,0.026898199692368507,1e-04,0.7559179663658142,1.6200815439224243
75,0.990755021572113,0.02562502957880497,1e-04,0.7743293046951294,1.4880492687225342
76,0.991718053817749,0.034110382199287415,1e-04,0.7837979793548584,1.6902185678482056
77,0.9940292835235596,0.023992354050278664,1e-04,0.7759073972702026,1.367830753326416
78,0.9932588338851929,0.024321239441633224,1e-04,0.7980010509490967,1.0994348526000977
79,0.9901772141456604,0.033013246953487396,1e-04,0.7722251415252686,1.4370070695877075
80,0.992488443851471,0.02131263166666031,1e-04,0.7948448061943054,1.428939700126648
81,0.9936440587043762,0.02098909392952919,1e-04,0.7816938161849976,1.4245057106018066
82,0.9942218661308289,0.01743869110941887,1e-04,0.7522356510162354,1.6705007553100586
83,0.9938367009162903,0.01832735538482666,1e-04,0.76380854845047,1.8825125694274902
84,0.9899845719337463,0.03830812871456146,1e-04,0.8195686340332031,1.1450238227844238
85,0.9940292835235596,0.019819902256131172,1e-04,0.7890583872795105,1.3514244556427002
86,0.9940292835235596,0.022713469341397285,1e-04,0.7753813862800598,1.4535421133041382
87,0.9934514760971069,0.024526121094822884,1e-04,0.8011572957038879,1.4079937934875488
88,0.9940292835235596,0.021285705268383026,1e-04,0.8053656220436096,1.4639695882797241
89,0.9936440587043762,0.022946204990148544,1e-04,0.7695949673652649,1.60383141040802
90,0.9930662512779236,0.02275056764483452,1e-04,0.7974750399589539,1.5279450416564941
91,0.9938367009162903,0.02527218498289585,1e-04,0.762230396270752,1.7415210008621216
92,0.9932588338851929,0.023321984335780144,1e-04,0.7895844578742981,1.3705357313156128
93,0.9938367009162903,0.02049386501312256,1e-04,0.7885323762893677,1.4995421171188354
94,0.9934514760971069,0.02204999141395092,1e-04,0.5618095993995667,4.476560115814209
95,0.990755021572113,0.028647223487496376,1e-04,0.8106259703636169,1.3017076253890991
96,0.9942218661308289,0.01902579329907894,1e-04,0.7401367425918579,1.5728884935379028
97,0.9949923157691956,0.016610950231552124,1e-04,0.7743293046951294,1.7347151041030884
98,0.9942218661308289,0.017899705097079277,1e-04,0.7716991305351257,1.4098374843597412
99,0.9957627058029175,0.0163738951086998,1e-04,0.76380854845047,1.9319194555282593
100,0.9936440587043762,0.017207352444529533,1e-04,0.7790636420249939,1.819043517112732
101,0.992488443851471,0.022062040865421295,1e-04,0.7790636420249939,1.9383599758148193
102,0.9932588338851929,0.023519404232501984,1e-04,0.7690688967704773,1.9596937894821167
103,0.9926810264587402,0.021115466952323914,1e-04,0.8006312251091003,1.539610505104065
104,0.9936440587043762,0.02411136031150818,1e-04,0.8116780519485474,1.3109952211380005
105,0.9926810264587402,0.025889741256833076,1e-04,0.8227248787879944,1.1334697008132935
106,0.9957627058029175,0.016288001090288162,1e-04,0.7780115604400635,1.539383053779602
107,0.9926810264587402,0.028256135061383247,1e-04,0.5512887835502625,5.252117156982422
108,0.9949923157691956,0.01673847623169422,1e-04,0.5591793656349182,5.6143035888671875
109,0.9957627058029175,0.01590590551495552,1e-04,0.7985270619392395,1.5246797800064087
110,0.9944145083427429,0.02297513373196125,1e-04,0.7275118231773376,1.853706955909729
111,0.9934514760971069,0.02105702832341194,1e-04,0.784324049949646,1.6208405494689941
112,0.9947996735572815,0.017557792365550995,1e-04,0.8058916330337524,1.3124580383300781
113,0.9944145083427429,0.016623537987470627,1e-04,0.5565491914749146,1.9344099760055542
114,0.9942218661308289,0.016982736065983772,1e-04,0.4960547089576721,6.239510536193848
115,0.9922958612442017,0.026459507644176483,1e-04,0.7364544868469238,2.1987409591674805
116,0.9963405132293701,0.01568586193025112,1e-04,0.8069437146186829,1.3495270013809204
117,0.9940292835235596,0.01952168345451355,1e-04,0.782745897769928,1.5441746711730957
118,0.9957627058029175,0.01622338593006134,1e-04,0.8106259703636169,1.3601824045181274
119,0.9955701231956482,0.016199234873056412,1e-04,0.7885323762893677,1.6352533102035522
120,0.9959552884101868,0.018215099349617958,1e-04,0.7990531325340271,1.3792555332183838
121,0.9940292835235596,0.020276952534914017,1e-04,0.7753813862800598,1.6850115060806274
122,0.9951848983764648,0.014888552948832512,1e-04,0.7869542241096497,1.6207877397537231
123,0.9967257380485535,0.014712667092680931,1e-04,0.7806417942047119,1.7289328575134277
124,0.9919106364250183,0.026229625567793846,1e-04,0.8269332051277161,1.2313573360443115
125,0.9951848983764648,0.01799444481730461,1e-04,0.7895844578742981,1.3534077405929565
