epoch,accuracy,loss,lr,val_accuracy,val_loss
0,0.6982011795043945,0.5931802988052368,0.001,0.5053763389587402,0.7450608015060425
1,0.8434377312660217,0.36412301659584045,0.001,0.49462366104125977,0.8954594731330872
2,0.9467021822929382,0.14406758546829224,0.001,0.49462366104125977,1.6565027236938477
3,0.9573617577552795,0.10846765339374542,0.001,0.49462366104125977,2.179208278656006
4,0.9606928825378418,0.09204795956611633,0.001,0.49462366104125977,1.7925220727920532
5,0.9613590836524963,0.10051131248474121,0.001,0.49462366104125977,1.6594185829162598
6,0.9713524580001831,0.07467993348836899,0.001,0.49462366104125977,1.417871356010437
7,0.9713524580001831,0.08085374534130096,0.001,0.49462366104125977,1.4807162284851074
8,0.9706861972808838,0.07187620550394058,0.001,0.5304659605026245,1.3185133934020996
9,0.9600266218185425,0.09390485286712646,0.001,0.49462366104125977,1.454788327217102
10,0.9673550724983215,0.07791036367416382,0.001,0.5806451439857483,0.9029410481452942
11,0.9700199961662292,0.07567105442285538,0.0003,0.5967742204666138,0.6724613904953003
12,0.9733511209487915,0.062010396271944046,0.0003,0.8673835396766663,0.28144580125808716
13,0.9746835231781006,0.06307784467935562,0.0003,0.8799282908439636,0.27055618166923523
14,0.9773484468460083,0.053602397441864014,0.0003,0.8655914068222046,0.2836563289165497
15,0.9773484468460083,0.054888125509023666,0.0003,0.9086021780967712,0.20343291759490967
16,0.9780146479606628,0.06259752810001373,0.0003,0.8351254463195801,0.37148037552833557
17,0.982678234577179,0.046866174787282944,0.0003,0.8906810283660889,0.24345211684703827
18,0.9846768975257874,0.046881433576345444,0.0003,0.9211469292640686,0.19589245319366455
19,0.984010636806488,0.04888659343123436,0.0003,0.8655914068222046,0.37920626997947693
20,0.9793471097946167,0.048235904425382614,0.0003,0.8673835396766663,0.2706472873687744
21,0.9806795716285706,0.04829960688948631,0.0003,0.9086021780967712,0.2108726054430008
22,0.9833444356918335,0.046975284814834595,0.0003,0.8727598786354065,0.26833757758140564
23,0.9893404245376587,0.03474577143788338,0.0003,0.8620071411132812,0.38788315653800964
24,0.9860092997550964,0.04017876461148262,0.0003,0.8799282908439636,0.26144006848335266
25,0.9846768975257874,0.044368889182806015,0.0003,0.8906810283660889,0.26271316409111023
26,0.982678234577179,0.04512365534901619,0.0003,0.8494623899459839,0.3223854601383209
27,0.982678234577179,0.04479111358523369,0.0003,0.8763440847396851,0.2685989737510681
28,0.9773484468460083,0.04796043410897255,0.0003,0.8512544631958008,0.35651421546936035
29,0.9833444356918335,0.042559586465358734,9e-05,0.8781362175941467,0.3261086940765381
30,0.9853430986404419,0.042016495019197464,9e-05,0.8709677457809448,0.30937597155570984
31,0.9800133109092712,0.05285421758890152,9e-05,0.8888888955116272,0.23540762066841125
32,0.9820119738578796,0.05700354650616646,9e-05,0.8906810283660889,0.2495635449886322
33,0.9846768975257874,0.03905100375413895,9e-05,0.8637992739677429,0.32043004035949707
34,0.9833444356918335,0.03993025794625282,9e-05,0.8781362175941467,0.2721214294433594
35,0.9800133109092712,0.04898317903280258,9e-05,0.8476702570915222,0.368068128824234
36,0.9800133109092712,0.05039165914058685,9e-05,0.856630802154541,0.33123666048049927
37,0.9853430986404419,0.031561803072690964,9e-05,0.8512544631958008,0.3299659192562103
38,0.9846768975257874,0.03589446470141411,9e-05,0.8745519518852234,0.2772659659385681
39,0.9893404245376587,0.035796619951725006,2.7e-05,0.8637992739677429,0.29840266704559326
40,0.9866755604743958,0.0346386656165123,2.7e-05,0.8924731016159058,0.2683672606945038
41,0.9913390874862671,0.03345506638288498,2.7e-05,0.8817204236984253,0.28724926710128784
42,0.9866755604743958,0.0312899686396122,2.7e-05,0.8853046298027039,0.2753734588623047
43,0.9853430986404419,0.03495287150144577,2.7e-05,0.8870967626571655,0.2732377052307129
44,0.9813457727432251,0.0437907874584198,2.7e-05,0.8870967626571655,0.273256778717041
45,0.9860092997550964,0.03663543984293938,2.7e-05,0.8781362175941467,0.2907153069972992
46,0.9853430986404419,0.03778446838259697,2.7e-05,0.8799282908439636,0.2949923574924469
47,0.9886742234230042,0.03595896437764168,2.7e-05,0.883512556552887,0.285846084356308
48,0.9873417615890503,0.0323810912668705,2.7e-05,0.8799282908439636,0.29436013102531433
49,0.9846768975257874,0.0340246818959713,8.1e-06,0.8817204236984253,0.2906394898891449
50,0.9886742234230042,0.03596950322389603,8.1e-06,0.8870967626571655,0.28739261627197266
51,0.9880080223083496,0.03210979700088501,8.1e-06,0.8853046298027039,0.2887006402015686
52,0.9886742234230042,0.033735353499650955,8.1e-06,0.883512556552887,0.28810593485832214
53,0.9886742234230042,0.028620928525924683,8.1e-06,0.8853046298027039,0.2828587293624878
54,0.9846768975257874,0.037829045206308365,8.1e-06,0.8888888955116272,0.2840391993522644
55,0.9853430986404419,0.03489843010902405,8.1e-06,0.8888888955116272,0.28195926547050476
56,0.9846768975257874,0.03873741626739502,8.1e-06,0.8888888955116272,0.2886034846305847
57,0.9873417615890503,0.03261055797338486,8.1e-06,0.8853046298027039,0.28945407271385193
58,0.984010636806488,0.03760485723614693,8.1e-06,0.883512556552887,0.2903667688369751
59,0.990006685256958,0.027486080303788185,2.43e-06,0.883512556552887,0.2895989418029785
60,0.9833444356918335,0.04241308942437172,2.43e-06,0.8870967626571655,0.28733882308006287
61,0.9893404245376587,0.034139201045036316,2.43e-06,0.8888888955116272,0.2863905429840088
62,0.9873417615890503,0.0351719968020916,2.43e-06,0.8853046298027039,0.2889331877231598
63,0.9913390874862671,0.029266923666000366,2.43e-06,0.8817204236984253,0.28941941261291504
64,0.990006685256958,0.03280625119805336,2.43e-06,0.8853046298027039,0.2867099344730377
65,0.9833444356918335,0.04430411756038666,2.43e-06,0.8870967626571655,0.28544846177101135
66,0.9886742234230042,0.030189869925379753,2.43e-06,0.8888888955116272,0.28450635075569153
67,0.9833444356918335,0.04787372052669525,2.43e-06,0.8870967626571655,0.2864266633987427
68,0.9866755604743958,0.03585426136851311,2.43e-06,0.8870967626571655,0.28642579913139343
69,0.9866755604743958,0.03474098816514015,1e-06,0.8888888955116272,0.28570592403411865
70,0.9800133109092712,0.04766106605529785,1e-06,0.8888888955116272,0.28625088930130005
71,0.9913390874862671,0.026840640231966972,1e-06,0.8888888955116272,0.28623056411743164
72,0.9846768975257874,0.042884811758995056,1e-06,0.8853046298027039,0.2871249318122864
73,0.9873417615890503,0.03302187845110893,1e-06,0.8853046298027039,0.28765010833740234
74,0.9853430986404419,0.0382477305829525,1e-06,0.8853046298027039,0.28762173652648926
75,0.9880080223083496,0.038894932717084885,1e-06,0.8870967626571655,0.2871609330177307
76,0.9873417615890503,0.03191109374165535,1e-06,0.8888888955116272,0.28697019815444946
77,0.9913390874862671,0.028851676732301712,1e-06,0.8853046298027039,0.28895336389541626
78,0.9860092997550964,0.034837763756513596,1e-06,0.8870967626571655,0.28753551840782166
79,0.9873417615890503,0.03338843584060669,1e-06,0.8870967626571655,0.2873520255088806
80,0.9940040111541748,0.02552122436463833,1e-06,0.8870967626571655,0.2872757613658905
81,0.9873417615890503,0.029521489515900612,1e-06,0.8870967626571655,0.28814923763275146
82,0.9860092997550964,0.03917700797319412,1e-06,0.8853046298027039,0.28964462876319885
83,0.9920053482055664,0.030933890491724014,1e-06,0.8853046298027039,0.28938934206962585
84,0.9886742234230042,0.028689565137028694,1e-06,0.883512556552887,0.28924599289894104
85,0.9866755604743958,0.03717757388949394,1e-06,0.8817204236984253,0.2900809645652771
86,0.9880080223083496,0.031081635504961014,1e-06,0.8853046298027039,0.2886964678764343
87,0.9846768975257874,0.03997174650430679,1e-06,0.8853046298027039,0.28913363814353943
88,0.9873417615890503,0.028530273586511612,1e-06,0.8853046298027039,0.28945183753967285
89,0.9893404245376587,0.02937265858054161,1e-06,0.8853046298027039,0.2892935574054718
90,0.9846768975257874,0.04105035960674286,1e-06,0.8870967626571655,0.2885443866252899
91,0.9873417615890503,0.035756636410951614,1e-06,0.8853046298027039,0.28871724009513855
92,0.9846768975257874,0.04008950665593147,1e-06,0.8870967626571655,0.2872251272201538
93,0.9873417615890503,0.035278771072626114,1e-06,0.8870967626571655,0.2873775064945221
94,0.9886742234230042,0.03702345862984657,1e-06,0.8888888955116272,0.28716182708740234
95,0.9893404245376587,0.03086557239294052,1e-06,0.8870967626571655,0.2881052494049072
96,0.9846768975257874,0.03867063671350479,1e-06,0.8888888955116272,0.287868469953537
97,0.9880080223083496,0.032855525612831116,1e-06,0.8853046298027039,0.2883874773979187
98,0.9866755604743958,0.03615032881498337,1e-06,0.8888888955116272,0.2878778278827667
99,0.9886742234230042,0.032444439828395844,1e-06,0.8888888955116272,0.286704421043396
100,0.9873417615890503,0.033887770026922226,1e-06,0.8888888955116272,0.28587794303894043
101,0.9886742234230042,0.036050230264663696,1e-06,0.8888888955116272,0.28585782647132874
102,0.982678234577179,0.042478159070014954,1e-06,0.8853046298027039,0.2893054485321045
103,0.9893404245376587,0.028087757527828217,1e-06,0.8853046298027039,0.2891748547554016
104,0.9866755604743958,0.036413565278053284,1e-06,0.8870967626571655,0.28900346159935
105,0.9886742234230042,0.034081827849149704,1e-06,0.8870967626571655,0.2896258234977722
106,0.9886742234230042,0.0324413888156414,1e-06,0.8870967626571655,0.28987717628479004
107,0.9853430986404419,0.031443458050489426,1e-06,0.8870967626571655,0.29042741656303406
108,0.982678234577179,0.04686884954571724,1e-06,0.8853046298027039,0.2911839783191681
109,0.990006685256958,0.029594220221042633,1e-06,0.8853046298027039,0.2908204197883606
110,0.984010636806488,0.03725651279091835,1e-06,0.8853046298027039,0.2909364700317383
111,0.984010636806488,0.04019477963447571,1e-06,0.883512556552887,0.2917841672897339
112,0.9853430986404419,0.03712495043873787,1e-06,0.8853046298027039,0.29056987166404724
113,0.9866755604743958,0.029358571395277977,1e-06,0.8853046298027039,0.29093220829963684
114,0.9893404245376587,0.03290620818734169,1e-06,0.8870967626571655,0.2898796498775482
115,0.984010636806488,0.037160489708185196,1e-06,0.8870967626571655,0.28949108719825745
116,0.9886742234230042,0.030952252447605133,1e-06,0.8888888955116272,0.28965064883232117
117,0.9873417615890503,0.035540394484996796,1e-06,0.883512556552887,0.2909276783466339
118,0.9880080223083496,0.026600809767842293,1e-06,0.8870967626571655,0.2893643379211426
