epoch,accuracy,loss,lr,val_accuracy,val_loss
0,0.7035309672355652,0.5825051069259644,0.001,0.5053763389587402,0.723854660987854
1,0.8734177350997925,0.28909868001937866,0.001,0.49462366104125977,0.7605515718460083
2,0.9327115416526794,0.14511284232139587,0.001,0.49462366104125977,1.2402353286743164
3,0.9473684430122375,0.13239121437072754,0.001,0.49462366104125977,1.4100395441055298
4,0.9626915454864502,0.09299004822969437,0.001,0.49462366104125977,1.4737539291381836
5,0.9680213332176208,0.07664240896701813,0.001,0.49462366104125977,1.8147368431091309
6,0.9580279588699341,0.09291965514421463,0.001,0.49462366104125977,1.1774324178695679
7,0.9680213332176208,0.07937847077846527,0.001,0.49462366104125977,2.0961849689483643
8,0.9686875343322754,0.07861892133951187,0.001,0.49462366104125977,1.605153203010559
9,0.9753497838973999,0.06925813108682632,0.001,0.49462366104125977,1.7654035091400146
10,0.9653564095497131,0.08977881819009781,0.001,0.6469534039497375,0.7447549700737
11,0.9720186591148376,0.08102930337190628,0.0003,0.6146953701972961,0.8527607917785645
12,0.9793471097946167,0.05305527150630951,0.0003,0.7777777910232544,0.36729010939598083
13,0.9733511209487915,0.0631529837846756,0.0003,0.7670251131057739,0.43157926201820374
14,0.9733511209487915,0.06382734328508377,0.0003,0.9301075339317322,0.17361441254615784
15,0.9760159850120544,0.05496559292078018,0.0003,0.9408602118492126,0.1716153919696808
16,0.982678234577179,0.04375290498137474,0.0003,0.9480286836624146,0.14627349376678467
17,0.976682186126709,0.0658116266131401,0.0003,0.9283154010772705,0.17566466331481934
18,0.9806795716285706,0.0493772029876709,0.0003,0.9551971554756165,0.14586879312992096
19,0.9833444356918335,0.04488113522529602,0.0003,0.9283154010772705,0.19755926728248596
20,0.9800133109092712,0.051960449665784836,0.0003,0.9265232682228088,0.16344328224658966
21,0.982678234577179,0.05071917176246643,0.0003,0.9480286836624146,0.14016030728816986
22,0.976682186126709,0.05568854510784149,0.0003,0.9336917400360107,0.17578977346420288
23,0.984010636806488,0.044097863137722015,0.0003,0.9301075339317322,0.1682186722755432
24,0.9860092997550964,0.041440483182668686,0.0003,0.9283154010772705,0.14344564080238342
25,0.9820119738578796,0.051594022661447525,0.0003,0.9247311949729919,0.18607424199581146
26,0.9786809086799622,0.05303286015987396,0.0003,0.9695340394973755,0.12136146426200867
27,0.9813457727432251,0.04399806261062622,0.0003,0.9247311949729919,0.17478428781032562
28,0.9793471097946167,0.05618279054760933,0.0003,0.9569892287254333,0.1230803057551384
29,0.9860092997550964,0.050510603934526443,0.0003,0.939068078994751,0.15821044147014618
30,0.9813457727432251,0.04616352915763855,0.0003,0.9336917400360107,0.1587037444114685
31,0.9806795716285706,0.04722389951348305,0.0003,0.9372760057449341,0.1476130485534668
32,0.9786809086799622,0.059278424829244614,0.0003,0.8172042965888977,0.3996591866016388
33,0.9860092997550964,0.04700827971100807,0.0003,0.9551971554756165,0.12883977591991425
34,0.9813457727432251,0.05039328336715698,0.0003,0.8888888955116272,0.26428210735321045
35,0.9813457727432251,0.04757640138268471,0.0003,0.9157705903053284,0.21717439591884613
36,0.9813457727432251,0.04425864294171333,0.0003,0.8853046298027039,0.2104230523109436
37,0.9820119738578796,0.043899476528167725,9e-05,0.8817204236984253,0.22048166394233704
38,0.9853430986404419,0.05048208311200142,9e-05,0.9247311949729919,0.19630713760852814
39,0.9873417615890503,0.035825423896312714,9e-05,0.8924731016159058,0.24671612679958344
40,0.9873417615890503,0.040537215769290924,9e-05,0.9139785170555115,0.20543329417705536
41,0.9880080223083496,0.028340285643935204,9e-05,0.9283154010772705,0.18311801552772522
42,0.9833444356918335,0.03817826882004738,9e-05,0.9247311949729919,0.17866164445877075
43,0.9793471097946167,0.05676862224936485,9e-05,0.8673835396766663,0.25620442628860474
44,0.9793471097946167,0.041515249758958817,9e-05,0.9139785170555115,0.19668839871883392
45,0.9886742234230042,0.032431069761514664,9e-05,0.9157705903053284,0.19006521999835968
46,0.9880080223083496,0.03365299105644226,9e-05,0.9408602118492126,0.16484378278255463
47,0.9820119738578796,0.043613724410533905,2.7e-05,0.9354838728904724,0.16689026355743408
48,0.9853430986404419,0.03642524033784866,2.7e-05,0.9318996667861938,0.1778789758682251
49,0.9866755604743958,0.03742671012878418,2.7e-05,0.9265232682228088,0.17638446390628815
50,0.9920053482055664,0.027092913165688515,2.7e-05,0.9301075339317322,0.17347277700901031
51,0.984010636806488,0.04668831452727318,2.7e-05,0.9354838728904724,0.17312036454677582
52,0.9880080223083496,0.035781946033239365,2.7e-05,0.9265232682228088,0.17649388313293457
53,0.9873417615890503,0.03715094178915024,2.7e-05,0.9211469292640686,0.18711496889591217
54,0.9860092997550964,0.036475203931331635,2.7e-05,0.9229390621185303,0.18006223440170288
55,0.9860092997550964,0.0337122343480587,2.7e-05,0.9265232682228088,0.1776600480079651
56,0.9873417615890503,0.03750434145331383,2.7e-05,0.9211469292640686,0.17954136431217194
57,0.9886742234230042,0.03519754856824875,8.1e-06,0.9211469292640686,0.1826603263616562
58,0.9906728863716125,0.0355466790497303,8.1e-06,0.9247311949729919,0.18082228302955627
59,0.984010636806488,0.03832517936825752,8.1e-06,0.9211469292640686,0.18196871876716614
60,0.9860092997550964,0.03505045920610428,8.1e-06,0.9247311949729919,0.18161848187446594
61,0.9906728863716125,0.02890382707118988,8.1e-06,0.9229390621185303,0.1821817308664322
62,0.9893404245376587,0.028520997613668442,8.1e-06,0.9211469292640686,0.1831187605857849
63,0.9860092997550964,0.03685997799038887,8.1e-06,0.9211469292640686,0.18443723022937775
64,0.9820119738578796,0.05354220047593117,8.1e-06,0.9211469292640686,0.18636532127857208
65,0.9880080223083496,0.04021558538079262,8.1e-06,0.9193548560142517,0.18689727783203125
66,0.9853430986404419,0.03489166870713234,8.1e-06,0.9193548560142517,0.18871895968914032
67,0.9866755604743958,0.032915081828832626,2.43e-06,0.9211469292640686,0.18641996383666992
68,0.9873417615890503,0.03705449774861336,2.43e-06,0.9211469292640686,0.18448656797409058
69,0.9880080223083496,0.0338451974093914,2.43e-06,0.9211469292640686,0.18458962440490723
70,0.9846768975257874,0.03700457513332367,2.43e-06,0.9229390621185303,0.18382754921913147
71,0.9873417615890503,0.03496049717068672,2.43e-06,0.9229390621185303,0.1830408275127411
72,0.9853430986404419,0.04221535101532936,2.43e-06,0.9229390621185303,0.18126709759235382
73,0.9873417615890503,0.0309499129652977,2.43e-06,0.9247311949729919,0.18134605884552002
74,0.9853430986404419,0.037004441022872925,2.43e-06,0.9283154010772705,0.18074935674667358
75,0.9846768975257874,0.047422781586647034,2.43e-06,0.9283154010772705,0.18079601228237152
76,0.9760159850120544,0.0483882836997509,2.43e-06,0.9283154010772705,0.18119390308856964
77,0.9860092997550964,0.041582733392715454,1e-06,0.9265232682228088,0.18102917075157166
78,0.9833444356918335,0.04043116047978401,1e-06,0.9265232682228088,0.1809430569410324
79,0.9820119738578796,0.0479169599711895,1e-06,0.9265232682228088,0.17978104948997498
80,0.9800133109092712,0.04507112875580788,1e-06,0.9247311949729919,0.18050238490104675
81,0.9860092997550964,0.035958874970674515,1e-06,0.9247311949729919,0.1803724765777588
82,0.9886742234230042,0.03065899945795536,1e-06,0.9247311949729919,0.18078166246414185
83,0.990006685256958,0.03162718564271927,1e-06,0.9247311949729919,0.18028150498867035
84,0.9853430986404419,0.037728630006313324,1e-06,0.9229390621185303,0.1813485473394394
85,0.9880080223083496,0.03186660632491112,1e-06,0.9229390621185303,0.1809207797050476
86,0.9906728863716125,0.031175393611192703,1e-06,0.9229390621185303,0.1812480390071869
87,0.9860092997550964,0.03946584463119507,1e-06,0.9229390621185303,0.1820772886276245
88,0.9833444356918335,0.03871408477425575,1e-06,0.9229390621185303,0.18121285736560822
89,0.984010636806488,0.04032620042562485,1e-06,0.9229390621185303,0.18191884458065033
90,0.9866755604743958,0.03573339805006981,1e-06,0.9229390621185303,0.18200665712356567
91,0.9886742234230042,0.02785450778901577,1e-06,0.9229390621185303,0.18157728016376495
92,0.9860092997550964,0.03692207485437393,1e-06,0.9229390621185303,0.1820192039012909
93,0.9893404245376587,0.03166859224438667,1e-06,0.9229390621185303,0.18225999176502228
94,0.9813457727432251,0.0431097187101841,1e-06,0.9229390621185303,0.18307700753211975
95,0.9893404245376587,0.03798765689134598,1e-06,0.9229390621185303,0.18264099955558777
96,0.9880080223083496,0.03717118874192238,1e-06,0.9229390621185303,0.18263110518455505
97,0.9866755604743958,0.033421773463487625,1e-06,0.9229390621185303,0.1830560863018036
98,0.9880080223083496,0.031736649572849274,1e-06,0.9229390621185303,0.18243879079818726
99,0.9886742234230042,0.032409898936748505,1e-06,0.9229390621185303,0.18206876516342163
100,0.9780146479606628,0.04734933376312256,1e-06,0.9229390621185303,0.18213941156864166
101,0.9853430986404419,0.03746062517166138,1e-06,0.9247311949729919,0.18063442409038544
102,0.9860092997550964,0.03944651037454605,1e-06,0.9229390621185303,0.1811552196741104
103,0.9860092997550964,0.037763554602861404,1e-06,0.9229390621185303,0.1824684888124466
104,0.9853430986404419,0.041099753230810165,1e-06,0.9229390621185303,0.18265563249588013
105,0.9800133109092712,0.048706866800785065,1e-06,0.9229390621185303,0.1832405924797058
106,0.9813457727432251,0.04988133907318115,1e-06,0.9229390621185303,0.18297037482261658
107,0.984010636806488,0.03855415806174278,1e-06,0.9229390621185303,0.18239174783229828
108,0.9866755604743958,0.033528588712215424,1e-06,0.9229390621185303,0.18348535895347595
109,0.984010636806488,0.03529747948050499,1e-06,0.9229390621185303,0.1831272691488266
110,0.9906728863716125,0.029833117499947548,1e-06,0.9229390621185303,0.18272839486598969
111,0.9873417615890503,0.036810148507356644,1e-06,0.9229390621185303,0.18248294293880463
112,0.9720186591148376,0.06630266457796097,1e-06,0.9229390621185303,0.18361778557300568
113,0.9873417615890503,0.03675942122936249,1e-06,0.9229390621185303,0.1826930046081543
114,0.9886742234230042,0.034398943185806274,1e-06,0.9229390621185303,0.18276642262935638
115,0.9866755604743958,0.03735926002264023,1e-06,0.9229390621185303,0.18348942697048187
116,0.9893404245376587,0.03370283544063568,1e-06,0.9229390621185303,0.1834053248167038
117,0.9886742234230042,0.03099554032087326,1e-06,0.9229390621185303,0.18267233669757843
118,0.9886742234230042,0.028615357354283333,1e-06,0.9229390621185303,0.182932510972023
119,0.984010636806488,0.04092300310730934,1e-06,0.9229390621185303,0.1832871437072754
120,0.9820119738578796,0.045269303023815155,1e-06,0.9229390621185303,0.18328382074832916
121,0.9866755604743958,0.03744325414299965,1e-06,0.9229390621185303,0.18284885585308075
122,0.9800133109092712,0.047038134187459946,1e-06,0.9229390621185303,0.18229970335960388
123,0.990006685256958,0.02868441678583622,1e-06,0.9229390621185303,0.18220669031143188
124,0.9833444356918335,0.03821335360407829,1e-06,0.9229390621185303,0.18273615837097168
125,0.9893404245376587,0.033724334090948105,1e-06,0.9229390621185303,0.18331652879714966
126,0.9866755604743958,0.0370086207985878,1e-06,0.9229390621185303,0.1834866851568222
