epoch,accuracy,loss,lr,val_accuracy,val_loss
0,0.6848767399787903,0.5944308042526245,0.001,0.5053763389587402,0.7349944114685059
1,0.8587608337402344,0.331653892993927,0.001,0.49462366104125977,0.912406325340271
2,0.9367088675498962,0.14819981157779694,0.001,0.49462366104125977,1.6352367401123047
3,0.9546968936920166,0.11837469786405563,0.001,0.49462366104125977,2.248467445373535
4,0.9520319700241089,0.12469855695962906,0.001,0.49462366104125977,2.1202614307403564
5,0.9546968936920166,0.10446573793888092,0.001,0.49462366104125977,1.4051876068115234
6,0.9680213332176208,0.08695682138204575,0.001,0.49462366104125977,2.094695568084717
7,0.9806795716285706,0.05299113690853119,0.001,0.49462366104125977,2.4048702716827393
8,0.9673550724983215,0.07696419209241867,0.001,0.5268816947937012,1.3183199167251587
9,0.964024007320404,0.07897575199604034,0.001,0.49462366104125977,1.8371323347091675
10,0.9793471097946167,0.05766971409320831,0.001,0.5286738276481628,1.1337687969207764
11,0.9753497838973999,0.05936352536082268,0.0003,0.5913978219032288,0.7545242309570312
12,0.976682186126709,0.05796729773283005,0.0003,0.8028674125671387,0.39432376623153687
13,0.9780146479606628,0.05882897600531578,0.0003,0.9103942513465881,0.21683478355407715
14,0.9753497838973999,0.0652933344244957,0.0003,0.9086021780967712,0.25862303376197815
15,0.984010636806488,0.043944504112005234,0.0003,0.9121863842010498,0.20402882993221283
16,0.984010636806488,0.04657364636659622,0.0003,0.8853046298027039,0.22457626461982727
17,0.984010636806488,0.038061343133449554,0.0003,0.9121863842010498,0.1774987131357193
18,0.984010636806488,0.041335541754961014,0.0003,0.9336917400360107,0.14373616874217987
19,0.9846768975257874,0.04066895693540573,0.0003,0.8799282908439636,0.26417461037635803
20,0.9806795716285706,0.05078986659646034,0.0003,0.91756272315979,0.20832814276218414
21,0.9813457727432251,0.047963231801986694,0.0003,0.9318996667861938,0.16695362329483032
22,0.9846768975257874,0.039041317999362946,0.0003,0.9103942513465881,0.17842520773410797
23,0.9873417615890503,0.036647114902734756,0.0003,0.8996415734291077,0.24827507138252258
24,0.9753497838973999,0.056656721979379654,0.0003,0.7939068078994751,0.6325222849845886
25,0.9793471097946167,0.04858085885643959,0.0003,0.9265232682228088,0.19491857290267944
26,0.9913390874862671,0.031125372275710106,0.0003,0.883512556552887,0.2437155395746231
27,0.9846768975257874,0.04073883593082428,0.0003,0.9086021780967712,0.23299404978752136
28,0.9866755604743958,0.0426269993185997,0.0003,0.8745519518852234,0.2825759947299957
29,0.9866755604743958,0.03546866029500961,9e-05,0.9103942513465881,0.1855980008840561
30,0.9860092997550964,0.039264556020498276,9e-05,0.8745519518852234,0.25281962752342224
31,0.9880080223083496,0.037356846034526825,9e-05,0.9050179123878479,0.21650312840938568
32,0.9846768975257874,0.03606671467423439,9e-05,0.8960573673248291,0.22546790540218353
33,0.9846768975257874,0.038117554038763046,9e-05,0.8888888955116272,0.20576854050159454
34,0.9820119738578796,0.04198918491601944,9e-05,0.8799282908439636,0.2597084045410156
35,0.9833444356918335,0.03862449899315834,9e-05,0.9014337062835693,0.21835513412952423
36,0.9846768975257874,0.03458011895418167,9e-05,0.8996415734291077,0.23391516506671906
37,0.9920053482055664,0.024349845945835114,9e-05,0.9247311949729919,0.18367235362529755
38,0.982678234577179,0.04128008335828781,9e-05,0.8996415734291077,0.23275910317897797
39,0.9873417615890503,0.03156941011548042,2.7e-05,0.8942652344703674,0.23583142459392548
40,0.9846768975257874,0.0392436645925045,2.7e-05,0.9014337062835693,0.22338779270648956
41,0.9866755604743958,0.03902745991945267,2.7e-05,0.9121863842010498,0.21056845784187317
42,0.9860092997550964,0.04120834544301033,2.7e-05,0.9121863842010498,0.2125200629234314
43,0.984010636806488,0.033307380974292755,2.7e-05,0.8924731016159058,0.23723019659519196
44,0.990006685256958,0.029424650594592094,2.7e-05,0.91756272315979,0.20785492658615112
45,0.9920053482055664,0.029760830104351044,2.7e-05,0.91756272315979,0.21222226321697235
46,0.990006685256958,0.03325313702225685,2.7e-05,0.9050179123878479,0.21417196094989777
47,0.9866755604743958,0.03369341418147087,2.7e-05,0.9103942513465881,0.2163783311843872
48,0.9893404245376587,0.026453988626599312,2.7e-05,0.9121863842010498,0.21234750747680664
49,0.9913390874862671,0.030178138986229897,8.1e-06,0.9121863842010498,0.21540582180023193
50,0.9893404245376587,0.030156584456562996,8.1e-06,0.9121863842010498,0.21402432024478912
51,0.9906728863716125,0.03367948904633522,8.1e-06,0.9121863842010498,0.2139221429824829
52,0.9880080223083496,0.03425603359937668,8.1e-06,0.9121863842010498,0.21425753831863403
53,0.9886742234230042,0.03156336769461632,8.1e-06,0.9139785170555115,0.21233467757701874
54,0.9886742234230042,0.03624880313873291,8.1e-06,0.9157705903053284,0.21094852685928345
55,0.990006685256958,0.02922833524644375,8.1e-06,0.9139785170555115,0.21272501349449158
56,0.9866755604743958,0.02752823382616043,8.1e-06,0.9121863842010498,0.21392929553985596
57,0.9873417615890503,0.029750630259513855,8.1e-06,0.9121863842010498,0.21651600301265717
58,0.984010636806488,0.03480706736445427,8.1e-06,0.9121863842010498,0.2184898555278778
59,0.9860092997550964,0.03387170284986496,2.43e-06,0.9121863842010498,0.21790389716625214
60,0.9886742234230042,0.03369513899087906,2.43e-06,0.9121863842010498,0.21875540912151337
61,0.9866755604743958,0.03572072461247444,2.43e-06,0.9121863842010498,0.21925660967826843
62,0.9880080223083496,0.026796497404575348,2.43e-06,0.9121863842010498,0.21977543830871582
63,0.9860092997550964,0.038589391857385635,2.43e-06,0.9121863842010498,0.22107993066310883
64,0.9906728863716125,0.026807257905602455,2.43e-06,0.9103942513465881,0.2209807187318802
65,0.9853430986404419,0.03360707312822342,2.43e-06,0.9121863842010498,0.21995849907398224
66,0.9880080223083496,0.03581728786230087,2.43e-06,0.9121863842010498,0.22063802182674408
67,0.9906728863716125,0.028485538437962532,2.43e-06,0.9121863842010498,0.21937260031700134
68,0.9893404245376587,0.03436645120382309,2.43e-06,0.9139785170555115,0.2201889157295227
69,0.9920053482055664,0.02514709159731865,1e-06,0.9121863842010498,0.22012801468372345
70,0.990006685256958,0.02649177983403206,1e-06,0.9121863842010498,0.22025780379772186
71,0.9893404245376587,0.027183638885617256,1e-06,0.9121863842010498,0.22061166167259216
72,0.9880080223083496,0.031880512833595276,1e-06,0.9121863842010498,0.21987807750701904
73,0.9886742234230042,0.030908310785889626,1e-06,0.9121863842010498,0.22002263367176056
74,0.9906728863716125,0.027943430468440056,1e-06,0.9121863842010498,0.2196834832429886
75,0.9913390874862671,0.027774956077337265,1e-06,0.9121863842010498,0.22067849338054657
76,0.9880080223083496,0.0276337917894125,1e-06,0.9121863842010498,0.22074571251869202
77,0.9893404245376587,0.0317058265209198,1e-06,0.9121863842010498,0.21958793699741364
78,0.9906728863716125,0.03207807242870331,1e-06,0.9103942513465881,0.22146348655223846
79,0.9846768975257874,0.03713464364409447,1e-06,0.9103942513465881,0.22208021581172943
80,0.9853430986404419,0.04164991155266762,1e-06,0.9103942513465881,0.22312499582767487
81,0.990006685256958,0.029264451935887337,1e-06,0.9086021780967712,0.22358129918575287
82,0.990006685256958,0.02939099445939064,1e-06,0.9068100452423096,0.22464856505393982
83,0.984010636806488,0.039965081959962845,1e-06,0.9086021780967712,0.22416198253631592
84,0.9866755604743958,0.03172924742102623,1e-06,0.9068100452423096,0.22490194439888
85,0.990006685256958,0.02742520347237587,1e-06,0.9032257795333862,0.22473713755607605
86,0.9913390874862671,0.02725791372358799,1e-06,0.9014337062835693,0.2258068323135376
87,0.9886742234230042,0.031059231609106064,1e-06,0.897849440574646,0.22654272615909576
88,0.990006685256958,0.026147887110710144,1e-06,0.9032257795333862,0.22509349882602692
89,0.9873417615890503,0.028830720111727715,1e-06,0.9014337062835693,0.22620941698551178
90,0.9873417615890503,0.03332415595650673,1e-06,0.8996415734291077,0.22591164708137512
91,0.9913390874862671,0.028563207015395164,1e-06,0.897849440574646,0.22594687342643738
92,0.990006685256958,0.029506433755159378,1e-06,0.8996415734291077,0.2256263941526413
93,0.9886742234230042,0.03341604024171829,1e-06,0.9032257795333862,0.22532355785369873
94,0.9940040111541748,0.023341799154877663,1e-06,0.9032257795333862,0.22546593844890594
95,0.9920053482055664,0.029123779386281967,1e-06,0.9014337062835693,0.22600474953651428
96,0.9853430986404419,0.037007931619882584,1e-06,0.897849440574646,0.2272111028432846
97,0.9913390874862671,0.029583986848592758,1e-06,0.897849440574646,0.22806383669376373
98,0.9860092997550964,0.03175363317131996,1e-06,0.9014337062835693,0.22713814675807953
99,0.9866755604743958,0.02806696482002735,1e-06,0.9050179123878479,0.2254563271999359
100,0.9906728863716125,0.02810860611498356,1e-06,0.9050179123878479,0.22499682009220123
101,0.9906728863716125,0.02503768540918827,1e-06,0.9050179123878479,0.22534868121147156
102,0.9846768975257874,0.03371795639395714,1e-06,0.9086021780967712,0.2241433560848236
103,0.9866755604743958,0.03220132738351822,1e-06,0.9103942513465881,0.22484640777111053
104,0.992671549320221,0.027014555409550667,1e-06,0.9050179123878479,0.22568944096565247
105,0.9886742234230042,0.0346507802605629,1e-06,0.9068100452423096,0.2248312085866928
106,0.9893404245376587,0.031896013766527176,1e-06,0.9014337062835693,0.22660942375659943
107,0.982678234577179,0.04272612929344177,1e-06,0.8996415734291077,0.2264404296875
108,0.9873417615890503,0.03622283414006233,1e-06,0.9014337062835693,0.22570228576660156
109,0.9846768975257874,0.04328250139951706,1e-06,0.9050179123878479,0.22455838322639465
110,0.9880080223083496,0.031298309564590454,1e-06,0.9050179123878479,0.22399364411830902
111,0.9880080223083496,0.03594868257641792,1e-06,0.9050179123878479,0.22327502071857452
112,0.9920053482055664,0.027301007881760597,1e-06,0.9086021780967712,0.22256100177764893
113,0.9880080223083496,0.035069771111011505,1e-06,0.9139785170555115,0.22129008173942566
114,0.9893404245376587,0.03759777173399925,1e-06,0.9103942513465881,0.2223701924085617
115,0.9906728863716125,0.024089699611067772,1e-06,0.9139785170555115,0.22111396491527557
116,0.9853430986404419,0.040923114866018295,1e-06,0.9139785170555115,0.22064273059368134
117,0.9920053482055664,0.031019097194075584,1e-06,0.9121863842010498,0.2199612259864807
118,0.9873417615890503,0.03553379699587822,1e-06,0.9139785170555115,0.2199728637933731
