epoch,accuracy,loss,lr,val_accuracy,val_loss
0,0.9227181673049927,0.19100259244441986,0.001,0.5053763389587402,0.9980319738388062
1,0.9633577466011047,0.08002672344446182,0.001,0.5053763389587402,1.7940558195114136
2,0.9713524580001831,0.07108867913484573,0.001,0.5053763389587402,2.7673802375793457
3,0.9806795716285706,0.04714774340391159,0.001,0.5053763389587402,4.059774398803711
4,0.9786809086799622,0.05713390186429024,0.001,0.6129032373428345,2.539598226547241
5,0.9753497838973999,0.06022745370864868,0.001,0.5053763389587402,4.621776103973389
6,0.982678234577179,0.045428428798913956,0.001,0.5053763389587402,4.630170822143555
7,0.9853430986404419,0.038413237780332565,0.001,0.5053763389587402,4.985276699066162
8,0.9846768975257874,0.041267432272434235,0.001,0.5161290168762207,3.8263473510742188
9,0.9886742234230042,0.03417174890637398,0.001,0.5089605450630188,3.4081828594207764
10,0.9866755604743958,0.031740669161081314,0.001,0.718638002872467,1.0092074871063232
11,0.9873417615890503,0.03444799408316612,0.0003,0.58243727684021,2.3700802326202393
12,0.9846768975257874,0.03562941402196884,0.0003,0.7706093192100525,0.572952926158905
13,0.9913390874862671,0.026049543172121048,0.0003,0.9838709831237793,0.03237711265683174
14,0.990006685256958,0.02404814586043358,0.0003,0.9910394549369812,0.06129395589232445
15,0.9873417615890503,0.03769271448254585,0.0003,0.9910394549369812,0.04606438800692558
16,0.9920053482055664,0.02298666164278984,0.0003,0.9641577005386353,0.06650835275650024
17,0.9913390874862671,0.021654808893799782,0.0003,0.9820788502693176,0.05966544151306152
18,0.9933377504348755,0.024573197588324547,0.0003,0.8924731016159058,0.22582675516605377
19,0.992671549320221,0.02101537398993969,0.0003,0.9641577005386353,0.09025299549102783
20,0.9953364133834839,0.018839048221707344,0.0003,0.8351254463195801,0.3722117841243744
21,0.9880080223083496,0.029363738372921944,0.0003,0.9193548560142517,0.16670233011245728
22,0.992671549320221,0.017351476475596428,0.0003,0.5716845989227295,2.245863676071167
23,0.9940040111541748,0.025331666693091393,0.0003,0.9336917400360107,0.13903109729290009
24,0.9946702122688293,0.016932476311922073,9e-05,0.9462365508079529,0.15024003386497498
25,0.9933377504348755,0.015222260728478432,9e-05,0.9964157938957214,0.07230621576309204
26,0.9966688752174377,0.013933696784079075,9e-05,0.939068078994751,0.1276031881570816
27,0.9946702122688293,0.014489817433059216,9e-05,0.9820788502693176,0.06452331691980362
28,0.9966688752174377,0.011149031110107899,9e-05,1.0,0.054819606244564056
29,0.9973351359367371,0.011238913051784039,9e-05,0.7652329802513123,0.6703963875770569
30,0.9966688752174377,0.009687192738056183,9e-05,0.8709677457809448,0.23988813161849976
31,0.9980013370513916,0.010281668044626713,9e-05,0.9874551892280579,0.059664707630872726
32,0.9980013370513916,0.00824321061372757,9e-05,0.9157705903053284,0.16716891527175903
33,0.9953364133834839,0.011592351831495762,9e-05,0.8512544631958008,0.5214449167251587
34,0.9986675381660461,0.009334249421954155,2.7e-05,0.8637992739677429,0.38482847809791565
35,0.9986675381660461,0.008022851310670376,2.7e-05,0.8853046298027039,0.2560542821884155
36,0.9946702122688293,0.010878661647439003,2.7e-05,0.9659498333930969,0.09596049040555954
37,0.9966688752174377,0.009052679874002934,2.7e-05,0.9641577005386353,0.10414965450763702
38,0.9960026741027832,0.008928286843001842,2.7e-05,0.9910394549369812,0.059178676456213
39,0.9980013370513916,0.008817899972200394,2.7e-05,0.9820788502693176,0.08399121463298798
40,0.9980013370513916,0.008395889773964882,2.7e-05,0.8369175791740417,0.34392523765563965
41,0.9973351359367371,0.009820646606385708,2.7e-05,0.8405017852783203,0.31543442606925964
42,0.9993337988853455,0.007782714441418648,2.7e-05,0.8387096524238586,0.3283955156803131
43,0.9980013370513916,0.006302894093096256,2.7e-05,0.8548387289047241,0.275325208902359
44,0.9973351359367371,0.009080718271434307,8.1e-06,0.8297491073608398,0.34828370809555054
45,0.9973351359367371,0.009201155975461006,8.1e-06,0.8297491073608398,0.3623185455799103
46,0.9993337988853455,0.0056611900217831135,8.1e-06,0.8315412402153015,0.3448898196220398
47,0.9986675381660461,0.007304247003048658,8.1e-06,0.8315412402153015,0.39448535442352295
48,0.9980013370513916,0.00800701230764389,8.1e-06,0.8369175791740417,0.38992148637771606
49,0.9986675381660461,0.005807796958833933,8.1e-06,0.8369175791740417,0.3722951114177704
50,0.9986675381660461,0.006717096548527479,8.1e-06,0.8387096524238586,0.3542627990245819
51,0.9980013370513916,0.006623569875955582,8.1e-06,0.8387096524238586,0.3718334436416626
52,0.9986675381660461,0.006649024318903685,8.1e-06,0.8369175791740417,0.3422951102256775
53,0.9973351359367371,0.014052058570086956,8.1e-06,0.842293918132782,0.4078042507171631
54,0.9980013370513916,0.008318901993334293,2.43e-06,0.842293918132782,0.3833502531051636
55,0.9980013370513916,0.0066500455141067505,2.43e-06,0.8458781242370605,0.36196067929267883
56,0.9993337988853455,0.006900134030729532,2.43e-06,0.8440860509872437,0.35595497488975525
57,0.9973351359367371,0.0072794691659510136,2.43e-06,0.8476702570915222,0.36300936341285706
58,0.9980013370513916,0.006702407728880644,2.43e-06,0.8476702570915222,0.3519032597541809
59,1.0,0.00516088679432869,2.43e-06,0.8476702570915222,0.33960583806037903
60,0.9993337988853455,0.006254713516682386,2.43e-06,0.8476702570915222,0.3378501534461975
61,0.9986675381660461,0.005382837727665901,2.43e-06,0.8476702570915222,0.3348686993122101
62,0.9980013370513916,0.0062382761389017105,2.43e-06,0.8530465960502625,0.33433663845062256
63,0.9973351359367371,0.008307422511279583,2.43e-06,0.8530465960502625,0.3271428942680359
64,0.9980013370513916,0.007837995886802673,1e-06,0.8458781242370605,0.34431973099708557
65,0.9993337988853455,0.006333635654300451,1e-06,0.8458781242370605,0.33973780274391174
66,0.9993337988853455,0.0049045453779399395,1e-06,0.8512544631958008,0.3363265097141266
67,0.9993337988853455,0.006320271175354719,1e-06,0.8476702570915222,0.3378472626209259
68,0.9973351359367371,0.007842388935387135,1e-06,0.8440860509872437,0.3375309407711029
69,0.9973351359367371,0.007416735868901014,1e-06,0.8530465960502625,0.33465760946273804
70,0.9993337988853455,0.005064532160758972,1e-06,0.8530465960502625,0.3365154564380646
71,0.9966688752174377,0.007727311458438635,1e-06,0.8530465960502625,0.33563774824142456
72,0.9986675381660461,0.006413857918232679,1e-06,0.8530465960502625,0.3301869034767151
73,0.9973351359367371,0.009039703756570816,1e-06,0.8476702570915222,0.3367606997489929
74,0.9993337988853455,0.005794888362288475,1e-06,0.8530465960502625,0.3340336084365845
75,0.9986675381660461,0.007636739872395992,1e-06,0.8530465960502625,0.3312318027019501
76,0.9973351359367371,0.006674780510365963,1e-06,0.8530465960502625,0.33279407024383545
77,0.9993337988853455,0.006836447864770889,1e-06,0.8512544631958008,0.3373561501502991
78,0.9973351359367371,0.007097615394741297,1e-06,0.8512544631958008,0.3318861126899719
79,0.9993337988853455,0.006343192886561155,1e-06,0.8494623899459839,0.33574751019477844
80,0.9980013370513916,0.013715077191591263,1e-06,0.8512544631958008,0.3293209969997406
81,0.9986675381660461,0.006257893517613411,1e-06,0.8512544631958008,0.33105355501174927
82,0.9980013370513916,0.007332830224186182,1e-06,0.8512544631958008,0.3364763557910919
83,0.9980013370513916,0.006636111997067928,1e-06,0.8476702570915222,0.33884507417678833
84,0.9973351359367371,0.007481902372092009,1e-06,0.8476702570915222,0.3403860628604889
85,0.9993337988853455,0.005522001069039106,1e-06,0.842293918132782,0.3416467010974884
86,0.9960026741027832,0.01028479728847742,1e-06,0.842293918132782,0.3476879596710205
87,0.9986675381660461,0.00662988843396306,1e-06,0.8440860509872437,0.346920907497406
88,0.9973351359367371,0.008201579563319683,1e-06,0.8476702570915222,0.3409607410430908
89,0.9973351359367371,0.010084605775773525,1e-06,0.8494623899459839,0.3338927626609802
90,0.9973351359367371,0.006021937821060419,1e-06,0.8512544631958008,0.3334638178348541
91,0.9980013370513916,0.007573307957500219,1e-06,0.8512544631958008,0.33506709337234497
92,0.9980013370513916,0.006682012230157852,1e-06,0.8494623899459839,0.3407249450683594
93,0.9986675381660461,0.005909070838242769,1e-06,0.842293918132782,0.34610122442245483
94,0.9973351359367371,0.006886250805109739,1e-06,0.8458781242370605,0.344576358795166
95,0.9973351359367371,0.006975722964853048,1e-06,0.842293918132782,0.34898585081100464
96,0.9986675381660461,0.0059760557487607,1e-06,0.842293918132782,0.3508646786212921
97,0.9993337988853455,0.005870605818927288,1e-06,0.8405017852783203,0.3514102101325989
98,0.9986675381660461,0.008144855499267578,1e-06,0.8405017852783203,0.35479119420051575
99,0.9980013370513916,0.008593922480940819,1e-06,0.8405017852783203,0.3499608039855957
100,0.9973351359367371,0.009214535355567932,1e-06,0.8476702570915222,0.3418413996696472
101,0.9980013370513916,0.008954338729381561,1e-06,0.8494623899459839,0.34044086933135986
102,0.9986675381660461,0.007281966507434845,1e-06,0.8440860509872437,0.3532969653606415
103,0.9986675381660461,0.008932594209909439,1e-06,0.8512544631958008,0.34916940331459045
104,1.0,0.004028895869851112,1e-06,0.8512544631958008,0.3475593328475952
105,0.9986675381660461,0.006657289806753397,1e-06,0.8458781242370605,0.34960654377937317
106,0.9986675381660461,0.005271108355373144,1e-06,0.8494623899459839,0.3436700105667114
107,0.9953364133834839,0.01494232565164566,1e-06,0.8458781242370605,0.3573942482471466
108,0.9986675381660461,0.007360005285590887,1e-06,0.8512544631958008,0.35278013348579407
109,0.9973351359367371,0.009036585688591003,1e-06,0.8512544631958008,0.3489111661911011
110,0.9980013370513916,0.005682672839611769,1e-06,0.8512544631958008,0.3439597189426422
111,0.9980013370513916,0.0064353179186582565,1e-06,0.8530465960502625,0.33782872557640076
112,0.9986675381660461,0.006056124810129404,1e-06,0.8512544631958008,0.3378274440765381
113,0.9986675381660461,0.005790991708636284,1e-06,0.8512544631958008,0.34158796072006226
