epoch,accuracy,loss,lr,val_accuracy,val_loss
0,0.9153897166252136,0.21454006433486938,0.001,0.5053763389587402,1.004367470741272
1,0.9706861972808838,0.06021285429596901,0.001,0.5053763389587402,2.2240047454833984
2,0.9753497838973999,0.053290948271751404,0.001,0.5053763389587402,3.5910916328430176
3,0.9760159850120544,0.06198391690850258,0.001,0.5053763389587402,4.156609058380127
4,0.9800133109092712,0.05534829571843147,0.001,0.5053763389587402,3.545894145965576
5,0.9733511209487915,0.0691479742527008,0.001,0.6272401213645935,1.7729555368423462
6,0.976682186126709,0.05689432471990585,0.001,0.5053763389587402,4.418332099914551
7,0.9786809086799622,0.050551749765872955,0.001,0.5053763389587402,3.8271677494049072
8,0.984010636806488,0.03789813444018364,0.001,0.5053763389587402,4.056575775146484
9,0.9860092997550964,0.029274258762598038,0.001,0.5501791834831238,2.6609842777252197
10,0.9873417615890503,0.03273153677582741,0.001,0.6684587597846985,1.4259201288223267
11,0.9880080223083496,0.029374299570918083,0.0003,0.7634408473968506,0.683560311794281
12,0.990006685256958,0.026257550343871117,0.0003,0.8781362175941467,0.30320096015930176
13,0.990006685256958,0.021524783223867416,0.0003,0.9838709831237793,0.03644620254635811
14,0.9886742234230042,0.023150401189923286,0.0003,0.8906810283660889,0.20805005729198456
15,0.9906728863716125,0.024396579712629318,0.0003,0.9874551892280579,0.04468819126486778
16,0.9940040111541748,0.017974775284528732,0.0003,0.980286717414856,0.05465119704604149
17,0.9933377504348755,0.016129398718476295,0.0003,0.9641577005386353,0.07619298249483109
18,0.9913390874862671,0.023466119542717934,0.0003,0.8333333134651184,0.3897016644477844
19,0.9920053482055664,0.01881568878889084,0.0003,0.9749103784561157,0.0740656703710556
20,0.9960026741027832,0.015643544495105743,0.0003,0.9838709831237793,0.06033669784665108
21,0.9960026741027832,0.01247346680611372,0.0003,0.9767025113105774,0.0993407666683197
22,0.9906728863716125,0.025995461270213127,0.0003,0.9247311949729919,0.21641260385513306
23,0.9940040111541748,0.01877555437386036,0.0003,0.8853046298027039,0.4267469644546509
24,0.9953364133834839,0.018646424636244774,9e-05,0.883512556552887,0.3193754255771637
25,0.9966688752174377,0.015717562288045883,9e-05,0.8870967626571655,0.2554405629634857
26,0.9960026741027832,0.013172592036426067,9e-05,0.9444444179534912,0.11876601725816727
27,0.9946702122688293,0.01316252164542675,9e-05,0.9516128897666931,0.1022791638970375
28,0.9986675381660461,0.012480308301746845,9e-05,0.9318996667861938,0.1343633234500885
29,0.9966688752174377,0.012269376777112484,9e-05,0.9767025113105774,0.07464489340782166
30,0.9953364133834839,0.012742633931338787,9e-05,0.9892473220825195,0.06905163079500198
31,0.9966688752174377,0.009809395298361778,9e-05,0.9838709831237793,0.07542373985052109
32,0.9960026741027832,0.012836535461246967,9e-05,0.9462365508079529,0.12930718064308167
33,0.9953364133834839,0.01035392563790083,9e-05,0.9193548560142517,0.16495740413665771
34,0.9986675381660461,0.009022190235555172,2.7e-05,0.9193548560142517,0.1627638339996338
35,0.9966688752174377,0.009032666683197021,2.7e-05,0.9121863842010498,0.1882721185684204
36,0.9993337988853455,0.006409053690731525,2.7e-05,0.883512556552887,0.2388983517885208
37,0.9986675381660461,0.008411230519413948,2.7e-05,0.9157705903053284,0.18805845081806183
38,0.9973351359367371,0.00840615201741457,2.7e-05,0.8996415734291077,0.20942747592926025
39,0.9980013370513916,0.007098791189491749,2.7e-05,0.9068100452423096,0.1851457953453064
40,0.9986675381660461,0.0060841841623187065,2.7e-05,0.8960573673248291,0.20768819749355316
41,0.9973351359367371,0.009010637179017067,2.7e-05,0.8799282908439636,0.28444257378578186
42,0.9973351359367371,0.008365096524357796,2.7e-05,0.883512556552887,0.3040565550327301
43,0.9980013370513916,0.005148196127265692,2.7e-05,0.8853046298027039,0.28547152876853943
44,0.9973351359367371,0.0114531135186553,8.1e-06,0.8853046298027039,0.29054707288742065
45,0.9940040111541748,0.02578159235417843,8.1e-06,0.8853046298027039,0.26912665367126465
46,0.9980013370513916,0.007022306323051453,8.1e-06,0.8888888955116272,0.24688029289245605
47,0.9973351359367371,0.008416485041379929,8.1e-06,0.8996415734291077,0.21142512559890747
48,0.9973351359367371,0.0055527049116790295,8.1e-06,0.8996415734291077,0.20561733841896057
49,0.9986675381660461,0.004651254042983055,8.1e-06,0.8924731016159058,0.2416234165430069
50,0.9973351359367371,0.009087083861231804,8.1e-06,0.8960573673248291,0.21945098042488098
51,0.9980013370513916,0.005614147987216711,8.1e-06,0.8888888955116272,0.24966119229793549
52,0.9986675381660461,0.005645661614835262,8.1e-06,0.8853046298027039,0.26647624373435974
53,0.9993337988853455,0.005929707549512386,8.1e-06,0.8853046298027039,0.2816658318042755
54,0.9966688752174377,0.00817081332206726,2.43e-06,0.8853046298027039,0.28354567289352417
55,0.9980013370513916,0.006278882268816233,2.43e-06,0.8853046298027039,0.2860831022262573
56,0.9993337988853455,0.0047866906970739365,2.43e-06,0.8853046298027039,0.28897973895072937
57,0.9973351359367371,0.0066487714648246765,2.43e-06,0.8853046298027039,0.28457343578338623
58,0.9993337988853455,0.004806864075362682,2.43e-06,0.8853046298027039,0.2850140631198883
59,0.9986675381660461,0.0068319691345095634,2.43e-06,0.8853046298027039,0.2796113193035126
60,0.9980013370513916,0.00879262387752533,2.43e-06,0.8853046298027039,0.28050342202186584
61,0.9993337988853455,0.005083412863314152,2.43e-06,0.8853046298027039,0.269681453704834
62,0.9980013370513916,0.006349591072648764,2.43e-06,0.8853046298027039,0.2618727385997772
63,0.9973351359367371,0.008176610805094242,2.43e-06,0.8853046298027039,0.2680620849132538
64,0.9993337988853455,0.005727030802518129,1e-06,0.8853046298027039,0.2747584283351898
65,0.9986675381660461,0.0050808521918952465,1e-06,0.8853046298027039,0.27490898966789246
66,0.9973351359367371,0.010165619663894176,1e-06,0.8853046298027039,0.27634546160697937
67,0.9966688752174377,0.009831291623413563,1e-06,0.8853046298027039,0.2750242352485657
68,0.9986675381660461,0.005737762898206711,1e-06,0.8853046298027039,0.2694146931171417
69,0.9973351359367371,0.007370776496827602,1e-06,0.8853046298027039,0.2713027894496918
70,0.9993337988853455,0.005147702991962433,1e-06,0.8853046298027039,0.2731110155582428
71,0.9986675381660461,0.006725353188812733,1e-06,0.8853046298027039,0.27528050541877747
72,0.9986675381660461,0.00702303322032094,1e-06,0.8853046298027039,0.2765408158302307
73,0.9993337988853455,0.005316385067999363,1e-06,0.8853046298027039,0.2783762216567993
74,0.9986675381660461,0.0070936777628958225,1e-06,0.8853046298027039,0.27437299489974976
75,0.9980013370513916,0.006793729495257139,1e-06,0.8853046298027039,0.270569384098053
76,0.9980013370513916,0.006857588421553373,1e-06,0.8853046298027039,0.27071377635002136
77,0.9980013370513916,0.005723243113607168,1e-06,0.8853046298027039,0.27589258551597595
78,1.0,0.0043748593889176846,1e-06,0.8853046298027039,0.2758078873157501
79,0.9980013370513916,0.0054993093945086,1e-06,0.8853046298027039,0.27509424090385437
80,0.9973351359367371,0.008506244979798794,1e-06,0.8853046298027039,0.27504923939704895
81,0.9986675381660461,0.00742728216573596,1e-06,0.8853046298027039,0.27400484681129456
82,1.0,0.004224036820232868,1e-06,0.8853046298027039,0.27214959263801575
83,0.9986675381660461,0.005249144043773413,1e-06,0.8853046298027039,0.2745734453201294
84,0.9980013370513916,0.00626890454441309,1e-06,0.8853046298027039,0.27509698271751404
85,0.9966688752174377,0.0072872210294008255,1e-06,0.8853046298027039,0.27080005407333374
86,0.9980013370513916,0.005776444915682077,1e-06,0.8853046298027039,0.2738392949104309
87,0.9986675381660461,0.0058325519785285,1e-06,0.8853046298027039,0.2706791162490845
88,0.9980013370513916,0.006118828430771828,1e-06,0.8853046298027039,0.2725839912891388
89,0.9986675381660461,0.010351203382015228,1e-06,0.8853046298027039,0.2695765197277069
90,0.9993337988853455,0.004375312477350235,1e-06,0.8853046298027039,0.271646112203598
91,0.9986675381660461,0.010465601459145546,1e-06,0.8853046298027039,0.27379223704338074
92,0.9993337988853455,0.005623952951282263,1e-06,0.8853046298027039,0.27528905868530273
93,0.9993337988853455,0.0055693951435387135,1e-06,0.8853046298027039,0.2754383683204651
94,0.9986675381660461,0.006188718602061272,1e-06,0.8853046298027039,0.27411243319511414
95,0.9980013370513916,0.011259762570261955,1e-06,0.8853046298027039,0.271866112947464
96,0.9993337988853455,0.0038464576937258244,1e-06,0.8853046298027039,0.2755289673805237
97,0.9980013370513916,0.007636927533894777,1e-06,0.8853046298027039,0.27640533447265625
98,0.9986675381660461,0.0048997532576322556,1e-06,0.8853046298027039,0.2768346071243286
99,0.9980013370513916,0.006879853550344706,1e-06,0.8853046298027039,0.2725840210914612
100,0.9940040111541748,0.014964275993406773,1e-06,0.8853046298027039,0.272743284702301
101,0.9966688752174377,0.013026018626987934,1e-06,0.8853046298027039,0.27241969108581543
102,0.9986675381660461,0.005958640482276678,1e-06,0.8853046298027039,0.2708788812160492
103,0.9980013370513916,0.007134308572858572,1e-06,0.8853046298027039,0.2733796238899231
104,0.9973351359367371,0.008514691144227982,1e-06,0.8853046298027039,0.27294620871543884
105,0.9973351359367371,0.007142515387386084,1e-06,0.8853046298027039,0.26963117718696594
106,0.9986675381660461,0.0055206515826284885,1e-06,0.8853046298027039,0.26983577013015747
107,0.9973351359367371,0.007489668671041727,1e-06,0.8853046298027039,0.2697749137878418
108,0.9980013370513916,0.006531998049467802,1e-06,0.8853046298027039,0.27342092990875244
109,0.9993337988853455,0.005198771134018898,1e-06,0.8853046298027039,0.2757536768913269
110,0.9986675381660461,0.006218846887350082,1e-06,0.8853046298027039,0.2809005081653595
111,0.9980013370513916,0.007446902338415384,1e-06,0.8853046298027039,0.27107223868370056
112,0.9973351359367371,0.008074195124208927,1e-06,0.8853046298027039,0.274108350276947
113,0.9973351359367371,0.008391309529542923,1e-06,0.8853046298027039,0.27419745922088623
