epoch,accuracy,loss,lr,val_accuracy,val_loss
0,0.9193871021270752,0.20852673053741455,0.001,0.5053763389587402,0.9552174806594849
1,0.9686875343322754,0.08574660867452621,0.001,0.5053763389587402,1.8158819675445557
2,0.974017322063446,0.05571729689836502,0.001,0.5053763389587402,3.552872657775879
3,0.9680213332176208,0.07142379879951477,0.001,0.5053763389587402,4.514239311218262
4,0.9746835231781006,0.05104326084256172,0.001,0.5053763389587402,5.67743444442749
5,0.9800133109092712,0.05098698288202286,0.001,0.5053763389587402,5.539078235626221
6,0.982678234577179,0.049194976687431335,0.001,0.5053763389587402,6.265198230743408
7,0.982678234577179,0.04199019446969032,0.001,0.5053763389587402,6.354468822479248
8,0.976682186126709,0.046292711049318314,0.001,0.5878136157989502,2.0279791355133057
9,0.9833444356918335,0.0358411930501461,0.001,0.5483871102333069,3.4200026988983154
10,0.9860092997550964,0.03821792080998421,0.001,0.6487455368041992,2.6277902126312256
11,0.9886742234230042,0.0325377956032753,0.0003,0.7168458700180054,1.13157320022583
12,0.9886742234230042,0.03082834742963314,0.0003,0.7168458700180054,1.1810795068740845
13,0.9880080223083496,0.030325252562761307,0.0003,0.9641577005386353,0.14178016781806946
14,0.9893404245376587,0.023248229175806046,0.0003,0.9838709831237793,0.06930606812238693
15,0.990006685256958,0.024072520434856415,0.0003,0.9498208165168762,0.1264493316411972
16,0.9906728863716125,0.026147155091166496,0.0003,0.9749103784561157,0.05461461469531059
17,0.992671549320221,0.018771959468722343,0.0003,0.9193548560142517,0.20774666965007782
18,0.9906728863716125,0.022800244390964508,0.0003,0.9946236610412598,0.048419609665870667
19,0.9906728863716125,0.024119939655065536,0.0003,0.7759856581687927,0.5225551724433899
20,0.9893404245376587,0.021774010732769966,0.0003,0.958781361579895,0.1785554140806198
21,0.9886742234230042,0.02974739857017994,0.0003,0.9569892287254333,0.0966661125421524
22,0.9906728863716125,0.024157676845788956,0.0003,0.8817204236984253,0.2735365033149719
23,0.9946702122688293,0.016927380114793777,0.0003,0.9605734944343567,0.16240794956684113
24,0.9920053482055664,0.02394304797053337,0.0003,0.6218637824058533,2.5625112056732178
25,0.9920053482055664,0.020185962319374084,0.0003,0.774193525314331,1.0506978034973145
26,0.9946702122688293,0.014816004782915115,0.0003,0.8620071411132812,0.5757018327713013
27,0.9913390874862671,0.023739473894238472,0.0003,0.9444444179534912,0.14357446134090424
28,0.9940040111541748,0.016392456367611885,0.0003,0.958781361579895,0.09248937666416168
29,0.9980013370513916,0.008562516421079636,9e-05,0.9749103784561157,0.06916546076536179
30,0.9980013370513916,0.011412852443754673,9e-05,0.9749103784561157,0.06985948234796524
31,0.9933377504348755,0.01358723919838667,9e-05,0.9749103784561157,0.06452291458845139
32,0.9986675381660461,0.0070139262825250626,9e-05,0.9731183052062988,0.06561996787786484
33,0.9980013370513916,0.008988221175968647,9e-05,0.9838709831237793,0.04750160872936249
34,0.9986675381660461,0.007780925370752811,9e-05,0.939068078994751,0.1385951191186905
35,0.9973351359367371,0.00828617624938488,9e-05,0.9910394549369812,0.04425647482275963
36,0.9980013370513916,0.008446559309959412,9e-05,0.8476702570915222,0.4309108853340149
37,0.9973351359367371,0.011957849375903606,9e-05,0.9247311949729919,0.21210168302059174
38,0.9980013370513916,0.006684556603431702,9e-05,0.9157705903053284,0.22277817130088806
39,0.9986675381660461,0.006229559425264597,9e-05,0.9677419066429138,0.08221488445997238
40,0.9973351359367371,0.013071627356112003,9e-05,0.9265232682228088,0.21905776858329773
41,0.9953364133834839,0.00974498875439167,9e-05,0.9910394549369812,0.04372813552618027
42,0.9993337988853455,0.006478192750364542,9e-05,0.8745519518852234,0.36023250222206116
43,0.9986675381660461,0.006786169018596411,9e-05,0.9480286836624146,0.11443784087896347
44,0.9993337988853455,0.005707947071641684,9e-05,0.9444444179534912,0.12179486453533173
45,0.9986675381660461,0.005572151392698288,9e-05,0.9301075339317322,0.1725684404373169
46,0.9986675381660461,0.004100970923900604,9e-05,0.9318996667861938,0.1682659536600113
47,0.9993337988853455,0.0041700564324855804,9e-05,0.9426523447036743,0.12865449488162994
48,0.9993337988853455,0.004537179134786129,9e-05,0.9946236610412598,0.03745071589946747
49,0.9986675381660461,0.004337793681770563,9e-05,0.9014337062835693,0.2484138011932373
50,1.0,0.0030891126953065395,9e-05,0.9480286836624146,0.10979446768760681
51,0.9980013370513916,0.006416203919798136,9e-05,0.8870967626571655,0.31842586398124695
52,0.9993337988853455,0.0033429935574531555,9e-05,0.8906810283660889,0.31526705622673035
53,0.9966688752174377,0.008733675815165043,9e-05,0.7491039633750916,1.0121643543243408
54,0.9986675381660461,0.004649956710636616,9e-05,0.9139785170555115,0.3707369863986969
55,0.9986675381660461,0.004083211999386549,9e-05,0.9462365508079529,0.1267446130514145
56,0.9986675381660461,0.00576017377898097,9e-05,0.9444444179534912,0.12231196463108063
57,0.9980013370513916,0.0054433816112577915,9e-05,0.91756272315979,0.22169038653373718
58,1.0,0.002703974489122629,9e-05,0.9641577005386353,0.0737592875957489
59,0.9993337988853455,0.002782458206638694,2.7e-05,0.9534050226211548,0.10226898640394211
60,0.9993337988853455,0.004015450831502676,2.7e-05,0.9677419066429138,0.08255985379219055
61,0.9986675381660461,0.003877426963299513,2.7e-05,0.9695340394973755,0.07672183960676193
62,0.9993337988853455,0.0028878485318273306,2.7e-05,0.9336917400360107,0.16034774482250214
63,1.0,0.002132705645635724,2.7e-05,0.9336917400360107,0.15582184493541718
64,0.9980013370513916,0.006539303343743086,2.7e-05,0.9211469292640686,0.25903818011283875
65,1.0,0.002987986896187067,2.7e-05,0.9032257795333862,0.3138768970966339
66,0.9993337988853455,0.003493314841762185,2.7e-05,0.8942652344703674,0.3454208970069885
67,0.9973351359367371,0.01454941462725401,2.7e-05,0.842293918132782,0.5937819480895996
68,0.9993337988853455,0.003449021838605404,2.7e-05,0.9050179123878479,0.3497045934200287
69,1.0,0.0018383340211585164,8.1e-06,0.9193548560142517,0.2877304255962372
70,0.9993337988853455,0.0029757812153548002,8.1e-06,0.9229390621185303,0.24876819550991058
71,0.9986675381660461,0.004505941644310951,8.1e-06,0.9283154010772705,0.19088782370090485
72,0.9993337988853455,0.0019399748416617513,8.1e-06,0.9265232682228088,0.2024439573287964
73,1.0,0.0026207866612821817,8.1e-06,0.9229390621185303,0.22684839367866516
74,1.0,0.002232565311715007,8.1e-06,0.9229390621185303,0.22459347546100616
75,0.9993337988853455,0.003211680566892028,8.1e-06,0.9229390621185303,0.24509190022945404
76,0.9980013370513916,0.0051629855297505856,8.1e-06,0.9121863842010498,0.27800464630126953
77,1.0,0.002329324372112751,8.1e-06,0.9139785170555115,0.25527361035346985
78,1.0,0.0011343993246555328,8.1e-06,0.9157705903053284,0.24895723164081573
79,0.9993337988853455,0.002099082339555025,2.43e-06,0.9193548560142517,0.247841015458107
80,0.9993337988853455,0.004766974598169327,2.43e-06,0.9139785170555115,0.25924602150917053
81,0.9986675381660461,0.006242009345442057,2.43e-06,0.9103942513465881,0.2865999937057495
82,1.0,0.0020135280210524797,2.43e-06,0.9139785170555115,0.26468172669410706
83,0.9986675381660461,0.002683110535144806,2.43e-06,0.9193548560142517,0.25414109230041504
84,0.9986675381660461,0.004492956679314375,2.43e-06,0.9193548560142517,0.2425953596830368
85,1.0,0.0015924246981739998,2.43e-06,0.9193548560142517,0.24408136308193207
86,1.0,0.001887482008896768,2.43e-06,0.9193548560142517,0.24450847506523132
87,0.9993337988853455,0.003102347021922469,2.43e-06,0.9229390621185303,0.2336532473564148
88,0.9993337988853455,0.0045386552810668945,2.43e-06,0.9229390621185303,0.2304973006248474
89,0.9993337988853455,0.0029060174711048603,1e-06,0.9229390621185303,0.2372092306613922
90,0.9993337988853455,0.0037684068083763123,1e-06,0.9229390621185303,0.23456206917762756
91,0.9993337988853455,0.002762995893135667,1e-06,0.9229390621185303,0.23338429629802704
92,0.9986675381660461,0.004076936282217503,1e-06,0.9229390621185303,0.24078725278377533
93,1.0,0.0029713830444961786,1e-06,0.9229390621185303,0.23922333121299744
94,1.0,0.0020181925501674414,1e-06,0.9229390621185303,0.2452491819858551
95,0.9993337988853455,0.0019684561993926764,1e-06,0.9229390621185303,0.24369074404239655
96,0.9986675381660461,0.003137477906420827,1e-06,0.9211469292640686,0.24669739603996277
97,0.9980013370513916,0.004553230479359627,1e-06,0.9229390621185303,0.24189405143260956
98,0.9993337988853455,0.002548044081777334,1e-06,0.9229390621185303,0.24292315542697906
99,0.9993337988853455,0.002180869923904538,1e-06,0.9229390621185303,0.2404251992702484
100,0.9986675381660461,0.003188919508829713,1e-06,0.9229390621185303,0.23678775131702423
101,1.0,0.0013621458783745766,1e-06,0.9229390621185303,0.2418634295463562
102,1.0,0.0018604022916406393,1e-06,0.9229390621185303,0.2438514530658722
103,0.9993337988853455,0.0031264065764844418,1e-06,0.9229390621185303,0.23731732368469238
104,0.9993337988853455,0.0025103590451180935,1e-06,0.9229390621185303,0.2454632669687271
105,0.9993337988853455,0.0026841035578399897,1e-06,0.9229390621185303,0.24708370864391327
106,1.0,0.0013331813970580697,1e-06,0.9229390621185303,0.2425735592842102
107,0.9960026741027832,0.007341294549405575,1e-06,0.9211469292640686,0.2532080113887787
108,0.9993337988853455,0.0032051659654825926,1e-06,0.9211469292640686,0.2527701258659363
109,1.0,0.001877624774351716,1e-06,0.9193548560142517,0.2573343515396118
110,1.0,0.002337348647415638,1e-06,0.9193548560142517,0.25810959935188293
111,0.9980013370513916,0.005689788609743118,1e-06,0.9193548560142517,0.2586325407028198
112,0.9993337988853455,0.0029765537474304438,1e-06,0.9193548560142517,0.26027482748031616
113,0.9993337988853455,0.0032362265046685934,1e-06,0.9193548560142517,0.25660377740859985
114,0.9993337988853455,0.0032033640891313553,1e-06,0.9211469292640686,0.252509206533432
115,0.9986675381660461,0.004442351404577494,1e-06,0.9193548560142517,0.26438984274864197
116,0.9993337988853455,0.002464263467118144,1e-06,0.91756272315979,0.26873108744621277
117,1.0,0.002344946376979351,1e-06,0.9193548560142517,0.2599717974662781
118,0.9993337988853455,0.00277342670597136,1e-06,0.9211469292640686,0.25262635946273804
119,0.9993337988853455,0.002450008178129792,1e-06,0.9193548560142517,0.256033718585968
120,1.0,0.002656935015693307,1e-06,0.9193548560142517,0.2582912743091583
121,0.9993337988853455,0.002263861708343029,1e-06,0.9193548560142517,0.26205551624298096
122,0.9973351359367371,0.006211634259670973,1e-06,0.9211469292640686,0.2512071430683136
123,0.9986675381660461,0.0033563817851245403,1e-06,0.9211469292640686,0.2471519112586975
124,0.9980013370513916,0.006032742094248533,1e-06,0.9229390621185303,0.2429334819316864
125,0.9993337988853455,0.003542916849255562,1e-06,0.9229390621185303,0.24349801242351532
126,0.9993337988853455,0.0024274124298244715,1e-06,0.9229390621185303,0.2459091991186142
127,0.9993337988853455,0.0029907519929111004,1e-06,0.9229390621185303,0.24351917207241058
128,0.9966688752174377,0.009940829128026962,1e-06,0.9211469292640686,0.25445786118507385
129,0.9973351359367371,0.006517866626381874,1e-06,0.9193548560142517,0.26489728689193726
130,1.0,0.002199737820774317,1e-06,0.9211469292640686,0.2597026228904724
131,1.0,0.0015123336343094707,1e-06,0.9211469292640686,0.254815936088562
132,0.9993337988853455,0.0031290152110159397,1e-06,0.9229390621185303,0.24829058349132538
133,0.9986675381660461,0.0027999544981867075,1e-06,0.9211469292640686,0.25316157937049866
134,0.9993337988853455,0.002869437914341688,1e-06,0.9229390621185303,0.250870019197464
135,1.0,0.0015646491665393114,1e-06,0.9211469292640686,0.25234925746917725
136,0.9993337988853455,0.003201219718903303,1e-06,0.9229390621185303,0.24384482204914093
137,0.9993337988853455,0.00231400434859097,1e-06,0.9211469292640686,0.2544918954372406
138,0.9993337988853455,0.0025694456417113543,1e-06,0.9211469292640686,0.2534736692905426
139,0.9993337988853455,0.0030442841816693544,1e-06,0.9229390621185303,0.2413240671157837
140,0.9993337988853455,0.002185958670452237,1e-06,0.9229390621185303,0.2406400740146637
141,0.9993337988853455,0.003018832765519619,1e-06,0.9229390621185303,0.24575896561145782
142,0.9993337988853455,0.003160350024700165,1e-06,0.9229390621185303,0.24530529975891113
143,0.9993337988853455,0.002809538273140788,1e-06,0.9229390621185303,0.24862810969352722
144,0.9980013370513916,0.005408986005932093,1e-06,0.9229390621185303,0.2370065450668335
145,0.9986675381660461,0.003373698564246297,1e-06,0.9229390621185303,0.24408073723316193
146,0.9993337988853455,0.0031906841322779655,1e-06,0.9211469292640686,0.2512315511703491
147,0.9986675381660461,0.0032366544473916292,1e-06,0.9193548560142517,0.2686725854873657
148,0.9993337988853455,0.0021850732155144215,1e-06,0.9193548560142517,0.2636110782623291
