epoch,accuracy,loss,lr,val_accuracy,val_loss
0,0.9320452809333801,0.16700011491775513,0.001,0.5053763389587402,1.9112634658813477
1,0.9686875343322754,0.06740246713161469,0.001,0.5053763389587402,4.0240678787231445
2,0.976682186126709,0.05281224101781845,0.001,0.5053763389587402,6.328583717346191
3,0.9846768975257874,0.04240025207400322,0.001,0.5053763389587402,8.226625442504883
4,0.9853430986404419,0.043290358036756516,0.001,0.5967742204666138,7.382835388183594
5,0.9846768975257874,0.04223928600549698,0.001,0.6218637824058533,2.9114339351654053
6,0.984010636806488,0.047127045691013336,0.001,0.5555555820465088,2.122307777404785
7,0.9773484468460083,0.06598273664712906,0.001,0.6326164603233337,4.293853759765625
8,0.9860092997550964,0.03267930820584297,0.001,0.5555555820465088,2.6841578483581543
9,0.9906728863716125,0.023758675903081894,0.001,0.7275985479354858,1.1549922227859497
10,0.9913390874862671,0.019218316301703453,0.001,0.5340501666069031,3.7067158222198486
11,0.9946702122688293,0.019870575517416,0.001,0.519713282585144,2.3750040531158447
12,0.9986675381660461,0.009527399204671383,0.001,0.6200717091560364,2.2920539379119873
13,0.9960026741027832,0.011117706075310707,0.001,0.7311828136444092,1.055387020111084
14,0.9953364133834839,0.009245861321687698,0.001,0.9426523447036743,0.1390235275030136
15,0.9780146479606628,0.07249534130096436,0.001,0.5322580933570862,3.1422927379608154
16,0.9920053482055664,0.023471049964427948,0.001,0.6953405141830444,0.8864559531211853
17,0.9906728863716125,0.027309898287057877,0.001,0.8351254463195801,0.4428535997867584
18,0.9980013370513916,0.010762149468064308,0.001,0.8637992739677429,0.2510654926300049
19,0.9966688752174377,0.008871377445757389,0.001,0.8530465960502625,0.4853535294532776
20,0.9966688752174377,0.010660962201654911,0.001,0.897849440574646,0.23993554711341858
21,0.9986675381660461,0.005952472798526287,0.001,0.9874551892280579,0.06913431733846664
22,0.9966688752174377,0.005269960034638643,0.001,0.9856630563735962,0.05809811130166054
23,0.9933377504348755,0.012106251902878284,0.001,0.9014337062835693,0.4990445375442505
24,0.9933377504348755,0.017012031748890877,0.001,0.801075279712677,0.6673340797424316
25,0.9973351359367371,0.009182854555547237,0.001,0.7473118305206299,1.032685399055481
26,0.9953364133834839,0.023820210248231888,0.001,0.8673835396766663,0.4685291647911072
27,0.9960026741027832,0.012151278555393219,0.001,0.9050179123878479,1.5159058570861816
28,1.0,0.0013189039891585708,0.001,0.8297491073608398,0.7211272120475769
29,0.9966688752174377,0.007931050844490528,0.001,0.801075279712677,0.8157564401626587
30,0.9966688752174377,0.018846193328499794,0.001,0.36917561292648315,3.064469814300537
31,0.9980013370513916,0.004316004924476147,0.001,0.5663082599639893,1.6286309957504272
32,0.9980013370513916,0.003239853074774146,0.001,0.8297491073608398,0.4270302653312683
33,1.0,0.0009338472736999393,0.0003,0.8960573673248291,0.22773505747318268
34,1.0,0.0012657098704949021,0.0003,0.9121863842010498,0.24788033962249756
35,1.0,0.0006888019852340221,0.0003,0.9032257795333862,0.2543715536594391
36,1.0,0.0007825601496733725,0.0003,0.883512556552887,0.35424482822418213
37,1.0,0.0006420108256861567,0.0003,0.8888888955116272,0.38417568802833557
38,0.9986675381660461,0.005767578259110451,0.0003,0.9301075339317322,0.40375468134880066
39,0.9993337988853455,0.0019519214984029531,0.0003,0.9068100452423096,0.4363918602466583
40,1.0,0.0006315978826023638,0.0003,0.897849440574646,0.49363386631011963
41,0.9986675381660461,0.003054923377931118,0.0003,0.9014337062835693,0.4597758650779724
42,1.0,0.00034762287396006286,0.0003,0.8799282908439636,0.5021586418151855
43,1.0,0.0002934718213509768,9e-05,0.8817204236984253,0.5012454390525818
44,1.0,0.0008423511753790081,9e-05,0.8853046298027039,0.5097994208335876
45,0.9993337988853455,0.001561362179927528,9e-05,0.8602150678634644,0.4664759337902069
46,1.0,0.00027091175434179604,9e-05,0.8584229350090027,0.4825344979763031
47,1.0,0.0004789064696524292,9e-05,0.8691756129264832,0.4837847054004669
48,1.0,0.00044896884355694056,9e-05,0.8781362175941467,0.48457586765289307
49,1.0,0.000572976132389158,9e-05,0.8781362175941467,0.4897480607032776
50,1.0,0.0005030189640820026,9e-05,0.8781362175941467,0.45803478360176086
51,1.0,0.0005757976905442774,9e-05,0.8853046298027039,0.38645288348197937
52,1.0,0.0007883624639362097,9e-05,0.897849440574646,0.3457270860671997
53,0.9993337988853455,0.002516427543014288,2.7e-05,0.8906810283660889,0.37323182821273804
54,0.9993337988853455,0.002195365959778428,2.7e-05,0.8870967626571655,0.4040214419364929
55,1.0,0.0005030248430557549,2.7e-05,0.8763440847396851,0.448179692029953
56,1.0,0.0006700976518914104,2.7e-05,0.8817204236984253,0.43978357315063477
57,1.0,0.00046422058949247,2.7e-05,0.8888888955116272,0.441760390996933
58,1.0,0.00028266405570320785,2.7e-05,0.8888888955116272,0.4603162705898285
59,1.0,0.0004875213198829442,2.7e-05,0.8906810283660889,0.47712597250938416
60,1.0,0.0002538943663239479,2.7e-05,0.8888888955116272,0.4803653359413147
61,1.0,0.00031686588772572577,2.7e-05,0.8870967626571655,0.47697263956069946
62,0.9986675381660461,0.0038396595045924187,2.7e-05,0.8387096524238586,0.563783586025238
63,1.0,0.00037838704884052277,8.1e-06,0.8405017852783203,0.6135629415512085
64,1.0,0.000315662007778883,8.1e-06,0.842293918132782,0.6433650255203247
65,1.0,0.0003516392898745835,8.1e-06,0.842293918132782,0.6487569808959961
66,1.0,0.00024640289484523237,8.1e-06,0.8440860509872437,0.6573754549026489
67,1.0,0.0002932859642896801,8.1e-06,0.8440860509872437,0.6515510082244873
68,1.0,0.0002526090247556567,8.1e-06,0.8458781242370605,0.6504743099212646
69,1.0,0.00034292141208425164,8.1e-06,0.8476702570915222,0.6459792256355286
70,1.0,0.0005516195669770241,8.1e-06,0.8512544631958008,0.6070345640182495
71,0.9993337988853455,0.0012918972643092275,8.1e-06,0.8512544631958008,0.6273342370986938
72,1.0,0.00043617532355710864,8.1e-06,0.8494623899459839,0.6285862326622009
73,1.0,0.00018896508845500648,2.43e-06,0.8494623899459839,0.6282415986061096
74,1.0,0.0002635663258843124,2.43e-06,0.8512544631958008,0.6279500126838684
75,0.9993337988853455,0.0014654869446530938,2.43e-06,0.8476702570915222,0.6318423748016357
76,1.0,0.0005835351767018437,2.43e-06,0.8458781242370605,0.6432520151138306
77,1.0,0.00026435067411512136,2.43e-06,0.8476702570915222,0.6446542143821716
78,1.0,0.0003338033566251397,2.43e-06,0.8476702570915222,0.6424065232276917
79,1.0,0.00020106912415940315,2.43e-06,0.8476702570915222,0.642429769039154
80,1.0,0.00048635868006385863,2.43e-06,0.8476702570915222,0.646877110004425
81,1.0,0.00043518331949599087,2.43e-06,0.8476702570915222,0.6459557414054871
82,1.0,0.00027458698605187237,2.43e-06,0.8476702570915222,0.6440200209617615
83,0.9993337988853455,0.003921919502317905,1e-06,0.8476702570915222,0.6399101614952087
84,1.0,0.0005752973374910653,1e-06,0.8476702570915222,0.6404302716255188
85,1.0,0.0001482865191064775,1e-06,0.8476702570915222,0.6410585641860962
86,1.0,0.0003020281146746129,1e-06,0.8476702570915222,0.6450207829475403
87,1.0,0.0008037140942178667,1e-06,0.8476702570915222,0.6447714567184448
88,1.0,0.00020845630206167698,1e-06,0.8476702570915222,0.6435782313346863
89,1.0,0.0004766517085954547,1e-06,0.8476702570915222,0.6450645923614502
90,1.0,0.0003506294160615653,1e-06,0.8476702570915222,0.6439485549926758
91,1.0,0.0002467644808348268,1e-06,0.8476702570915222,0.6416718363761902
92,1.0,0.00037701483233831823,1e-06,0.8476702570915222,0.6440050601959229
93,1.0,0.000655184150673449,1e-06,0.8476702570915222,0.6421784162521362
94,1.0,0.0002745532838162035,1e-06,0.8476702570915222,0.6406205296516418
95,1.0,0.00021473996457643807,1e-06,0.8476702570915222,0.6423348188400269
96,1.0,0.00018324058328289539,1e-06,0.8476702570915222,0.6405705213546753
97,1.0,0.00036828519660048187,1e-06,0.8476702570915222,0.6461016535758972
98,1.0,0.000270683056442067,1e-06,0.8476702570915222,0.6447121500968933
99,1.0,0.0010137326316908002,1e-06,0.8476702570915222,0.6438607573509216
100,1.0,0.0004725481558125466,1e-06,0.8476702570915222,0.6424410343170166
101,1.0,0.0005131381331011653,1e-06,0.8476702570915222,0.6417931914329529
102,1.0,0.0001666367897996679,1e-06,0.8476702570915222,0.6443154215812683
103,1.0,0.000296671234536916,1e-06,0.8476702570915222,0.6421856880187988
104,0.9993337988853455,0.0018628760008141398,1e-06,0.8476702570915222,0.6461068987846375
105,1.0,0.00015125429490581155,1e-06,0.8476702570915222,0.6467876434326172
106,1.0,0.0002126639155903831,1e-06,0.8476702570915222,0.6417073607444763
107,1.0,0.0005071007763035595,1e-06,0.8476702570915222,0.6396118998527527
108,1.0,0.0006398482946678996,1e-06,0.8476702570915222,0.6410638689994812
109,1.0,0.0004724535101559013,1e-06,0.8494623899459839,0.636000394821167
110,1.0,0.0005910270265303552,1e-06,0.8476702570915222,0.637153148651123
111,1.0,0.00021624397777486593,1e-06,0.8476702570915222,0.6409528851509094
112,1.0,0.0004235926317051053,1e-06,0.8476702570915222,0.6413896083831787
113,1.0,0.00039910461055114865,1e-06,0.8476702570915222,0.6430220603942871
114,1.0,0.0005076514789834619,1e-06,0.8476702570915222,0.6429797410964966
115,1.0,0.0002587544440757483,1e-06,0.8476702570915222,0.6413812041282654
116,1.0,0.00024151807883754373,1e-06,0.8476702570915222,0.6396828889846802
117,0.9993337988853455,0.004294367972761393,1e-06,0.8512544631958008,0.6332874894142151
118,1.0,0.00032950181048363447,1e-06,0.8494623899459839,0.6346508264541626
119,1.0,0.0001072911691153422,1e-06,0.8494623899459839,0.6360718011856079
120,1.0,0.00024157030566129833,1e-06,0.8476702570915222,0.6392423510551453
121,1.0,0.0003617604961618781,1e-06,0.8494623899459839,0.6352836489677429
122,1.0,0.00022849523520562798,1e-06,0.8494623899459839,0.6340101957321167
