epoch,accuracy,loss,lr,val_accuracy,val_loss
0,0.923384428024292,0.18175019323825836,0.001,0.5053763389587402,1.5179458856582642
1,0.9686875343322754,0.0747050866484642,0.001,0.5053763389587402,4.283207893371582
2,0.9726848602294922,0.06923042982816696,0.001,0.5053763389587402,7.12481689453125
3,0.9800133109092712,0.06111704185605049,0.001,0.5053763389587402,6.2411909103393555
4,0.9700199961662292,0.056512199342250824,0.001,0.5053763389587402,7.402483940124512
5,0.9773484468460083,0.06294804811477661,0.001,0.5053763389587402,8.357064247131348
6,0.9866755604743958,0.0387503057718277,0.001,0.5053763389587402,6.030407428741455
7,0.982678234577179,0.05028335750102997,0.001,0.6290322542190552,2.176434278488159
8,0.9860092997550964,0.03084692545235157,0.001,0.5143369436264038,3.1208319664001465
9,0.9920053482055664,0.01960897631943226,0.001,0.5053763389587402,5.451881408691406
10,0.9920053482055664,0.01812274008989334,0.001,0.5053763389587402,6.9132890701293945
11,0.9920053482055664,0.028782427310943604,0.0003,0.657706081867218,1.765769362449646
12,0.992671549320221,0.0147117730230093,0.0003,0.5663082599639893,2.1669394969940186
13,0.9980013370513916,0.00894530676305294,0.0003,0.7096773982048035,0.8994280099868774
14,0.9980013370513916,0.007967561483383179,0.0003,0.7956989407539368,0.6471036672592163
15,0.9933377504348755,0.019499151036143303,0.0003,0.8853046298027039,0.32864686846733093
16,0.9973351359367371,0.009902829304337502,0.0003,0.7724014520645142,0.7649205923080444
17,0.9973351359367371,0.01241972390562296,0.0003,0.5448028445243835,3.6081178188323975
18,0.9993337988853455,0.0040029967203736305,0.0003,0.6344085931777954,1.4583932161331177
19,0.9946702122688293,0.016078151762485504,0.0003,0.8333333134651184,0.6701306104660034
20,0.9986675381660461,0.0061411443166434765,0.0003,0.9068100452423096,0.29236429929733276
21,0.9986675381660461,0.005023422185331583,0.0003,0.9121863842010498,0.3282422721385956
22,0.9993337988853455,0.0034606768749654293,0.0003,0.6146953701972961,2.231980800628662
23,0.9993337988853455,0.004813164006918669,0.0003,0.8655914068222046,0.5729917287826538
24,0.9980013370513916,0.0037643397226929665,0.0003,0.8440860509872437,1.7193478345870972
25,0.9986675381660461,0.005542154889553785,0.0003,0.5483871102333069,4.142913341522217
26,0.9980013370513916,0.013680689036846161,0.0003,0.7956989407539368,1.1850156784057617
27,0.9960026741027832,0.013122362084686756,0.0003,0.8261649012565613,1.4386686086654663
28,0.9993337988853455,0.00306283519603312,0.0003,0.8082437515258789,0.7558392882347107
29,0.9993337988853455,0.00252327648922801,0.0003,0.8620071411132812,0.44071584939956665
30,1.0,0.0020543711725622416,0.0003,0.9121863842010498,0.2811843454837799
31,0.9986675381660461,0.0026477393694221973,0.0003,0.9068100452423096,0.39794015884399414
32,1.0,0.0008151892689056695,0.0003,0.9014337062835693,0.43824800848960876
33,1.0,0.0005771986907348037,0.0003,0.8942652344703674,0.4647690951824188
34,1.0,0.0009125475189648569,0.0003,0.883512556552887,0.597262442111969
35,0.9993337988853455,0.002414649585261941,0.0003,0.7204301357269287,1.7316088676452637
36,0.9986675381660461,0.0026116096414625645,0.0003,0.7921146750450134,0.6554619669914246
37,1.0,0.0007061115466058254,0.0003,0.9086021780967712,0.516033411026001
38,0.9973351359367371,0.005754261277616024,0.0003,0.8494623899459839,1.263744592666626
39,0.9986675381660461,0.005190360825508833,0.0003,0.5161290168762207,8.588728904724121
40,0.9966688752174377,0.009662465192377567,0.0003,0.8655914068222046,0.6595718264579773
41,1.0,0.001929827849380672,9e-05,0.8924731016159058,0.42319342494010925
42,1.0,0.0007715754327364266,9e-05,0.8870967626571655,0.4442436099052429
43,1.0,0.0007793413242325187,9e-05,0.8870967626571655,0.43925613164901733
44,1.0,0.0011904696002602577,9e-05,0.9103942513465881,0.48973187804222107
45,1.0,0.0008917484665289521,9e-05,0.8942652344703674,0.4609370529651642
46,0.9993337988853455,0.002209617290645838,9e-05,0.8817204236984253,0.4476466476917267
47,1.0,0.0008849208825267851,9e-05,0.8924731016159058,0.45229512453079224
48,1.0,0.0010105770779773593,9e-05,0.8906810283660889,0.44439953565597534
49,1.0,0.0005296962917782366,9e-05,0.8942652344703674,0.44474703073501587
50,0.9993337988853455,0.0014638020657002926,9e-05,0.897849440574646,0.5050525665283203
51,0.9993337988853455,0.002650387352332473,2.7e-05,0.8853046298027039,0.5247852206230164
52,1.0,0.0004179473326075822,2.7e-05,0.8817204236984253,0.5503230094909668
53,1.0,0.00044932879973202944,2.7e-05,0.8763440847396851,0.5603700876235962
54,1.0,0.00036394671769812703,2.7e-05,0.8763440847396851,0.5673899054527283
55,1.0,0.0006354952929541469,2.7e-05,0.8763440847396851,0.5281093120574951
56,1.0,0.0007320979493670166,2.7e-05,0.8799282908439636,0.5232393145561218
57,1.0,0.000925448548514396,2.7e-05,0.8781362175941467,0.5471011996269226
58,1.0,0.0004387900698930025,2.7e-05,0.8763440847396851,0.5447828769683838
59,1.0,0.0005374940228648484,2.7e-05,0.8781362175941467,0.5484433770179749
60,1.0,0.00047334536793641746,2.7e-05,0.8763440847396851,0.5484232306480408
61,1.0,0.00032513809856027365,8.1e-06,0.8763440847396851,0.5499333143234253
62,1.0,0.0004731252265628427,8.1e-06,0.8799282908439636,0.548582911491394
63,1.0,0.0005453358171507716,8.1e-06,0.8763440847396851,0.5407320857048035
64,1.0,0.0002437995426589623,8.1e-06,0.8781362175941467,0.5458208918571472
65,1.0,0.000594120065215975,8.1e-06,0.8781362175941467,0.5510638356208801
66,0.9993337988853455,0.001056550070643425,8.1e-06,0.8781362175941467,0.5486414432525635
67,1.0,0.0010770643129944801,8.1e-06,0.8781362175941467,0.5283827781677246
68,1.0,0.00047723628813400865,8.1e-06,0.8781362175941467,0.5390958786010742
69,1.0,0.0007996741915121675,8.1e-06,0.883512556552887,0.5471141338348389
70,1.0,0.0004146764113102108,8.1e-06,0.883512556552887,0.5519272089004517
71,1.0,0.0006503155454993248,2.43e-06,0.8799282908439636,0.5530511736869812
72,1.0,0.00022716712555848062,2.43e-06,0.8799282908439636,0.5553368330001831
73,1.0,0.0005246918881312013,2.43e-06,0.8799282908439636,0.5582135915756226
74,0.9993337988853455,0.0008013106416910887,2.43e-06,0.8799282908439636,0.5583123564720154
75,1.0,0.00028761467547155917,2.43e-06,0.8799282908439636,0.5586718916893005
76,1.0,0.00027742513339035213,2.43e-06,0.8781362175941467,0.5578543543815613
77,1.0,0.00038324034539982677,2.43e-06,0.8799282908439636,0.5568281412124634
78,0.9993337988853455,0.0016166332643479109,2.43e-06,0.8817204236984253,0.5463653802871704
79,1.0,0.0004302107554394752,2.43e-06,0.883512556552887,0.5451630353927612
80,1.0,0.00048078023246489465,2.43e-06,0.883512556552887,0.5463966131210327
81,1.0,0.0006563758361153305,1e-06,0.883512556552887,0.5497381687164307
82,1.0,0.0005386076518334448,1e-06,0.8853046298027039,0.5500980615615845
83,1.0,0.0003343391581438482,1e-06,0.883512556552887,0.5516235828399658
84,1.0,0.00044613724458031356,1e-06,0.883512556552887,0.5512908697128296
85,1.0,0.0007822182960808277,1e-06,0.883512556552887,0.5522325038909912
86,0.9993337988853455,0.002100880490615964,1e-06,0.883512556552887,0.5467459559440613
87,1.0,0.00036658570752479136,1e-06,0.883512556552887,0.5466181039810181
88,1.0,0.0005494708311744034,1e-06,0.883512556552887,0.5487871766090393
89,1.0,0.0005812290473841131,1e-06,0.883512556552887,0.5530186295509338
90,1.0,0.0007116866763681173,1e-06,0.883512556552887,0.5518160462379456
91,1.0,0.0005496740923263133,1e-06,0.883512556552887,0.5538218021392822
92,1.0,0.0002011172764468938,1e-06,0.883512556552887,0.5530110597610474
93,1.0,0.0006268945871852338,1e-06,0.883512556552887,0.5527603030204773
94,1.0,0.000457444170024246,1e-06,0.883512556552887,0.5525174736976624
95,1.0,0.0003697476931847632,1e-06,0.8817204236984253,0.5533961057662964
96,1.0,0.00031399933504872024,1e-06,0.883512556552887,0.5514594912528992
97,1.0,0.0005889403400942683,1e-06,0.883512556552887,0.5519024729728699
98,1.0,0.0002682666527107358,1e-06,0.883512556552887,0.5521976351737976
99,1.0,0.000349544920027256,1e-06,0.883512556552887,0.5519806146621704
100,1.0,0.0005805284599773586,1e-06,0.883512556552887,0.5524684190750122
101,1.0,0.00032473032479174435,1e-06,0.883512556552887,0.554625928401947
102,1.0,0.0003042448661290109,1e-06,0.883512556552887,0.5524898767471313
103,1.0,0.000335374177666381,1e-06,0.883512556552887,0.5529071688652039
104,0.9993337988853455,0.0013367444043979049,1e-06,0.883512556552887,0.5564465522766113
105,1.0,0.0006911926902830601,1e-06,0.883512556552887,0.5538432598114014
106,1.0,0.0004600323154591024,1e-06,0.883512556552887,0.5518907904624939
107,1.0,0.00044868735130876303,1e-06,0.883512556552887,0.5506431460380554
108,0.9993337988853455,0.000974463124293834,1e-06,0.883512556552887,0.5537601709365845
109,1.0,0.0004488617414608598,1e-06,0.883512556552887,0.5534669160842896
110,1.0,0.0003719317901413888,1e-06,0.883512556552887,0.5528578162193298
111,1.0,0.0002761800424195826,1e-06,0.883512556552887,0.5528739094734192
112,1.0,0.0003232487943023443,1e-06,0.883512556552887,0.5527149438858032
113,1.0,0.0002322063664905727,1e-06,0.883512556552887,0.5541283488273621
114,1.0,0.00029043815447948873,1e-06,0.883512556552887,0.553604006767273
115,1.0,0.00042785590630955994,1e-06,0.883512556552887,0.5524367094039917
116,1.0,0.0003494267293717712,1e-06,0.883512556552887,0.5498786568641663
117,1.0,0.00021339232625905424,1e-06,0.883512556552887,0.5507590770721436
118,1.0,0.0005349251441657543,1e-06,0.883512556552887,0.5518923997879028
119,1.0,0.0004169997409917414,1e-06,0.883512556552887,0.5525339841842651
120,1.0,0.00036038452526554465,1e-06,0.883512556552887,0.5509178042411804
121,1.0,0.00020976121595595032,1e-06,0.883512556552887,0.5506581664085388
122,1.0,0.00043976568849757314,1e-06,0.8853046298027039,0.55085688829422
123,1.0,0.00026511718169786036,1e-06,0.883512556552887,0.5511584281921387
124,1.0,0.00039403868140652776,1e-06,0.883512556552887,0.5517935752868652
125,1.0,0.00019720158888958395,1e-06,0.883512556552887,0.551233172416687
126,1.0,0.0003099510504398495,1e-06,0.883512556552887,0.5502908825874329
127,1.0,0.0003126076771877706,1e-06,0.883512556552887,0.5517690181732178
128,1.0,0.0004929093411192298,1e-06,0.883512556552887,0.5508542060852051
129,1.0,0.0005248283850960433,1e-06,0.8853046298027039,0.5470394492149353
130,1.0,0.00017865734116639942,1e-06,0.883512556552887,0.5457170009613037
