epoch,accuracy,loss,lr,val_accuracy,val_loss
0,0.9360426664352417,0.17266662418842316,0.001,0.5053763389587402,1.851198673248291
1,0.9620253443717957,0.10691235959529877,0.001,0.5053763389587402,4.593379974365234
2,0.976682186126709,0.06432284414768219,0.001,0.5053763389587402,5.898726940155029
3,0.9846768975257874,0.04200899973511696,0.001,0.5053763389587402,6.683122158050537
4,0.9713524580001831,0.07936550676822662,0.001,0.5053763389587402,4.503479480743408
5,0.9846768975257874,0.040160488337278366,0.001,0.5053763389587402,7.744410037994385
6,0.9886742234230042,0.03195921704173088,0.001,0.5681003332138062,2.9991328716278076
7,0.990006685256958,0.023393364623188972,0.001,0.5053763389587402,4.802313327789307
8,0.9893404245376587,0.027682729065418243,0.001,0.6344085931777954,4.004550933837891
9,0.9833444356918335,0.05476890131831169,0.001,0.5053763389587402,6.7908735275268555
10,0.9913390874862671,0.026232654228806496,0.001,0.7311828136444092,0.8937329053878784
11,0.9953364133834839,0.01467093639075756,0.001,0.6827957034111023,1.257883071899414
12,0.992671549320221,0.020289970561861992,0.001,0.7885304689407349,1.9568074941635132
13,0.9940040111541748,0.017412491142749786,0.001,0.8494623899459839,0.3300785422325134
14,0.9933377504348755,0.02172953262925148,0.001,0.7670251131057739,0.8320896029472351
15,0.9933377504348755,0.013175027444958687,0.001,0.7956989407539368,0.5990025997161865
16,0.9960026741027832,0.01067592203617096,0.001,0.8405017852783203,0.36410871148109436
17,0.9980013370513916,0.00696585001423955,0.001,0.7562723755836487,0.9070844650268555
18,0.9873417615890503,0.03207224979996681,0.001,0.8512544631958008,0.9421802163124084
19,0.9960026741027832,0.016726013273000717,0.001,0.6057347655296326,2.7583205699920654
20,0.9966688752174377,0.008481386117637157,0.001,0.7831541299819946,0.7302502989768982
21,0.9980013370513916,0.006918996572494507,0.001,0.8637992739677429,0.5657629370689392
22,0.9980013370513916,0.007169425953179598,0.001,0.8100358247756958,0.6693949699401855
23,0.9946702122688293,0.011869867332279682,0.001,0.49462366104125977,22.413169860839844
24,0.9973351359367371,0.0059118689969182014,0.0003,0.6344085931777954,2.937953233718872
25,0.9993337988853455,0.00284584891051054,0.0003,0.6827957034111023,1.579467535018921
26,0.9993337988853455,0.002110258210450411,0.0003,0.8512544631958008,0.4799538850784302
27,0.9986675381660461,0.004128259140998125,0.0003,0.7992831468582153,0.6987693309783936
28,1.0,0.0021312672179192305,0.0003,0.8655914068222046,0.4160841107368469
29,1.0,0.0008863069815561175,0.0003,0.8745519518852234,0.3639968931674957
30,1.0,0.0018857365939766169,0.0003,0.9068100452423096,0.28093570470809937
31,1.0,0.001177431084215641,0.0003,0.9086021780967712,0.2601437568664551
32,1.0,0.0006342328852042556,0.0003,0.8530465960502625,0.351473867893219
33,1.0,0.0004671647329814732,0.0003,0.8799282908439636,0.30553877353668213
34,1.0,0.0006686189444735646,0.0003,0.8960573673248291,0.30065134167671204
35,0.9993337988853455,0.0022715514060109854,0.0003,0.8458781242370605,0.5352276563644409
36,0.9986675381660461,0.0024677864275872707,0.0003,0.8476702570915222,0.43435215950012207
37,1.0,0.0008897760999388993,0.0003,0.8620071411132812,0.5452474355697632
38,0.9993337988853455,0.002488055033609271,0.0003,0.8888888955116272,0.5862334966659546
39,1.0,0.0008715699077583849,0.0003,0.856630802154541,0.5053386688232422
40,1.0,0.0005408508004620671,0.0003,0.856630802154541,0.46170639991760254
41,0.9986675381660461,0.005446026101708412,0.0003,0.8763440847396851,0.4791775941848755
42,0.9973351359367371,0.0035300368908792734,9e-05,0.9139785170555115,0.2562892436981201
43,1.0,0.0005801503430120647,9e-05,0.8924731016159058,0.29902637004852295
44,0.9993337988853455,0.001274473499506712,9e-05,0.8817204236984253,0.376668244600296
45,1.0,0.00021137698786333203,9e-05,0.8781362175941467,0.42685413360595703
46,1.0,0.00043468759395182133,9e-05,0.8548387289047241,0.5000262260437012
47,1.0,0.000771988183259964,9e-05,0.8333333134651184,0.6848708391189575
48,1.0,0.00012365999282337725,9e-05,0.8369175791740417,0.6535682678222656
49,1.0,0.00014636514242738485,9e-05,0.8440860509872437,0.6068306565284729
50,1.0,0.00020011900051031262,9e-05,0.8440860509872437,0.6128727793693542
51,1.0,0.0001541765668662265,9e-05,0.8458781242370605,0.5922391414642334
52,1.0,0.00031062893685884774,9e-05,0.8494623899459839,0.6013054847717285
53,0.9993337988853455,0.0012935638660565019,2.7e-05,0.8476702570915222,0.6236258745193481
54,0.9993337988853455,0.002625716384500265,2.7e-05,0.8494623899459839,0.5700975060462952
55,1.0,0.0002835865307133645,2.7e-05,0.8494623899459839,0.5472983717918396
56,0.9993337988853455,0.0006649495917372406,2.7e-05,0.8458781242370605,0.5879388451576233
57,1.0,0.0008513846551068127,2.7e-05,0.842293918132782,0.5784441232681274
58,1.0,0.00022233719937503338,2.7e-05,0.8440860509872437,0.5842782258987427
59,1.0,0.00033176629221998155,2.7e-05,0.8458781242370605,0.6021372675895691
60,1.0,0.00018088440992869437,2.7e-05,0.8476702570915222,0.6031983494758606
61,1.0,0.0005445933202281594,2.7e-05,0.8476702570915222,0.6201831102371216
62,1.0,9.428521298104897e-05,2.7e-05,0.8476702570915222,0.6312659978866577
63,1.0,0.0004875023732893169,8.1e-06,0.8512544631958008,0.6160712838172913
64,1.0,0.0002671933325473219,8.1e-06,0.8512544631958008,0.6103252172470093
65,1.0,0.00017523282440379262,8.1e-06,0.8512544631958008,0.6101963520050049
66,1.0,0.00019176270870957524,8.1e-06,0.8512544631958008,0.6098529100418091
67,1.0,0.00039443347486667335,8.1e-06,0.8476702570915222,0.6080171465873718
68,1.0,0.0002678376331459731,8.1e-06,0.8476702570915222,0.6095143556594849
69,1.0,0.00032862715306691825,8.1e-06,0.8512544631958008,0.6160702705383301
70,0.9993337988853455,0.003934564534574747,8.1e-06,0.8512544631958008,0.6151712536811829
71,1.0,0.000330732436850667,8.1e-06,0.8530465960502625,0.6061292886734009
72,1.0,0.00016123995010275394,8.1e-06,0.8512544631958008,0.6098915338516235
73,0.9993337988853455,0.0029433416202664375,2.43e-06,0.8512544631958008,0.6174563765525818
74,1.0,0.0003675860061775893,2.43e-06,0.8512544631958008,0.6167094707489014
75,1.0,0.00023334610159508884,2.43e-06,0.8512544631958008,0.6169348955154419
76,1.0,0.00018465046014171094,2.43e-06,0.8512544631958008,0.614255428314209
77,1.0,0.0003606467507779598,2.43e-06,0.8512544631958008,0.6140236258506775
78,1.0,0.00017323644715361297,2.43e-06,0.8512544631958008,0.6169459819793701
79,1.0,0.00018333387561142445,2.43e-06,0.8512544631958008,0.6161266565322876
80,1.0,0.00037789216730743647,2.43e-06,0.8512544631958008,0.613086462020874
81,0.9993337988853455,0.0006841661524958909,2.43e-06,0.8512544631958008,0.6171802282333374
82,1.0,0.0005546470056287944,2.43e-06,0.8512544631958008,0.6093500256538391
83,1.0,0.00042933179065585136,1e-06,0.8512544631958008,0.6101682186126709
84,1.0,9.979111200664192e-05,1e-06,0.8512544631958008,0.6106950044631958
85,1.0,0.00043274532072246075,1e-06,0.8512544631958008,0.6160019040107727
86,1.0,0.00046769314212724566,1e-06,0.8512544631958008,0.6139512062072754
87,1.0,0.00017098637181334198,1e-06,0.8512544631958008,0.6136651039123535
88,1.0,0.00036280369386076927,1e-06,0.8512544631958008,0.6146207451820374
89,1.0,0.00010313231905456632,1e-06,0.8512544631958008,0.6106266975402832
90,0.9993337988853455,0.0014872681349515915,1e-06,0.8512544631958008,0.6181356906890869
91,0.9993337988853455,0.0026281485334038734,1e-06,0.8494623899459839,0.6203852295875549
92,1.0,0.0001806418877094984,1e-06,0.8494623899459839,0.6194213628768921
93,1.0,0.0003541632613632828,1e-06,0.8512544631958008,0.6132969856262207
94,1.0,0.0001343361072940752,1e-06,0.8512544631958008,0.614920973777771
95,0.9993337988853455,0.0025882008485496044,1e-06,0.8512544631958008,0.6137461066246033
96,1.0,0.0001771526731317863,1e-06,0.8512544631958008,0.6159323453903198
97,0.9993337988853455,0.0009811107302084565,1e-06,0.8512544631958008,0.6119493842124939
98,1.0,0.00024245752138085663,1e-06,0.8512544631958008,0.6119540929794312
99,0.9993337988853455,0.002696647774428129,1e-06,0.8512544631958008,0.6140031814575195
100,1.0,0.0002731322019826621,1e-06,0.8512544631958008,0.6117004752159119
101,0.9993337988853455,0.0006180559867061675,1e-06,0.8512544631958008,0.6083232164382935
102,1.0,0.000160843541380018,1e-06,0.8512544631958008,0.6118446588516235
103,1.0,0.0004464834346435964,1e-06,0.8512544631958008,0.6103828549385071
104,1.0,0.0005055063520558178,1e-06,0.8512544631958008,0.6101321578025818
105,1.0,0.0005287058302201331,1e-06,0.8512544631958008,0.6107155084609985
106,1.0,0.0001557061477797106,1e-06,0.8512544631958008,0.6116235852241516
107,1.0,0.00035013939486816525,1e-06,0.8512544631958008,0.6112647652626038
108,1.0,0.00012806153972633183,1e-06,0.8512544631958008,0.6149044036865234
109,1.0,0.0010924553498625755,1e-06,0.8512544631958008,0.6188637018203735
110,1.0,0.00021052241208963096,1e-06,0.8512544631958008,0.6145748496055603
111,1.0,0.00015152173000387847,1e-06,0.8512544631958008,0.6132087111473083
112,1.0,0.0001326196506852284,1e-06,0.8512544631958008,0.6134964227676392
113,1.0,0.00026870370493270457,1e-06,0.8512544631958008,0.6134383678436279
114,1.0,0.0002457724476698786,1e-06,0.8512544631958008,0.6149352788925171
115,1.0,0.0002871310862246901,1e-06,0.8512544631958008,0.6126289367675781
116,1.0,0.000366618565749377,1e-06,0.8512544631958008,0.6130412220954895
117,1.0,0.0001913573796628043,1e-06,0.8512544631958008,0.6126766800880432
118,1.0,0.00020309569663368165,1e-06,0.8512544631958008,0.61351478099823
119,1.0,0.00014757529424969107,1e-06,0.8512544631958008,0.6173297166824341
120,1.0,0.00020548408792819828,1e-06,0.8512544631958008,0.6161059141159058
121,1.0,0.00031617755303159356,1e-06,0.8512544631958008,0.6166869401931763
122,1.0,8.608894131612033e-05,1e-06,0.8512544631958008,0.6162568926811218
123,1.0,0.0004286777984816581,1e-06,0.8512544631958008,0.6139377355575562
124,0.9993337988853455,0.001376003841869533,1e-06,0.8512544631958008,0.6123540997505188
125,1.0,0.0003600431955419481,1e-06,0.8512544631958008,0.6105896830558777
126,1.0,0.0002447255828883499,1e-06,0.8512544631958008,0.6099716424942017
127,0.9993337988853455,0.0008360035717487335,1e-06,0.8512544631958008,0.6011595129966736
128,1.0,0.0002997712872456759,1e-06,0.8512544631958008,0.6045230627059937
129,1.0,0.0002504272561054677,1e-06,0.8512544631958008,0.6064485311508179
130,1.0,0.0001771106180967763,1e-06,0.8512544631958008,0.6072894334793091
131,1.0,0.00019455076835583895,1e-06,0.8512544631958008,0.608097493648529
132,1.0,0.00014937625383026898,1e-06,0.8512544631958008,0.6102095246315002
133,1.0,0.0001128056610468775,1e-06,0.8512544631958008,0.6109711527824402
134,1.0,0.00017759624461177737,1e-06,0.8512544631958008,0.6074932217597961
135,0.9993337988853455,0.0014895859640091658,1e-06,0.8512544631958008,0.6041351556777954
136,1.0,0.00025213585468009114,1e-06,0.8512544631958008,0.6078740954399109
137,1.0,0.00021879888663534075,1e-06,0.8512544631958008,0.6055853366851807
138,1.0,0.00044914119644090533,1e-06,0.8512544631958008,0.6043312549591064
139,0.9993337988853455,0.0007759960717521608,1e-06,0.8512544631958008,0.6025197505950928
140,1.0,0.0002024098503170535,1e-06,0.8512544631958008,0.6033273339271545
141,1.0,0.0003420935245230794,1e-06,0.8512544631958008,0.6020900011062622
142,1.0,0.00033691118005663157,1e-06,0.8512544631958008,0.5976575016975403
