epoch,accuracy,loss,lr,val_accuracy,val_loss
0,0.9400399923324585,0.14219626784324646,0.001,0.37634408473968506,1.2187683582305908
1,0.982678234577179,0.047399114817380905,0.001,0.4677419364452362,2.1306064128875732
2,0.9720186591148376,0.07451693713665009,0.001,0.6182795763015747,4.202211856842041
3,0.974017322063446,0.06937378644943237,0.001,0.5053763389587402,12.151989936828613
4,0.982678234577179,0.07090926170349121,0.001,0.5053763389587402,12.353985786437988
5,0.990006685256958,0.025845801457762718,0.001,0.6290322542190552,5.195814609527588
6,0.9880080223083496,0.033746350556612015,0.001,0.6290322542190552,5.905346393585205
7,0.9886742234230042,0.03634714335203171,0.001,0.6774193644523621,1.206633448600769
8,0.9873417615890503,0.03897363319993019,0.001,0.5448028445243835,8.784688949584961
9,0.9793471097946167,0.07665260136127472,0.001,0.6971325874328613,1.1383646726608276
10,0.9920053482055664,0.022331472486257553,0.001,0.6487455368041992,2.515299081802368
11,0.9906728863716125,0.02696388214826584,0.001,0.6272401213645935,3.701448917388916
12,0.9980013370513916,0.007711288519203663,0.001,0.8530465960502625,0.4094531238079071
13,0.9993337988853455,0.004181046970188618,0.001,0.9050179123878479,0.2037140130996704
14,0.9933377504348755,0.016921842470765114,0.001,0.6379928588867188,5.653121471405029
15,0.9953364133834839,0.01395499613136053,0.001,0.8100358247756958,1.5601682662963867
16,0.9980013370513916,0.0075972420163452625,0.001,0.759856641292572,0.9564748406410217
17,0.9920053482055664,0.028169071301817894,0.001,0.6881720423698425,0.8898078799247742
18,0.9933377504348755,0.018503542989492416,0.001,0.8799282908439636,0.37653639912605286
19,0.9993337988853455,0.0024976320564746857,0.001,0.7562723755836487,1.073264479637146
20,0.9973351359367371,0.00731653580442071,0.001,0.8655914068222046,0.5990565419197083
21,0.9886742234230042,0.05683068558573723,0.001,0.8853046298027039,0.2651653587818146
22,0.9940040111541748,0.016839569434523582,0.001,0.8369175791740417,0.4588617980480194
23,0.9986675381660461,0.002940815407782793,0.001,0.9354838728904724,0.24945126473903656
24,0.9980013370513916,0.005026572849601507,0.0003,0.9032257795333862,0.2911418378353119
25,0.9993337988853455,0.0020351549610495567,0.0003,0.9086021780967712,0.24951453506946564
26,0.9980013370513916,0.0040819584392011166,0.0003,0.8118279576301575,0.7086326479911804
27,1.0,0.001131601631641388,0.0003,0.8691756129264832,0.49219298362731934
28,0.9993337988853455,0.0011527824681252241,0.0003,0.9121863842010498,0.25925037264823914
29,1.0,0.0006918473518453538,0.0003,0.8942652344703674,0.327160120010376
30,1.0,0.00036295701283961535,0.0003,0.8763440847396851,0.40904462337493896
31,1.0,0.0005571390502154827,0.0003,0.842293918132782,0.5239676237106323
32,1.0,0.0016426601214334369,0.0003,0.759856641292572,1.1898702383041382
33,1.0,0.0005247558583505452,0.0003,0.8602150678634644,0.4610094130039215
34,0.9993337988853455,0.0010629064636304975,9e-05,0.9265232682228088,0.22135324776172638
35,1.0,0.000341326289344579,9e-05,0.8799282908439636,0.36796143651008606
36,0.9993337988853455,0.0014654052210971713,9e-05,0.8799282908439636,0.3609028458595276
37,1.0,0.00026687560603022575,9e-05,0.8691756129264832,0.4190351963043213
38,0.9993337988853455,0.001751463394612074,9e-05,0.8405017852783203,0.6535996794700623
39,1.0,0.0004969685687683523,9e-05,0.815412163734436,0.6699248552322388
40,1.0,0.00022729113698005676,9e-05,0.8136200904846191,0.6572719812393188
41,1.0,0.0003487393551040441,9e-05,0.8100358247756958,0.6570931077003479
42,1.0,0.0003958918678108603,9e-05,0.8207885026931763,0.6351397633552551
43,1.0,0.0004950105212628841,9e-05,0.8351254463195801,0.5880672931671143
44,1.0,0.0002587866911198944,2.7e-05,0.8207885026931763,0.6205195188522339
45,1.0,0.00024330279848072678,2.7e-05,0.8189964294433594,0.6358851790428162
46,1.0,0.00031643526745028794,2.7e-05,0.815412163734436,0.6565374732017517
47,1.0,0.0002617536811158061,2.7e-05,0.8118279576301575,0.6787810325622559
48,1.0,0.00040660719969309866,2.7e-05,0.8118279576301575,0.6744034886360168
49,1.0,0.0004525775439105928,2.7e-05,0.8207885026931763,0.6546249389648438
50,0.9993337988853455,0.003161010332405567,2.7e-05,0.8082437515258789,0.7801060080528259
51,0.9993337988853455,0.0016052399296313524,2.7e-05,0.8297491073608398,0.6745933294296265
52,1.0,0.00032349987304769456,2.7e-05,0.8333333134651184,0.6474940776824951
53,0.9993337988853455,0.002484056865796447,2.7e-05,0.8476702570915222,0.5548984408378601
54,1.0,8.94234690349549e-05,8.1e-06,0.8440860509872437,0.5662550926208496
55,1.0,9.010264329845086e-05,8.1e-06,0.842293918132782,0.5887201428413391
56,1.0,0.0002273178251925856,8.1e-06,0.8405017852783203,0.6004664301872253
57,1.0,0.000311820738716051,8.1e-06,0.842293918132782,0.6047962307929993
58,1.0,0.00019607525609899312,8.1e-06,0.8405017852783203,0.612702488899231
59,1.0,0.0003806214372161776,8.1e-06,0.8405017852783203,0.6072011590003967
60,1.0,0.00019776767294388264,8.1e-06,0.8405017852783203,0.6151702404022217
61,1.0,0.00010382023174315691,8.1e-06,0.8387096524238586,0.6198657155036926
62,1.0,0.00018569239182397723,8.1e-06,0.8369175791740417,0.626880407333374
63,1.0,0.00025107854162342846,8.1e-06,0.8369175791740417,0.6413348913192749
64,1.0,0.000731434382032603,2.43e-06,0.8369175791740417,0.6326023936271667
65,0.9993337988853455,0.0010706197936087847,2.43e-06,0.8369175791740417,0.6374473571777344
66,1.0,0.00025788682978600264,2.43e-06,0.8387096524238586,0.6376017928123474
67,1.0,0.00025019602617248893,2.43e-06,0.8369175791740417,0.6380971670150757
68,1.0,0.0004406364168971777,2.43e-06,0.8369175791740417,0.6365840435028076
69,1.0,0.00020941025286447257,2.43e-06,0.8369175791740417,0.6335328221321106
70,1.0,0.00019351960509084165,2.43e-06,0.8369175791740417,0.6351905465126038
71,0.9986675381660461,0.0016334910178557038,2.43e-06,0.8405017852783203,0.6392533779144287
72,1.0,0.00018724185065366328,2.43e-06,0.8387096524238586,0.6394866108894348
73,0.9986675381660461,0.003037401009351015,2.43e-06,0.8369175791740417,0.6401711106300354
74,1.0,0.00022344401804730296,1e-06,0.8351254463195801,0.6436721682548523
75,1.0,0.0002901392581406981,1e-06,0.8351254463195801,0.6481708884239197
76,1.0,0.00018354989879298955,1e-06,0.8351254463195801,0.6487652659416199
77,1.0,0.00023925989808049053,1e-06,0.8351254463195801,0.6482248902320862
78,1.0,0.0001190264374599792,1e-06,0.8351254463195801,0.6437639594078064
79,1.0,0.0008628882351331413,1e-06,0.8351254463195801,0.6471020579338074
80,0.9993337988853455,0.0006644403911195695,1e-06,0.8351254463195801,0.651100218296051
81,1.0,0.000286690890789032,1e-06,0.8351254463195801,0.6515293121337891
82,1.0,0.00030273088486865163,1e-06,0.8351254463195801,0.6526744961738586
83,1.0,0.00011161594011355191,1e-06,0.8333333134651184,0.6536116003990173
84,1.0,0.00011786654067691416,1e-06,0.8351254463195801,0.6501888632774353
85,1.0,0.00044786068610846996,1e-06,0.8333333134651184,0.6540417671203613
86,0.9993337988853455,0.004065860062837601,1e-06,0.8351254463195801,0.6564896106719971
87,1.0,0.00016164386761374772,1e-06,0.8351254463195801,0.6574458479881287
88,1.0,0.00018177973106503487,1e-06,0.8351254463195801,0.6534126400947571
89,1.0,0.00020069151651114225,1e-06,0.8351254463195801,0.6561675667762756
90,1.0,0.0002209660888183862,1e-06,0.8333333134651184,0.6599478125572205
91,1.0,0.0002615222183521837,1e-06,0.8351254463195801,0.6565874814987183
92,1.0,0.0003793843206949532,1e-06,0.8333333134651184,0.6547238230705261
93,1.0,0.00014715371071361005,1e-06,0.8333333134651184,0.657249927520752
94,1.0,0.00026763282949104905,1e-06,0.8351254463195801,0.6551315188407898
95,1.0,0.00044920414802618325,1e-06,0.8369175791740417,0.6496565341949463
96,0.9993337988853455,0.0029657473787665367,1e-06,0.8369175791740417,0.6462498307228088
97,0.9993337988853455,0.0026625273749232292,1e-06,0.8369175791740417,0.6460163593292236
98,1.0,0.00016751045768614858,1e-06,0.8369175791740417,0.6485092639923096
99,1.0,0.0001505003310739994,1e-06,0.8351254463195801,0.6519719958305359
100,1.0,0.0005039682146161795,1e-06,0.8351254463195801,0.6565330624580383
101,1.0,0.0004649706825148314,1e-06,0.8369175791740417,0.6493770480155945
102,1.0,0.0003429428907111287,1e-06,0.8351254463195801,0.6515416502952576
103,0.9993337988853455,0.0009120206232182682,1e-06,0.8351254463195801,0.6585763096809387
104,1.0,0.00028002861654385924,1e-06,0.8333333134651184,0.662359893321991
105,1.0,0.0005387458368204534,1e-06,0.8351254463195801,0.6520245671272278
106,0.9993337988853455,0.0013573406031355262,1e-06,0.8351254463195801,0.6585509181022644
107,1.0,0.00040047772927209735,1e-06,0.8369175791740417,0.6537028551101685
108,0.9993337988853455,0.0015872785588726401,1e-06,0.8351254463195801,0.6592178344726562
109,1.0,0.00043811454088427126,1e-06,0.8351254463195801,0.6628903150558472
110,1.0,0.00015934971452225,1e-06,0.8351254463195801,0.6665549278259277
111,1.0,0.00017226980708073825,1e-06,0.8351254463195801,0.6699267029762268
112,1.0,0.0002836615312844515,1e-06,0.8351254463195801,0.6688023209571838
113,1.0,0.00036696717143058777,1e-06,0.8333333134651184,0.6716346144676208
