epoch,accuracy,loss,lr,val_accuracy,val_loss
0,0.9353764057159424,0.15858019888401031,0.001,0.41577062010765076,1.2767491340637207
1,0.9686875343322754,0.08834503591060638,0.001,0.4784946143627167,1.5410443544387817
2,0.9773484468460083,0.06223556771874428,0.001,0.519713282585144,5.711398124694824
3,0.9893404245376587,0.03440237045288086,0.001,0.6182795763015747,4.445464611053467
4,0.9913390874862671,0.026041125878691673,0.001,0.6415770649909973,4.233426094055176
5,0.9940040111541748,0.016571806743741035,0.001,0.6397849321365356,4.108180522918701
6,0.9860092997550964,0.03909885883331299,0.001,0.5125448107719421,3.4008595943450928
7,0.9953364133834839,0.015328146517276764,0.001,0.725806474685669,2.0037481784820557
8,0.9753497838973999,0.07990112155675888,0.001,0.9336917400360107,0.2209668755531311
9,0.990006685256958,0.04540490731596947,0.001,0.5770609378814697,3.846573829650879
10,0.9800133109092712,0.04778138920664787,0.001,0.8763440847396851,0.24488723278045654
11,0.9893404245376587,0.029805541038513184,0.001,0.7849462628364563,1.8063148260116577
12,0.9973351359367371,0.011467820033431053,0.001,0.9068100452423096,0.4313291907310486
13,0.9906728863716125,0.025444652885198593,0.001,0.8691756129264832,0.8101115822792053
14,0.9980013370513916,0.008874565362930298,0.001,0.9551971554756165,0.08782200515270233
15,0.9953364133834839,0.012149215675890446,0.001,0.8763440847396851,0.7698277831077576
16,0.9960026741027832,0.011510862968862057,0.001,0.9498208165168762,0.16234472393989563
17,0.9980013370513916,0.0077537293545901775,0.001,0.9336917400360107,0.11918589472770691
18,0.9953364133834839,0.00991496816277504,0.001,0.8996415734291077,0.46776747703552246
19,0.9993337988853455,0.0032344700302928686,0.001,0.8817204236984253,0.6074063777923584
20,0.9960026741027832,0.024918168783187866,0.001,0.9068100452423096,0.4445006251335144
21,0.9920053482055664,0.026744667440652847,0.001,0.8440860509872437,0.6570438146591187
22,0.9980013370513916,0.006728381384164095,0.001,0.8924731016159058,0.6196826100349426
23,0.9966688752174377,0.013352093286812305,0.001,0.7921146750450134,0.8555083870887756
24,0.9940040111541748,0.019043730571866035,0.001,0.9856630563735962,0.05535156652331352
25,0.992671549320221,0.024582495912909508,0.001,0.6917562484741211,3.9963974952697754
26,0.9946702122688293,0.015559839084744453,0.001,0.9820788502693176,0.04741024598479271
27,1.0,0.0011510135373100638,0.001,0.8028674125671387,0.7289362549781799
28,0.9873417615890503,0.025149084627628326,0.001,0.9426523447036743,0.23937247693538666
29,0.9940040111541748,0.01229721587151289,0.001,0.9354838728904724,0.2493262141942978
30,1.0,0.0019905187655240297,0.001,0.980286717414856,0.0483170785009861
31,0.9980013370513916,0.004240803420543671,0.001,0.9050179123878479,0.44549623131752014
32,0.9993337988853455,0.0013421997427940369,0.001,0.8942652344703674,0.5956506133079529
33,1.0,0.000353961338987574,0.001,0.8853046298027039,0.48003527522087097
34,1.0,0.0006407582550309598,0.001,0.8960573673248291,0.41405197978019714
35,1.0,0.0006094019627198577,0.001,0.8781362175941467,0.6582446098327637
36,0.9993337988853455,0.0009503514156676829,0.001,0.8942652344703674,0.4972078204154968
37,1.0,0.00018703904061112553,0.0003,0.8906810283660889,0.5501027703285217
38,1.0,0.0002555481914896518,0.0003,0.8906810283660889,0.5828840136528015
39,0.9993337988853455,0.0028396418783813715,0.0003,0.897849440574646,0.6320281028747559
40,0.9993337988853455,0.001681788475252688,0.0003,0.9068100452423096,0.4626176059246063
41,1.0,0.0002490468032192439,0.0003,0.9068100452423096,0.4960640072822571
42,0.9993337988853455,0.0016278658295050263,0.0003,0.9498208165168762,0.21541188657283783
43,1.0,0.0003197102923877537,0.0003,0.9318996667861938,0.3540795147418976
44,1.0,0.00016590931045357138,0.0003,0.9121863842010498,0.4723479151725769
45,1.0,9.792703349376097e-05,0.0003,0.9050179123878479,0.5323017835617065
46,1.0,0.0010391767136752605,0.0003,0.8888888955116272,0.6514751315116882
47,1.0,0.00028890575049445033,9e-05,0.9068100452423096,0.5347289443016052
48,1.0,0.00019424714264459908,9e-05,0.9103942513465881,0.5246740579605103
49,1.0,0.0001879065966932103,9e-05,0.9068100452423096,0.5182598233222961
50,1.0,0.0005123079172335565,9e-05,0.9050179123878479,0.5288252234458923
51,1.0,7.108883437467739e-05,9e-05,0.9032257795333862,0.5210647583007812
52,1.0,0.00014468259178102016,9e-05,0.9068100452423096,0.5108782649040222
53,0.9993337988853455,0.0013680903939530253,9e-05,0.9068100452423096,0.45833367109298706
54,0.9993337988853455,0.002511225175112486,9e-05,0.9103942513465881,0.4357941746711731
55,1.0,0.00031908650998957455,9e-05,0.9032257795333862,0.49424174427986145
56,1.0,0.00016833937843330204,9e-05,0.9050179123878479,0.5083776712417603
57,1.0,0.00032414565794169903,2.7e-05,0.9032257795333862,0.5132803916931152
58,0.9993337988853455,0.0033470855560153723,2.7e-05,0.9014337062835693,0.5166430473327637
59,0.9993337988853455,0.0005953712970949709,2.7e-05,0.8996415734291077,0.5197014212608337
60,1.0,0.00044803079799748957,2.7e-05,0.8996415734291077,0.5091861486434937
61,1.0,0.00013102107914164662,2.7e-05,0.8996415734291077,0.5097843408584595
62,1.0,0.00045612233225256205,2.7e-05,0.9014337062835693,0.511737585067749
63,1.0,6.210472201928496e-05,2.7e-05,0.8996415734291077,0.5142652988433838
64,1.0,0.00011333377187838778,2.7e-05,0.9032257795333862,0.5066677331924438
65,1.0,6.309059972409159e-05,2.7e-05,0.9032257795333862,0.505481481552124
66,1.0,8.297228487208486e-05,2.7e-05,0.9014337062835693,0.5089837312698364
67,1.0,0.0001850426197052002,8.1e-06,0.9032257795333862,0.503998875617981
68,1.0,0.00029687306960113347,8.1e-06,0.9032257795333862,0.5119464993476868
69,1.0,4.8644815251464024e-05,8.1e-06,0.9032257795333862,0.5130788087844849
70,1.0,6.79530858178623e-05,8.1e-06,0.9032257795333862,0.5119099617004395
71,0.9993337988853455,0.000977303832769394,8.1e-06,0.9032257795333862,0.5159564018249512
72,0.9993337988853455,0.001224760664626956,8.1e-06,0.9032257795333862,0.5359699726104736
73,1.0,0.0007532058516517282,8.1e-06,0.9050179123878479,0.5198819637298584
74,1.0,9.051756205735728e-05,8.1e-06,0.9050179123878479,0.5173487067222595
75,1.0,0.0003589743282645941,8.1e-06,0.9050179123878479,0.5162976384162903
76,1.0,0.0005663029151037335,8.1e-06,0.9014337062835693,0.5169040560722351
77,1.0,0.00010371644020779058,2.43e-06,0.9050179123878479,0.5162235498428345
78,1.0,0.00010925150127150118,2.43e-06,0.9032257795333862,0.5156112909317017
79,1.0,9.145897638518363e-05,2.43e-06,0.9050179123878479,0.516349732875824
80,1.0,0.0002851624449249357,2.43e-06,0.9050179123878479,0.5208204984664917
81,1.0,7.044788071652874e-05,2.43e-06,0.9050179123878479,0.5207441449165344
82,0.9993337988853455,0.0007900919299572706,2.43e-06,0.9032257795333862,0.5140516757965088
83,1.0,7.396900036837906e-05,2.43e-06,0.9032257795333862,0.5140938758850098
84,1.0,0.00028241114341653883,2.43e-06,0.9032257795333862,0.5148869156837463
85,1.0,6.749013118678704e-05,2.43e-06,0.9032257795333862,0.5169920921325684
86,1.0,7.88948018453084e-05,2.43e-06,0.9032257795333862,0.5155490636825562
87,1.0,5.243240957497619e-05,1e-06,0.9032257795333862,0.5146756172180176
88,1.0,0.00016262750432360917,1e-06,0.9032257795333862,0.5121028423309326
89,1.0,9.489944932283834e-05,1e-06,0.9032257795333862,0.5125588774681091
90,1.0,0.00031064936774782836,1e-06,0.9032257795333862,0.5131763219833374
91,1.0,5.072447675047442e-05,1e-06,0.9032257795333862,0.517632007598877
92,1.0,0.0001542204845463857,1e-06,0.9032257795333862,0.516063392162323
93,1.0,0.00011482607806101441,1e-06,0.9032257795333862,0.5127032399177551
94,1.0,0.00020202499581500888,1e-06,0.9032257795333862,0.5143849849700928
95,1.0,0.00019401530153118074,1e-06,0.9032257795333862,0.5179823637008667
96,1.0,0.00014727406960446388,1e-06,0.9032257795333862,0.5200383067131042
97,1.0,0.0004679115954786539,1e-06,0.9032257795333862,0.517277717590332
98,1.0,8.735008304938674e-05,1e-06,0.9032257795333862,0.517440140247345
99,0.9986675381660461,0.0020974832586944103,1e-06,0.9032257795333862,0.5157178640365601
100,0.9993337988853455,0.0030905602034181356,1e-06,0.9032257795333862,0.5151243209838867
101,0.9993337988853455,0.0024339475203305483,1e-06,0.9032257795333862,0.5091789960861206
102,1.0,0.0001952719467226416,1e-06,0.9032257795333862,0.5128705501556396
103,1.0,0.00045724553638137877,1e-06,0.9032257795333862,0.5108991861343384
104,1.0,6.975181167945266e-05,1e-06,0.9032257795333862,0.5125856399536133
105,1.0,0.00017504482821095735,1e-06,0.9032257795333862,0.5114155411720276
106,1.0,0.00020267230866011232,1e-06,0.9050179123878479,0.5090256333351135
107,0.9993337988853455,0.0008414700860157609,1e-06,0.9050179123878479,0.5091768503189087
108,1.0,7.386608194792643e-05,1e-06,0.9050179123878479,0.5110503435134888
109,1.0,0.0001648236357141286,1e-06,0.9050179123878479,0.5108585357666016
110,0.9993337988853455,0.00508807273581624,1e-06,0.9050179123878479,0.5114414095878601
111,1.0,0.00013487139949575067,1e-06,0.9050179123878479,0.5126464366912842
112,1.0,8.851618622429669e-05,1e-06,0.9050179123878479,0.5133312344551086
113,1.0,5.2956220315536484e-05,1e-06,0.9050179123878479,0.5115000605583191
114,1.0,0.00037357627297751606,1e-06,0.9050179123878479,0.513239860534668
115,1.0,9.134138963418081e-05,1e-06,0.9032257795333862,0.5149574875831604
116,0.9993337988853455,0.0012850502971559763,1e-06,0.9050179123878479,0.5039023160934448
117,0.9986675381660461,0.0020879670046269894,1e-06,0.9050179123878479,0.506729245185852
118,0.9993337988853455,0.0018562879413366318,1e-06,0.9050179123878479,0.5062646865844727
119,1.0,7.966319390106946e-05,1e-06,0.9050179123878479,0.5069078803062439
120,0.9993337988853455,0.0009540229802951217,1e-06,0.9050179123878479,0.5098280310630798
121,1.0,0.0001953039172803983,1e-06,0.9032257795333862,0.5119951963424683
122,1.0,0.00029741853359155357,1e-06,0.9032257795333862,0.5166264176368713
123,1.0,0.00028326205210760236,1e-06,0.9032257795333862,0.5161125659942627
124,1.0,0.00021837768144905567,1e-06,0.9032257795333862,0.5178534984588623
125,0.9993337988853455,0.0005891683395020664,1e-06,0.9032257795333862,0.5153754949569702
126,0.9993337988853455,0.0011748136021196842,1e-06,0.9032257795333862,0.515775203704834
