epoch,accuracy,loss,lr,val_accuracy,val_loss
0,0.9280479550361633,0.17958775162696838,0.001,0.4928315281867981,1.371434211730957
1,0.9726848602294922,0.07670455425977707,0.001,0.5053763389587402,4.814206123352051
2,0.9780146479606628,0.06264963746070862,0.001,0.5053763389587402,6.3592329025268555
3,0.9760159850120544,0.04887549579143524,0.001,0.5053763389587402,10.118491172790527
4,0.9853430986404419,0.03577910363674164,0.001,0.5053763389587402,8.568403244018555
5,0.9773484468460083,0.06332996487617493,0.001,0.5053763389587402,6.3963623046875
6,0.9800133109092712,0.0526723675429821,0.001,0.5053763389587402,7.738500118255615
7,0.990006685256958,0.02602699026465416,0.001,0.5053763389587402,6.462826251983643
8,0.9893404245376587,0.025300802662968636,0.001,0.5053763389587402,7.839136600494385
9,0.9920053482055664,0.02544914186000824,0.001,0.7222222089767456,0.6939728260040283
10,0.992671549320221,0.020310919731855392,0.001,0.9050179123878479,0.3158237338066101
11,0.9946702122688293,0.017958713695406914,0.001,0.8817204236984253,0.3238252103328705
12,0.9946702122688293,0.013633348979055882,0.001,0.9050179123878479,0.5134837627410889
13,0.9940040111541748,0.015952719375491142,0.001,0.8387096524238586,1.5281078815460205
14,0.9860092997550964,0.04456678405404091,0.001,0.657706081867218,4.085464954376221
15,0.9913390874862671,0.030283600091934204,0.001,0.6684587597846985,1.0033589601516724
16,0.9940040111541748,0.016378071159124374,0.001,0.9480286836624146,0.1517992615699768
17,0.992671549320221,0.016727017238736153,0.001,0.9641577005386353,0.08823493123054504
18,0.990006685256958,0.024894259870052338,0.001,0.8745519518852234,0.49139004945755005
19,0.9940040111541748,0.017419490963220596,0.001,0.9068100452423096,0.284211128950119
20,0.9960026741027832,0.010534437373280525,0.001,0.9157705903053284,0.2293122559785843
21,0.9946702122688293,0.02045564167201519,0.001,0.9032257795333862,0.5830676555633545
22,0.9966688752174377,0.01604488492012024,0.001,0.9229390621185303,0.22192461788654327
23,0.9980013370513916,0.010801360942423344,0.001,0.9050179123878479,0.3859843909740448
24,0.9993337988853455,0.002948401030153036,0.001,0.9121863842010498,0.3970222771167755
25,1.0,0.001225081505253911,0.001,0.8709677457809448,0.6169821619987488
26,0.9986675381660461,0.00291821570135653,0.001,0.9534050226211548,0.10786841064691544
27,0.9886742234230042,0.03152099996805191,0.001,0.9121863842010498,0.8608227372169495
28,0.9966688752174377,0.007653710898011923,0.0003,0.91756272315979,0.4647737443447113
29,0.9940040111541748,0.012875265441834927,0.0003,0.9569892287254333,0.1436496526002884
30,0.9980013370513916,0.005060167517513037,0.0003,0.9139785170555115,0.31687676906585693
31,0.9980013370513916,0.00822672713547945,0.0003,0.9032257795333862,0.30041834712028503
32,0.9993337988853455,0.0033325371332466602,0.0003,0.8655914068222046,0.5232555866241455
33,0.9986675381660461,0.006419691257178783,0.0003,0.9121863842010498,0.3286533057689667
34,0.9980013370513916,0.006578922737389803,0.0003,0.9157705903053284,0.28435954451560974
35,0.9966688752174377,0.00966290757060051,0.0003,0.7096773982048035,1.2789630889892578
36,0.9993337988853455,0.0023811333812773228,0.0003,0.91756272315979,0.34644532203674316
37,0.9980013370513916,0.005640099756419659,0.0003,0.9265232682228088,0.26205095648765564
38,0.9993337988853455,0.0035524829290807247,9e-05,0.9301075339317322,0.28575801849365234
39,1.0,0.0018346435390412807,9e-05,0.9283154010772705,0.25605615973472595
40,1.0,0.0012679457431659102,9e-05,0.9229390621185303,0.28606340289115906
41,0.9960026741027832,0.007885443978011608,9e-05,0.9247311949729919,0.2589086890220642
42,1.0,0.0013488803524523973,9e-05,0.9283154010772705,0.24782025814056396
43,1.0,0.0006487704231403768,9e-05,0.9265232682228088,0.26321080327033997
44,1.0,0.0008693059207871556,9e-05,0.9211469292640686,0.27856695652008057
45,1.0,0.0008001780370250344,9e-05,0.91756272315979,0.3110645115375519
46,1.0,0.0006395209347829223,9e-05,0.9157705903053284,0.32763952016830444
47,1.0,0.000759655493311584,9e-05,0.9121863842010498,0.3830561339855194
48,0.9993337988853455,0.0008814295870251954,2.7e-05,0.9121863842010498,0.37320584058761597
49,0.9993337988853455,0.0012275864137336612,2.7e-05,0.9139785170555115,0.3819889426231384
50,0.9980013370513916,0.003535896772518754,2.7e-05,0.9121863842010498,0.3525236248970032
51,1.0,0.0007366493809968233,2.7e-05,0.91756272315979,0.3190957307815552
52,0.9980013370513916,0.005015913397073746,2.7e-05,0.9229390621185303,0.3015888035297394
53,0.9993337988853455,0.003193275537341833,2.7e-05,0.91756272315979,0.32316896319389343
54,1.0,0.0005134856328368187,2.7e-05,0.9157705903053284,0.32350102066993713
55,0.9986675381660461,0.0013063005171716213,2.7e-05,0.9103942513465881,0.3483380973339081
56,1.0,0.0010792016983032227,2.7e-05,0.9157705903053284,0.33769309520721436
57,1.0,0.0006219275528565049,2.7e-05,0.9157705903053284,0.33684423565864563
58,1.0,0.0007261635619215667,8.1e-06,0.9139785170555115,0.34461885690689087
59,1.0,0.0009607307147234678,8.1e-06,0.9121863842010498,0.3414469063282013
60,0.9986675381660461,0.0037502660416066647,8.1e-06,0.9121863842010498,0.3484204113483429
61,1.0,0.0006635002209804952,8.1e-06,0.9086021780967712,0.3539356589317322
62,1.0,0.0005778821650892496,8.1e-06,0.9086021780967712,0.35200783610343933
63,0.9993337988853455,0.0009067016653716564,8.1e-06,0.9086021780967712,0.3512849807739258
64,1.0,0.0003161670465487987,8.1e-06,0.9086021780967712,0.34989145398139954
65,0.9993337988853455,0.0011298400349915028,8.1e-06,0.9121863842010498,0.3409602642059326
66,0.9993337988853455,0.0025270557962358,8.1e-06,0.9121863842010498,0.3425065279006958
67,1.0,0.00047811443801037967,8.1e-06,0.9121863842010498,0.34534716606140137
68,0.9993337988853455,0.001024314551614225,2.43e-06,0.9121863842010498,0.34369876980781555
69,1.0,0.00143535400275141,2.43e-06,0.9157705903053284,0.34132304787635803
70,1.0,0.00043111524428240955,2.43e-06,0.9139785170555115,0.3437736928462982
71,1.0,0.0007545128464698792,2.43e-06,0.9121863842010498,0.3444932699203491
72,1.0,0.0007317981217056513,2.43e-06,0.9121863842010498,0.3415375351905823
73,1.0,0.0008727762615308166,2.43e-06,0.9139785170555115,0.341783344745636
74,1.0,0.0008859417866915464,2.43e-06,0.9139785170555115,0.34279870986938477
75,1.0,0.00046920383465476334,2.43e-06,0.9121863842010498,0.3436369001865387
76,1.0,0.0006955609424039721,2.43e-06,0.9139785170555115,0.34264740347862244
77,1.0,0.0006907289498485625,2.43e-06,0.9121863842010498,0.3430626690387726
78,1.0,0.0004679036792367697,1e-06,0.9139785170555115,0.3414596915245056
79,0.9993337988853455,0.002461613155901432,1e-06,0.9157705903053284,0.3411939740180969
80,0.9980013370513916,0.0032296031713485718,1e-06,0.9157705903053284,0.3411466181278229
81,1.0,0.0007109128055162728,1e-06,0.9139785170555115,0.3449094891548157
82,0.9993337988853455,0.0016414413694292307,1e-06,0.9121863842010498,0.3462335765361786
83,0.9993337988853455,0.00211395975202322,1e-06,0.9121863842010498,0.34546881914138794
84,1.0,0.0008904787828214467,1e-06,0.9121863842010498,0.34642356634140015
85,1.0,0.0008507456514053047,1e-06,0.9103942513465881,0.34752869606018066
86,1.0,0.0009606091771274805,1e-06,0.9121863842010498,0.34548884630203247
87,0.9993337988853455,0.0016703057335689664,1e-06,0.9121863842010498,0.3449152708053589
88,1.0,0.0012365521397441626,1e-06,0.9121863842010498,0.3444930911064148
89,0.9986675381660461,0.0036787427961826324,1e-06,0.9121863842010498,0.34362995624542236
90,1.0,0.0003877964336425066,1e-06,0.9121863842010498,0.34565600752830505
91,0.9993337988853455,0.0010417763842269778,1e-06,0.9121863842010498,0.34594643115997314
92,1.0,0.0006117057637311518,1e-06,0.9121863842010498,0.34663599729537964
93,0.9993337988853455,0.0017855275655165315,1e-06,0.9139785170555115,0.3465563654899597
94,0.9993337988853455,0.002642633393406868,1e-06,0.9157705903053284,0.3464046120643616
95,1.0,0.0006152360001578927,1e-06,0.9139785170555115,0.34704577922821045
96,1.0,0.0013570409500971437,1e-06,0.9139785170555115,0.3436737656593323
97,0.9980013370513916,0.0028974972665309906,1e-06,0.9139785170555115,0.34442904591560364
98,0.9993337988853455,0.0026343546342104673,1e-06,0.9157705903053284,0.3420778810977936
99,0.9993337988853455,0.0007871480192989111,1e-06,0.9139785170555115,0.34413406252861023
100,1.0,0.0005580184515565634,1e-06,0.9121863842010498,0.3466389775276184
101,0.9993337988853455,0.0011786064133048058,1e-06,0.9121863842010498,0.34667760133743286
102,1.0,0.0010796569986268878,1e-06,0.9121863842010498,0.347033828496933
103,1.0,0.0002804701798595488,1e-06,0.9121863842010498,0.3467947840690613
104,0.9993337988853455,0.0016630688915029168,1e-06,0.9121863842010498,0.3475227355957031
105,1.0,0.000861290842294693,1e-06,0.9139785170555115,0.3458394706249237
106,0.9993337988853455,0.0009374631335958838,1e-06,0.9121863842010498,0.3458847403526306
107,1.0,0.0006817919202148914,1e-06,0.9121863842010498,0.34757646918296814
108,0.9986675381660461,0.001620718976482749,1e-06,0.9121863842010498,0.3474051058292389
109,1.0,0.0004819253517780453,1e-06,0.9103942513465881,0.34896835684776306
110,1.0,0.0005645927740260959,1e-06,0.9103942513465881,0.34857022762298584
111,1.0,0.0004962076200172305,1e-06,0.9121863842010498,0.3483039438724518
112,1.0,0.000639080535620451,1e-06,0.9121863842010498,0.3478885889053345
113,1.0,0.0010411158436909318,1e-06,0.9139785170555115,0.347217857837677
114,1.0,0.0010355134727433324,1e-06,0.9139785170555115,0.3461090922355652
115,0.9993337988853455,0.0016689125914126635,1e-06,0.9121863842010498,0.34691041707992554
116,1.0,0.0005687025841325521,1e-06,0.9103942513465881,0.34725475311279297
117,1.0,0.001228660810738802,1e-06,0.9103942513465881,0.3481680452823639
