epoch,accuracy,loss,lr,val_accuracy,val_loss
0,0.9140573143959045,0.1937231421470642,0.001,0.421146959066391,2.8820366859436035
1,0.9760159850120544,0.06400787085294724,0.001,0.5967742204666138,4.152039051055908
2,0.9833444356918335,0.04397541657090187,0.001,0.5322580933570862,7.2892069816589355
3,0.9793471097946167,0.05729491636157036,0.001,0.5053763389587402,10.081977844238281
4,0.9813457727432251,0.06390539556741714,0.001,0.5053763389587402,10.84326457977295
5,0.9866755604743958,0.0447404570877552,0.001,0.5053763389587402,14.003499984741211
6,0.9813457727432251,0.06926208734512329,0.001,0.5967742204666138,9.103218078613281
7,0.992671549320221,0.019195349887013435,0.001,0.6612903475761414,4.70851993560791
8,0.9960026741027832,0.012970445677638054,0.001,0.5430107712745667,3.8251240253448486
9,0.9993337988853455,0.0033880791161209345,0.001,0.740143358707428,1.5794904232025146
10,0.9986675381660461,0.006912538316100836,0.001,0.8207885026931763,1.832622766494751
11,0.9906728863716125,0.023362724110484123,0.001,0.8727598786354065,0.5643600821495056
12,0.9980013370513916,0.007320533040910959,0.001,0.9318996667861938,0.2396581470966339
13,0.9940040111541748,0.029183154925704002,0.001,0.8709677457809448,0.636111855506897
14,0.992671549320221,0.029652129858732224,0.001,0.9354838728904724,0.25557368993759155
15,0.9953364133834839,0.014837168157100677,0.001,0.6272401213645935,1.4698044061660767
16,0.992671549320221,0.01268774177879095,0.001,0.9605734944343567,0.13859164714813232
17,0.9933377504348755,0.02024277299642563,0.001,0.8387096524238586,0.623580276966095
18,0.9946702122688293,0.017425691708922386,0.001,0.9283154010772705,0.20838725566864014
19,0.9946702122688293,0.013885069638490677,0.001,0.939068078994751,0.19996047019958496
20,0.9993337988853455,0.0022540478967130184,0.001,0.9301075339317322,0.25053098797798157
21,1.0,0.0010444860672578216,0.001,0.9050179123878479,0.4771758019924164
22,1.0,0.001210219576023519,0.001,0.8906810283660889,0.5298115611076355
23,0.9980013370513916,0.008670246228575706,0.001,0.7114695310592651,1.620773196220398
24,0.9993337988853455,0.001600755495019257,0.001,0.897849440574646,0.4732109308242798
25,1.0,0.0002573856327217072,0.001,0.856630802154541,0.7604353427886963
26,1.0,0.0007241788553074002,0.001,0.7759856581687927,6.090151786804199
27,0.9940040111541748,0.018249021843075752,0.0003,0.7759856581687927,1.0863525867462158
28,0.9993337988853455,0.0018082745373249054,0.0003,0.8996415734291077,0.47562262415885925
29,1.0,0.00019547434931155294,0.0003,0.9014337062835693,0.448933869600296
30,1.0,0.00043918107985518873,0.0003,0.8405017852783203,0.7493904829025269
31,1.0,0.0005767287802882493,0.0003,0.8082437515258789,0.8624125123023987
32,0.9993337988853455,0.004330073948949575,0.0003,0.8691756129264832,0.6874929070472717
33,1.0,0.0005316417082212865,0.0003,0.8763440847396851,0.6253809928894043
34,0.9993337988853455,0.0020984807051718235,0.0003,0.8745519518852234,0.648682177066803
35,0.9993337988853455,0.0023901790846139193,0.0003,0.8727598786354065,0.6692199110984802
36,1.0,0.0005586696788668633,0.0003,0.7526881694793701,1.2346702814102173
37,0.9993337988853455,0.001573038287460804,9e-05,0.8637992739677429,0.7719058990478516
38,0.9993337988853455,0.0019546346738934517,9e-05,0.8924731016159058,0.5781115889549255
39,0.9980013370513916,0.0076474896632134914,9e-05,0.725806474685669,1.305583119392395
40,1.0,0.0008704071515239775,9e-05,0.7688171863555908,1.1474590301513672
41,1.0,0.0012295874767005444,9e-05,0.842293918132782,0.8344364762306213
42,0.9993337988853455,0.0016254311194643378,9e-05,0.8709677457809448,0.6916078329086304
43,1.0,0.0003201575018465519,9e-05,0.8727598786354065,0.6876130104064941
44,1.0,0.00059878098545596,9e-05,0.8620071411132812,0.7743090391159058
45,1.0,0.0003716703795362264,9e-05,0.815412163734436,0.9283906817436218
46,0.9973351359367371,0.005176075734198093,9e-05,0.7939068078994751,1.0351381301879883
47,1.0,0.00018041202565655112,2.7e-05,0.8082437515258789,0.9787813425064087
48,1.0,0.0004189361643511802,2.7e-05,0.8440860509872437,0.8749943971633911
49,0.9993337988853455,0.000995929935015738,2.7e-05,0.8458781242370605,0.8776503205299377
50,0.9986675381660461,0.0023396709002554417,2.7e-05,0.7759856581687927,1.1329153776168823
51,1.0,0.0005524465232156217,2.7e-05,0.7688171863555908,1.133278250694275
52,1.0,0.00048449044697918,2.7e-05,0.7777777910232544,1.1392099857330322
53,0.9980013370513916,0.0037237894721329212,2.7e-05,0.7777777910232544,1.1512093544006348
54,1.0,0.00014052943151909858,2.7e-05,0.7777777910232544,1.1419792175292969
55,1.0,0.000233329352340661,2.7e-05,0.7795698642730713,1.1423085927963257
56,1.0,0.00027563070761971176,2.7e-05,0.7903226017951965,1.0916372537612915
57,1.0,0.000293660064926371,8.1e-06,0.7885304689407349,1.0968073606491089
58,1.0,0.0005746982060372829,8.1e-06,0.7885304689407349,1.0915048122406006
59,1.0,0.0002824551484081894,8.1e-06,0.7831541299819946,1.1171934604644775
60,1.0,0.0004433178692124784,8.1e-06,0.7831541299819946,1.1227638721466064
61,1.0,0.0002408496366115287,8.1e-06,0.7921146750450134,1.0990842580795288
62,1.0,0.00017660028242971748,8.1e-06,0.7921146750450134,1.0958919525146484
63,0.9993337988853455,0.0007360445451922715,8.1e-06,0.7849462628364563,1.1215476989746094
64,1.0,0.0010376254795119166,8.1e-06,0.7903226017951965,1.1026564836502075
65,1.0,0.0005479059182107449,8.1e-06,0.7921146750450134,1.1018424034118652
66,1.0,0.0005303022335283458,8.1e-06,0.7921146750450134,1.0953786373138428
67,1.0,0.00031368009513244033,2.43e-06,0.7921146750450134,1.0898813009262085
68,1.0,0.00019591274030972272,2.43e-06,0.7939068078994751,1.0802838802337646
69,1.0,0.00025959612685255706,2.43e-06,0.7921146750450134,1.0854486227035522
70,1.0,0.0003067958168685436,2.43e-06,0.7939068078994751,1.0741186141967773
71,0.9993337988853455,0.001574589521624148,2.43e-06,0.7956989407539368,1.0640387535095215
72,1.0,0.0002557219995651394,2.43e-06,0.7956989407539368,1.064030408859253
73,0.9993337988853455,0.0008622847963124514,2.43e-06,0.7956989407539368,1.0720090866088867
74,0.9993337988853455,0.0013921135105192661,2.43e-06,0.7992831468582153,1.058314323425293
75,1.0,5.5367567256325856e-05,2.43e-06,0.7992831468582153,1.0558109283447266
76,1.0,0.0003925616038031876,2.43e-06,0.8100358247756958,1.0271793603897095
77,1.0,0.0001112963363993913,1e-06,0.8118279576301575,1.0267771482467651
78,1.0,0.00016569455328863114,1e-06,0.8100358247756958,1.0290043354034424
79,0.9986675381660461,0.0035732495598495007,1e-06,0.8136200904846191,1.015324354171753
80,1.0,8.915288344724104e-05,1e-06,0.8100358247756958,1.0233073234558105
81,1.0,0.00015462147712241858,1e-06,0.8082437515258789,1.0262528657913208
82,1.0,9.116105502471328e-05,1e-06,0.8064516186714172,1.0357012748718262
83,1.0,0.00021588942036032677,1e-06,0.8064516186714172,1.0315220355987549
84,1.0,0.00011139483831357211,1e-06,0.8100358247756958,1.024056315422058
85,0.9993337988853455,0.0012917353305965662,1e-06,0.8118279576301575,1.020779013633728
86,1.0,0.0002848691074177623,1e-06,0.8100358247756958,1.0256942510604858
87,1.0,0.00014263676712289453,1e-06,0.8082437515258789,1.0300365686416626
88,1.0,0.00026682985480874777,1e-06,0.8082437515258789,1.0320539474487305
89,0.9980013370513916,0.005710214376449585,1e-06,0.8028674125671387,1.04097580909729
90,1.0,8.392180461669341e-05,1e-06,0.801075279712677,1.0490748882293701
91,0.9993337988853455,0.0006568044191226363,1e-06,0.8046594858169556,1.0412747859954834
92,1.0,8.842926035868004e-05,1e-06,0.8028674125671387,1.040999412536621
93,1.0,0.00021555443527176976,1e-06,0.8028674125671387,1.0377063751220703
94,1.0,0.0006504123448394239,1e-06,0.8028674125671387,1.0440406799316406
95,1.0,0.0007001608028076589,1e-06,0.8028674125671387,1.041581392288208
96,1.0,0.00022920868650544435,1e-06,0.8028674125671387,1.045573115348816
97,0.9993337988853455,0.0010951156727969646,1e-06,0.8046594858169556,1.0452485084533691
98,0.9993337988853455,0.0007765567279420793,1e-06,0.8082437515258789,1.0302796363830566
99,1.0,0.00010197750088991597,1e-06,0.8082437515258789,1.0285372734069824
100,1.0,0.00044627446914091706,1e-06,0.8118279576301575,1.0204781293869019
101,1.0,0.00011835450277430937,1e-06,0.8082437515258789,1.0312790870666504
102,1.0,0.00023483407858293504,1e-06,0.8046594858169556,1.0328887701034546
103,0.9993337988853455,0.0006587237003259361,1e-06,0.8046594858169556,1.03872549533844
104,1.0,0.00011331891437293962,1e-06,0.8028674125671387,1.0537176132202148
105,1.0,0.00016252414206974208,1e-06,0.7974910140037537,1.0583159923553467
106,1.0,0.00018646992975845933,1e-06,0.8028674125671387,1.0473048686981201
107,1.0,0.0006722018588334322,1e-06,0.8082437515258789,1.0304242372512817
108,0.9986675381660461,0.002991246758028865,1e-06,0.8028674125671387,1.046730399131775
109,1.0,0.00018540138262324035,1e-06,0.7992831468582153,1.0511620044708252
110,1.0,0.00045764504466205835,1e-06,0.8046594858169556,1.0389176607131958
111,1.0,0.00010799264418892562,1e-06,0.8064516186714172,1.0314195156097412
112,1.0,0.00018921522132586688,1e-06,0.8046594858169556,1.0384624004364014
113,1.0,0.00010604933049762622,1e-06,0.8028674125671387,1.0422403812408447
114,1.0,0.00010628535528667271,1e-06,0.8028674125671387,1.0398478507995605
115,0.9993337988853455,0.0019071783171966672,1e-06,0.8100358247756958,1.0252095460891724
116,1.0,0.000624593289103359,1e-06,0.8118279576301575,1.0156598091125488
