epoch,accuracy,loss,lr,val_accuracy,val_loss
0,0.923384428024292,0.20103278756141663,0.001,0.41756272315979004,3.0653016567230225
1,0.9673550724983215,0.07725293934345245,0.001,0.43369176983833313,4.489470958709717
2,0.9846768975257874,0.045249033719301224,0.001,0.6397849321365356,5.708368301391602
3,0.992671549320221,0.025076180696487427,0.001,0.5931899547576904,4.231407642364502
4,0.9873417615890503,0.03887810558080673,0.001,0.6648745536804199,4.829185962677002
5,0.9913390874862671,0.02733343094587326,0.001,0.6899641752243042,3.755108594894409
6,0.992671549320221,0.02628001943230629,0.001,0.6863799095153809,2.497324228286743
7,0.9933377504348755,0.016377940773963928,0.001,0.5089605450630188,6.320769309997559
8,0.9953364133834839,0.014013404957950115,0.001,0.7526881694793701,1.531508445739746
9,0.9773484468460083,0.07006330788135529,0.001,0.8673835396766663,0.5357269048690796
10,0.984010636806488,0.052633337676525116,0.001,0.815412163734436,0.7568208575248718
11,0.9960026741027832,0.009614150039851665,0.001,0.9946236610412598,0.023205531761050224
12,0.9813457727432251,0.07645384222269058,0.001,0.8207885026931763,2.373455286026001
13,0.9833444356918335,0.06605197489261627,0.001,0.8620071411132812,0.632774293422699
14,0.9953364133834839,0.013783909380435944,0.001,0.7652329802513123,1.3878973722457886
15,0.9940040111541748,0.02683606930077076,0.001,0.8709677457809448,0.7179571390151978
16,0.9940040111541748,0.013528845272958279,0.001,0.9336917400360107,0.18472562730312347
17,0.9940040111541748,0.02403959445655346,0.001,0.9103942513465881,0.4465578496456146
18,0.9973351359367371,0.008816440589725971,0.001,0.8853046298027039,0.5969566702842712
19,0.9980013370513916,0.00821681134402752,0.001,0.8870967626571655,0.5922304391860962
20,0.9946702122688293,0.016975753009319305,0.001,0.958781361579895,0.14132237434387207
21,0.9973351359367371,0.009904693812131882,0.001,0.9354838728904724,0.33015474677085876
22,0.9980013370513916,0.006540040485560894,0.0003,0.9247311949729919,0.3409152925014496
23,0.9960026741027832,0.006849255412817001,0.0003,0.9086021780967712,0.5885623097419739
24,0.9993337988853455,0.002240848960354924,0.0003,0.9068100452423096,0.45730727910995483
25,0.9960026741027832,0.007207311224192381,0.0003,0.8763440847396851,0.5074467062950134
26,0.9980013370513916,0.004170847125351429,0.0003,0.8888888955116272,0.6044131517410278
27,0.9980013370513916,0.006083259824663401,0.0003,0.8942652344703674,0.7274209856987
28,1.0,0.0022963036317378283,0.0003,0.8620071411132812,0.5389692783355713
29,1.0,0.0019985223188996315,0.0003,0.8745519518852234,0.5876891613006592
30,0.9993337988853455,0.0026152385398745537,0.0003,0.9086021780967712,0.6100782752037048
31,0.9946702122688293,0.015153777785599232,0.0003,0.8817204236984253,0.7319307923316956
32,0.9940040111541748,0.012652605772018433,9e-05,0.9032257795333862,0.42386311292648315
33,1.0,0.001237564254552126,9e-05,0.9068100452423096,0.4190637469291687
34,0.9986675381660461,0.0034428380895406008,9e-05,0.9014337062835693,0.44969815015792847
35,0.9993337988853455,0.003102987539023161,9e-05,0.9032257795333862,0.45344462990760803
36,0.9993337988853455,0.0018521713791415095,9e-05,0.9050179123878479,0.4637574851512909
37,1.0,0.0005474973004311323,9e-05,0.8996415734291077,0.4673328995704651
38,0.9980013370513916,0.0031727682799100876,9e-05,0.9229390621185303,0.4056432545185089
39,1.0,0.0004343310138210654,9e-05,0.9139785170555115,0.4058700203895569
40,0.9993337988853455,0.0033523899037390947,9e-05,0.9211469292640686,0.3851906955242157
41,0.9993337988853455,0.002091687871143222,9e-05,0.9157705903053284,0.38598546385765076
42,0.9986675381660461,0.0027775850612670183,2.7e-05,0.9121863842010498,0.3955993056297302
43,0.9986675381660461,0.002296171151101589,2.7e-05,0.9086021780967712,0.4040765166282654
44,0.9993337988853455,0.0010066303657367826,2.7e-05,0.9103942513465881,0.41244375705718994
45,1.0,0.0014434171607717872,2.7e-05,0.9068100452423096,0.42932161688804626
46,0.9993337988853455,0.0007302699377760291,2.7e-05,0.9032257795333862,0.4403402805328369
47,0.9993337988853455,0.0017697218572720885,2.7e-05,0.9050179123878479,0.43731021881103516
48,0.9986675381660461,0.002646245062351227,2.7e-05,0.9014337062835693,0.4721626043319702
49,0.9993337988853455,0.0030613013077527285,2.7e-05,0.8942652344703674,0.49042999744415283
50,1.0,0.0009270861046388745,2.7e-05,0.8960573673248291,0.4887862205505371
51,0.9993337988853455,0.0009315386414527893,2.7e-05,0.8942652344703674,0.49377310276031494
52,0.9973351359367371,0.005730195436626673,8.1e-06,0.897849440574646,0.4909988045692444
53,1.0,0.0004031622956972569,8.1e-06,0.897849440574646,0.4971436560153961
54,0.9993337988853455,0.0010447854874655604,8.1e-06,0.897849440574646,0.4953956604003906
55,0.9986675381660461,0.0018078427528962493,8.1e-06,0.8996415734291077,0.4854313135147095
56,1.0,0.0010711553040891886,8.1e-06,0.8996415734291077,0.4917999505996704
57,0.9993337988853455,0.003751805517822504,8.1e-06,0.897849440574646,0.49930131435394287
58,1.0,0.0008853446925058961,8.1e-06,0.897849440574646,0.509523868560791
59,0.9986675381660461,0.0033386838622391224,8.1e-06,0.897849440574646,0.508202075958252
60,1.0,0.000912595889531076,8.1e-06,0.897849440574646,0.5077870488166809
61,0.9986675381660461,0.0020693999249488115,8.1e-06,0.8960573673248291,0.5089887976646423
62,1.0,0.0008722438360564411,2.43e-06,0.8960573673248291,0.5087933540344238
63,0.9993337988853455,0.0017534744692966342,2.43e-06,0.8960573673248291,0.5090618133544922
64,0.9993337988853455,0.0017307730158790946,2.43e-06,0.8960573673248291,0.5086756348609924
65,1.0,0.000554245023522526,2.43e-06,0.8960573673248291,0.5086894631385803
66,0.9980013370513916,0.004375686403363943,2.43e-06,0.8960573673248291,0.5107558369636536
67,0.9993337988853455,0.0012291076127439737,2.43e-06,0.8960573673248291,0.5144418478012085
68,1.0,0.0007966996636241674,2.43e-06,0.8960573673248291,0.5139073133468628
69,1.0,0.000309885450406,2.43e-06,0.8960573673248291,0.5150390267372131
70,1.0,0.0010503518860787153,2.43e-06,0.8960573673248291,0.514260470867157
71,0.9993337988853455,0.002059004968032241,2.43e-06,0.8960573673248291,0.513796865940094
72,0.9986675381660461,0.0026687802746891975,1e-06,0.8960573673248291,0.5136659145355225
73,1.0,0.0005904229474253953,1e-06,0.8960573673248291,0.5094372630119324
74,1.0,0.00039788353024050593,1e-06,0.8960573673248291,0.5098016858100891
75,0.9993337988853455,0.0008231011452153325,1e-06,0.8960573673248291,0.5095624923706055
76,1.0,0.0008674474665895104,1e-06,0.897849440574646,0.5095207095146179
77,1.0,0.0007229847251437604,1e-06,0.8942652344703674,0.5092200040817261
78,1.0,0.0003443087625782937,1e-06,0.8942652344703674,0.5124450922012329
79,0.9986675381660461,0.002146977698430419,1e-06,0.8960573673248291,0.508725106716156
80,0.9993337988853455,0.001055195927619934,1e-06,0.8960573673248291,0.5111516714096069
81,1.0,0.0011155586689710617,1e-06,0.8960573673248291,0.512356698513031
82,1.0,0.0004337789723649621,1e-06,0.8960573673248291,0.5111352205276489
83,1.0,0.000544317823369056,1e-06,0.8960573673248291,0.5104130506515503
84,0.9993337988853455,0.001576745300553739,1e-06,0.8942652344703674,0.5147330164909363
85,1.0,0.0015297909267246723,1e-06,0.8942652344703674,0.5129427909851074
86,1.0,0.000362980121280998,1e-06,0.8960573673248291,0.5117197632789612
87,0.9993337988853455,0.0021235819440335035,1e-06,0.8942652344703674,0.5103397369384766
88,0.9993337988853455,0.004165235906839371,1e-06,0.8960573673248291,0.5102105736732483
89,1.0,0.0010220174444839358,1e-06,0.8960573673248291,0.5097150206565857
90,0.9993337988853455,0.0014945132425054908,1e-06,0.8960573673248291,0.5107285976409912
91,0.9993337988853455,0.002436097012832761,1e-06,0.8960573673248291,0.5110806226730347
92,1.0,0.0007475065067410469,1e-06,0.8960573673248291,0.5079161524772644
93,1.0,0.0014166479231789708,1e-06,0.8960573673248291,0.5081098079681396
94,0.9986675381660461,0.003428366035223007,1e-06,0.8960573673248291,0.5117676258087158
95,0.9993337988853455,0.0021703271195292473,1e-06,0.8960573673248291,0.5092716813087463
96,1.0,0.0004726228944491595,1e-06,0.8960573673248291,0.5115227103233337
97,0.9993337988853455,0.0014515375951305032,1e-06,0.8960573673248291,0.5109293460845947
98,0.9993337988853455,0.0016249881591647863,1e-06,0.897849440574646,0.5052695870399475
99,1.0,0.0009586183587089181,1e-06,0.8960573673248291,0.5042081475257874
100,0.9993337988853455,0.0028259067330509424,1e-06,0.897849440574646,0.5046653747558594
101,1.0,0.0012088792864233255,1e-06,0.8960573673248291,0.5108619332313538
102,0.9993337988853455,0.0008271976257674396,1e-06,0.8960573673248291,0.5087127089500427
103,1.0,0.0009950150270015001,1e-06,0.8960573673248291,0.5111995935440063
104,1.0,0.00024382155970670283,1e-06,0.8960573673248291,0.5091516375541687
105,1.0,0.0006996284937486053,1e-06,0.8960573673248291,0.5061326026916504
106,1.0,0.0007749845390208066,1e-06,0.897849440574646,0.5059211850166321
107,1.0,0.000895802688319236,1e-06,0.897849440574646,0.5085768103599548
108,0.9993337988853455,0.002829445293173194,1e-06,0.8960573673248291,0.5110905766487122
109,0.9993337988853455,0.0014335375744849443,1e-06,0.897849440574646,0.5082206130027771
110,0.9986675381660461,0.003377954475581646,1e-06,0.8960573673248291,0.5053433179855347
111,0.9993337988853455,0.001224949024617672,1e-06,0.897849440574646,0.5037409663200378
