epoch,accuracy,loss,lr,val_accuracy,val_loss
0,0.9473684430122375,0.14335621893405914,0.001,0.4301075339317322,1.7897777557373047
1,0.9760159850120544,0.05490748584270477,0.001,0.4354838728904724,1.832467794418335
2,0.974017322063446,0.0806179940700531,0.001,0.5053763389587402,7.8167877197265625
3,0.9866755604743958,0.042709723114967346,0.001,0.5053763389587402,9.792945861816406
4,0.9873417615890503,0.03301194682717323,0.001,0.5053763389587402,7.657118797302246
5,0.9940040111541748,0.01839396357536316,0.001,0.5448028445243835,7.098845481872559
6,0.9973351359367371,0.015102939680218697,0.001,0.6630824208259583,2.4197170734405518
7,0.9933377504348755,0.026671966537833214,0.001,0.6451612710952759,2.321074962615967
8,0.9813457727432251,0.07449762523174286,0.001,0.5913978219032288,3.1248116493225098
9,0.992671549320221,0.021030593663454056,0.001,0.8064516186714172,0.6630175709724426
10,0.9953364133834839,0.01793477311730385,0.001,0.7759856581687927,0.733060896396637
11,0.9940040111541748,0.020158693194389343,0.001,0.8207885026931763,1.8499187231063843
12,0.9973351359367371,0.014702945947647095,0.001,0.9408602118492126,0.1743655800819397
13,0.992671549320221,0.027637355029582977,0.001,0.8261649012565613,0.67720627784729
14,0.9953364133834839,0.015303933061659336,0.001,0.8942652344703674,0.5317779183387756
15,0.9940040111541748,0.02111922577023506,0.001,0.7867383360862732,1.3303011655807495
16,0.9853430986404419,0.057321883738040924,0.001,0.9103942513465881,0.3433195948600769
17,0.992671549320221,0.02361306920647621,0.001,0.7419354915618896,0.842982828617096
18,0.9940040111541748,0.031224502250552177,0.001,0.9032257795333862,0.365322470664978
19,0.9986675381660461,0.004904298577457666,0.001,0.9103942513465881,0.3100094497203827
20,0.9873417615890503,0.04170656576752663,0.001,0.9982078671455383,0.025973353534936905
21,0.9966688752174377,0.00862210150808096,0.001,0.8297491073608398,1.3262113332748413
22,1.0,0.0020340585615485907,0.001,0.9677419066429138,0.12285895645618439
23,0.9986675381660461,0.00287988455966115,0.001,0.8530465960502625,0.8385472297668457
24,0.9920053482055664,0.03058113530278206,0.001,0.9534050226211548,1.1406934261322021
25,0.9940040111541748,0.020312419161200523,0.001,0.7706093192100525,1.5200788974761963
26,0.9973351359367371,0.009938118979334831,0.001,0.9301075339317322,0.2692472040653229
27,0.9993337988853455,0.0018981583416461945,0.001,0.8046594858169556,0.9384456276893616
28,0.9980013370513916,0.004336790181696415,0.001,0.7437276244163513,1.463944911956787
29,0.9980013370513916,0.00567125016823411,0.001,0.9283154010772705,0.2800282835960388
30,0.9980013370513916,0.003314801026135683,0.001,0.6129032373428345,3.034299612045288
31,1.0,0.00042687749373726547,0.0003,0.6451612710952759,2.235825538635254
32,1.0,0.0011880438541993499,0.0003,0.6935483813285828,1.5926640033721924
33,0.9986675381660461,0.00289666629396379,0.0003,0.8942652344703674,0.4843286871910095
34,0.9993337988853455,0.002737555420026183,0.0003,0.9103942513465881,0.39256152510643005
35,1.0,0.0004661367856897414,0.0003,0.8745519518852234,0.5820046067237854
36,0.9993337988853455,0.0024139750748872757,0.0003,0.7025089859962463,1.4963256120681763
37,1.0,0.0006957960431464016,0.0003,0.8548387289047241,0.7272987365722656
38,1.0,0.0008635532576590776,0.0003,0.9139785170555115,0.4024292826652527
39,1.0,0.00030382731347344816,0.0003,0.9014337062835693,0.4760817587375641
40,1.0,0.0003834307717625052,0.0003,0.8853046298027039,0.6003671288490295
41,1.0,0.0005663770134560764,9e-05,0.883512556552887,0.6074716448783875
42,1.0,0.0004822384216822684,9e-05,0.8817204236984253,0.6292423605918884
43,1.0,0.0002555430692154914,9e-05,0.8745519518852234,0.7018575072288513
44,0.9993337988853455,0.0006695946212857962,9e-05,0.8817204236984253,0.6829249262809753
45,1.0,8.086024172371253e-05,9e-05,0.883512556552887,0.671470582485199
46,0.9993337988853455,0.016203057020902634,9e-05,0.883512556552887,0.6542950868606567
47,1.0,0.0004015402519144118,9e-05,0.8924731016159058,0.6064044833183289
48,1.0,0.00025073354481719434,9e-05,0.8817204236984253,0.6492021679878235
49,1.0,7.925891259219497e-05,9e-05,0.8817204236984253,0.6577067971229553
50,1.0,0.0003815066593233496,9e-05,0.883512556552887,0.6517515778541565
51,0.9993337988853455,0.0009239815990440547,2.7e-05,0.883512556552887,0.6477777361869812
52,1.0,0.00022359308786690235,2.7e-05,0.8853046298027039,0.6439516544342041
53,0.9993337988853455,0.0017727706581354141,2.7e-05,0.8853046298027039,0.6310216188430786
54,1.0,6.023190144333057e-05,2.7e-05,0.8853046298027039,0.6401556134223938
55,1.0,0.0005190090159885585,2.7e-05,0.8781362175941467,0.6966537237167358
56,1.0,0.00017911540635395795,2.7e-05,0.8781362175941467,0.6948732733726501
57,1.0,0.00024604363716207445,2.7e-05,0.883512556552887,0.6827117204666138
58,1.0,0.00015953755064401776,2.7e-05,0.8781362175941467,0.698907732963562
59,1.0,0.00021506703342311084,2.7e-05,0.8817204236984253,0.6933884620666504
60,1.0,0.0006021531880833209,2.7e-05,0.883512556552887,0.6836061477661133
61,0.9993337988853455,0.0015905601903796196,8.1e-06,0.8781362175941467,0.7112927436828613
62,1.0,4.668747715186328e-05,8.1e-06,0.8781362175941467,0.7019630074501038
63,1.0,0.00012985573266632855,8.1e-06,0.8763440847396851,0.7049235701560974
64,0.9993337988853455,0.0008953164797276258,8.1e-06,0.8781362175941467,0.6944219470024109
65,1.0,7.744513277430087e-05,8.1e-06,0.8781362175941467,0.698245108127594
66,1.0,0.00020725421200040728,8.1e-06,0.8763440847396851,0.7007640600204468
67,1.0,5.049570609116927e-05,8.1e-06,0.8763440847396851,0.7070313692092896
68,1.0,0.00015231649740599096,8.1e-06,0.8763440847396851,0.7105920314788818
69,1.0,8.162396989064291e-05,8.1e-06,0.8763440847396851,0.7090396285057068
70,1.0,9.769067401066422e-05,8.1e-06,0.8763440847396851,0.709300696849823
71,1.0,0.00012438152043614537,2.43e-06,0.8763440847396851,0.7102060914039612
72,1.0,0.00021353215561248362,2.43e-06,0.8763440847396851,0.7066174149513245
73,1.0,0.0002786390541587025,2.43e-06,0.8817204236984253,0.6942254900932312
74,1.0,0.00041198619874194264,2.43e-06,0.8781362175941467,0.7019776105880737
75,1.0,0.00015564389468636364,2.43e-06,0.8781362175941467,0.7054591178894043
76,0.9993337988853455,0.0025709900073707104,2.43e-06,0.8781362175941467,0.693464457988739
77,1.0,0.00011817802442237735,2.43e-06,0.8781362175941467,0.6911934018135071
78,0.9986675381660461,0.0020761697087436914,2.43e-06,0.8727598786354065,0.7395585775375366
79,0.9993337988853455,0.000744074466638267,2.43e-06,0.8709677457809448,0.7359012365341187
80,0.9993337988853455,0.0029279214795678854,2.43e-06,0.8709677457809448,0.7298416495323181
81,1.0,0.00012456874537747353,1e-06,0.8709677457809448,0.7381622195243835
82,1.0,0.00019801380403805524,1e-06,0.8709677457809448,0.741510808467865
83,1.0,8.384185639442876e-05,1e-06,0.8709677457809448,0.7454512119293213
84,1.0,0.0005061295814812183,1e-06,0.8709677457809448,0.7372782826423645
85,0.9993337988853455,0.0009724032715894282,1e-06,0.8709677457809448,0.7473507523536682
86,1.0,6.599692278541625e-05,1e-06,0.8709677457809448,0.7395709753036499
87,1.0,9.024157043313608e-05,1e-06,0.8709677457809448,0.7469310760498047
88,1.0,0.00012355123180896044,1e-06,0.8709677457809448,0.7417002320289612
89,1.0,0.00022880091273691505,1e-06,0.8709677457809448,0.7340062856674194
90,1.0,9.703894465928897e-05,1e-06,0.8709677457809448,0.7430164217948914
91,1.0,9.537134610582143e-05,1e-06,0.8709677457809448,0.7392195463180542
92,0.9993337988853455,0.0008076500962488353,1e-06,0.8709677457809448,0.7464616894721985
93,0.9993337988853455,0.002512130420655012,1e-06,0.8709677457809448,0.7412626147270203
94,0.9993337988853455,0.0014079546090215445,1e-06,0.8709677457809448,0.734485924243927
95,1.0,0.0005668674712069333,1e-06,0.8727598786354065,0.7263813614845276
96,1.0,0.0002524866140447557,1e-06,0.8709677457809448,0.734032392501831
97,1.0,0.0004181879630777985,1e-06,0.8709677457809448,0.7415328025817871
98,0.9993337988853455,0.0038494872860610485,1e-06,0.8709677457809448,0.7463715672492981
99,1.0,0.00026128668105229735,1e-06,0.8709677457809448,0.7411785125732422
100,1.0,0.00037796286051161587,1e-06,0.8709677457809448,0.7358388900756836
101,0.9993337988853455,0.0007521894876845181,1e-06,0.8763440847396851,0.7226811051368713
102,1.0,0.00010657793609425426,1e-06,0.8763440847396851,0.7211796045303345
103,1.0,0.00020465717534534633,1e-06,0.8763440847396851,0.7148776054382324
104,1.0,0.00010072252916870639,1e-06,0.8763440847396851,0.7216373682022095
105,1.0,0.00010545416444074363,1e-06,0.8745519518852234,0.7314699292182922
106,1.0,0.0002861454850062728,1e-06,0.8745519518852234,0.7282496690750122
107,1.0,0.0001224287843797356,1e-06,0.8781362175941467,0.7159261107444763
108,1.0,0.0001771585230017081,1e-06,0.8763440847396851,0.7225885391235352
109,1.0,7.220109546324238e-05,1e-06,0.8763440847396851,0.7188184261322021
110,0.9993337988853455,0.0008138171979226172,1e-06,0.8763440847396851,0.7203241586685181
111,1.0,0.0001321149175055325,1e-06,0.8781362175941467,0.7099317312240601
112,0.9993337988853455,0.001854741363786161,1e-06,0.8781362175941467,0.7121314406394958
113,1.0,0.0008265554206445813,1e-06,0.8781362175941467,0.6972573399543762
114,1.0,0.00023078362573869526,1e-06,0.8781362175941467,0.7133811712265015
115,1.0,0.00013757993292529136,1e-06,0.8781362175941467,0.7062609791755676
116,1.0,0.00021944208128843457,1e-06,0.8781362175941467,0.710344672203064
117,1.0,0.0007242091232910752,1e-06,0.8781362175941467,0.7087861895561218
118,1.0,0.0001140604363172315,1e-06,0.8781362175941467,0.7099112272262573
119,1.0,0.00035478093195706606,1e-06,0.8781362175941467,0.7105557322502136
120,1.0,8.257322770077735e-05,1e-06,0.8781362175941467,0.7009838819503784
