epoch,accuracy,loss,lr,val_accuracy,val_loss
0,0.9187208414077759,0.2654796242713928,0.001,0.5967742204666138,3.132626533508301
1,0.9686875343322754,0.09092849493026733,0.001,0.5788530707359314,2.1315042972564697
2,0.9780146479606628,0.07490531355142593,0.001,0.5053763389587402,12.770173072814941
3,0.9820119738578796,0.06243646889925003,0.001,0.5053763389587402,8.549882888793945
4,0.9853430986404419,0.03947458416223526,0.001,0.5053763389587402,9.619949340820312
5,0.9820119738578796,0.07445329427719116,0.001,0.5394265055656433,4.307568073272705
6,0.9860092997550964,0.04813052713871002,0.001,0.560931921005249,3.980203151702881
7,0.984010636806488,0.0414116233587265,0.001,0.6630824208259583,3.7094380855560303
8,0.9846768975257874,0.051485542207956314,0.001,0.7795698642730713,0.8220850825309753
9,0.9893404245376587,0.030352728441357613,0.001,0.8530465960502625,0.9989230036735535
10,0.9886742234230042,0.04608606547117233,0.001,0.9121863842010498,0.38016194105148315
11,0.9973351359367371,0.011793687008321285,0.001,0.9444444179534912,0.18000270426273346
12,0.9953364133834839,0.00859750434756279,0.001,0.9516128897666931,0.18540595471858978
13,0.9960026741027832,0.022637423127889633,0.001,0.8709677457809448,0.9143200516700745
14,0.9853430986404419,0.054626014083623886,0.001,0.7867383360862732,0.6207292079925537
15,0.9946702122688293,0.015562142245471478,0.001,0.9318996667861938,0.27978482842445374
16,0.9940040111541748,0.013388448394834995,0.001,0.8584229350090027,0.5985473990440369
17,0.9846768975257874,0.05407342687249184,0.001,0.6003584265708923,2.05220103263855
18,0.9960026741027832,0.018201209604740143,0.001,0.8942652344703674,0.42795446515083313
19,0.9933377504348755,0.01700252667069435,0.001,0.8996415734291077,0.46823441982269287
20,0.9933377504348755,0.024758506566286087,0.001,0.9086021780967712,0.541235625743866
21,0.9853430986404419,0.05085759982466698,0.001,0.8709677457809448,0.6419131755828857
22,0.9973351359367371,0.00823168084025383,0.0003,0.9157705903053284,0.20021730661392212
23,0.9980013370513916,0.009215530008077621,0.0003,0.9157705903053284,0.23920853435993195
24,0.9960026741027832,0.013018462806940079,0.0003,0.8906810283660889,0.37392276525497437
25,0.9980013370513916,0.005197524558752775,0.0003,0.8028674125671387,0.9633638262748718
26,0.9960026741027832,0.010159485042095184,0.0003,0.9444444179534912,0.17154766619205475
27,0.9973351359367371,0.009571339935064316,0.0003,0.8763440847396851,0.5187911987304688
28,0.9973351359367371,0.00715672830119729,0.0003,0.7992831468582153,0.8670835494995117
29,0.9986675381660461,0.005968313664197922,0.0003,0.8458781242370605,0.6288135051727295
30,0.9980013370513916,0.004136588424444199,0.0003,0.9211469292640686,0.2765965163707733
31,0.9966688752174377,0.008875235915184021,0.0003,0.8709677457809448,0.5223488807678223
32,1.0,0.0011697845766320825,0.0003,0.883512556552887,0.4943026602268219
33,0.9993337988853455,0.0018112210091203451,0.0003,0.8906810283660889,0.449222594499588
34,1.0,0.0005715577863156796,0.0003,0.8620071411132812,0.5758102536201477
35,1.0,0.0011764453956857324,0.0003,0.9086021780967712,0.3296467363834381
36,0.9986675381660461,0.004898674786090851,0.0003,0.8494623899459839,0.6056864261627197
37,1.0,0.0006937244324944913,9e-05,0.8691756129264832,0.562558650970459
38,0.9966688752174377,0.005832159426063299,9e-05,0.8709677457809448,0.5299071073532104
39,0.9993337988853455,0.005074103828519583,9e-05,0.8333333134651184,0.808991551399231
40,0.9986675381660461,0.00275352131575346,9e-05,0.8476702570915222,0.6204125285148621
41,0.9980013370513916,0.005578909534960985,9e-05,0.8709677457809448,0.46353235840797424
42,0.9980013370513916,0.005373661871999502,9e-05,0.8799282908439636,0.5295805931091309
43,0.9960026741027832,0.0185413658618927,9e-05,0.8763440847396851,0.5178197026252747
44,0.9973351359367371,0.004571742378175259,9e-05,0.9516128897666931,0.22330358624458313
45,0.9986675381660461,0.0031227783765643835,9e-05,0.9086021780967712,0.3761007487773895
46,0.9973351359367371,0.006133789662271738,9e-05,0.9318996667861938,0.21239380538463593
47,0.9993337988853455,0.0014299479080364108,2.7e-05,0.9211469292640686,0.26282551884651184
48,0.9993337988853455,0.002889151917770505,2.7e-05,0.9050179123878479,0.3360087275505066
49,0.9980013370513916,0.0028240946121513844,2.7e-05,0.8781362175941467,0.41899722814559937
50,1.0,0.000794614024925977,2.7e-05,0.8655914068222046,0.4910578429698944
51,0.9993337988853455,0.0018257573246955872,2.7e-05,0.8691756129264832,0.46675175428390503
52,1.0,0.00042910323827527463,2.7e-05,0.8673835396766663,0.4855313301086426
53,0.9986675381660461,0.0030606805812567472,2.7e-05,0.8351254463195801,0.6895775198936462
54,0.9986675381660461,0.004165259655565023,2.7e-05,0.8440860509872437,0.6345180869102478
55,0.9993337988853455,0.0012193168513476849,2.7e-05,0.8512544631958008,0.6050252318382263
56,0.9980013370513916,0.0063869343139231205,2.7e-05,0.8548387289047241,0.5832598805427551
57,1.0,0.0008401801460422575,8.1e-06,0.8494623899459839,0.6197738647460938
58,0.9993337988853455,0.001190672628581524,8.1e-06,0.8530465960502625,0.6106652617454529
59,0.9986675381660461,0.004076022654771805,8.1e-06,0.8458781242370605,0.6310794949531555
60,0.9993337988853455,0.0036753839813172817,8.1e-06,0.8494623899459839,0.6155261993408203
61,0.9993337988853455,0.0014766945969313383,8.1e-06,0.8458781242370605,0.6237385869026184
62,0.9993337988853455,0.002020785352215171,8.1e-06,0.8476702570915222,0.6153254508972168
63,0.9993337988853455,0.002149581676349044,8.1e-06,0.8494623899459839,0.6210235953330994
64,1.0,0.00031806802144274116,8.1e-06,0.8476702570915222,0.6169243454933167
65,1.0,0.0008254019194282591,8.1e-06,0.8458781242370605,0.6351577043533325
66,1.0,0.0006563986535184085,8.1e-06,0.8476702570915222,0.6391556859016418
67,0.9993337988853455,0.002030560513958335,2.43e-06,0.8458781242370605,0.635130763053894
68,1.0,0.0013505343813449144,2.43e-06,0.8440860509872437,0.6334743499755859
69,1.0,0.0009118530433624983,2.43e-06,0.8458781242370605,0.63163161277771
70,0.9986675381660461,0.00190135242883116,2.43e-06,0.8458781242370605,0.6328997611999512
71,0.9993337988853455,0.0018616970628499985,2.43e-06,0.8458781242370605,0.6356710195541382
72,1.0,0.0005692611448466778,2.43e-06,0.8458781242370605,0.6438003182411194
73,0.9986675381660461,0.0027214232832193375,2.43e-06,0.8494623899459839,0.6176434755325317
74,0.9993337988853455,0.0021433921065181494,2.43e-06,0.8440860509872437,0.6292062997817993
75,0.9993337988853455,0.0025900646578520536,2.43e-06,0.8476702570915222,0.6193187832832336
76,1.0,0.0011866220738738775,2.43e-06,0.8476702570915222,0.6175771355628967
77,1.0,0.000451968313427642,1e-06,0.8476702570915222,0.6190699338912964
78,1.0,0.0012601198395714164,1e-06,0.8494623899459839,0.6178824305534363
79,1.0,0.0007338009891100228,1e-06,0.8494623899459839,0.6190221905708313
80,1.0,0.0006380912964232266,1e-06,0.8512544631958008,0.6142627596855164
81,0.9993337988853455,0.0014693624107167125,1e-06,0.8476702570915222,0.6209860444068909
82,0.9993337988853455,0.001211845432408154,1e-06,0.8476702570915222,0.6206416487693787
83,0.9993337988853455,0.004761220421642065,1e-06,0.8476702570915222,0.6186823844909668
84,0.9993337988853455,0.0025194070767611265,1e-06,0.8530465960502625,0.6097521781921387
85,0.9993337988853455,0.00210171053186059,1e-06,0.8512544631958008,0.6119683384895325
86,1.0,0.0009378030663356185,1e-06,0.8476702570915222,0.6209637522697449
87,1.0,0.00038857455365359783,1e-06,0.8476702570915222,0.6198872923851013
88,0.9993337988853455,0.0022701832931488752,1e-06,0.8512544631958008,0.616201639175415
89,0.9993337988853455,0.0012056435225531459,1e-06,0.8494623899459839,0.6218547821044922
90,1.0,0.0005488945171236992,1e-06,0.8476702570915222,0.6234596967697144
91,1.0,0.001261184923350811,1e-06,0.8512544631958008,0.6185140013694763
92,1.0,0.0007609793683513999,1e-06,0.8512544631958008,0.6185416579246521
93,1.0,0.0004928104463033378,1e-06,0.8476702570915222,0.6220705509185791
94,1.0,0.0004843875649385154,1e-06,0.8494623899459839,0.625279426574707
95,1.0,0.0018471243092790246,1e-06,0.8512544631958008,0.6210747957229614
96,0.9993337988853455,0.0013987352140247822,1e-06,0.8512544631958008,0.6205929517745972
97,1.0,0.00099709362257272,1e-06,0.8458781242370605,0.6310933828353882
98,1.0,0.0013477671891450882,1e-06,0.8512544631958008,0.612571120262146
99,0.9980013370513916,0.0029902260284870863,1e-06,0.8494623899459839,0.6212875843048096
100,1.0,0.0006138597964309156,1e-06,0.8494623899459839,0.6191446781158447
101,0.9980013370513916,0.005790345836430788,1e-06,0.8512544631958008,0.6261277198791504
102,0.9993337988853455,0.0026639944408088923,1e-06,0.8512544631958008,0.6217548847198486
103,1.0,0.0005394245963543653,1e-06,0.8512544631958008,0.626854658126831
104,1.0,0.0011576581746339798,1e-06,0.8494623899459839,0.632355809211731
105,0.9993337988853455,0.001893778913654387,1e-06,0.8512544631958008,0.6164295077323914
106,0.9993337988853455,0.003836451331153512,1e-06,0.8602150678634644,0.5928646922111511
107,1.0,0.0009158560424111784,1e-06,0.8602150678634644,0.5919548869132996
108,1.0,0.0008511485066264868,1e-06,0.8584229350090027,0.5987035632133484
109,1.0,0.00031301763374358416,1e-06,0.8584229350090027,0.5983697772026062
110,1.0,0.0011144692543894053,1e-06,0.8548387289047241,0.6069928407669067
111,1.0,0.00047019196790643036,1e-06,0.8548387289047241,0.6107150316238403
112,0.9980013370513916,0.005074352025985718,1e-06,0.8512544631958008,0.6127039790153503
113,1.0,0.0008159050485119224,1e-06,0.856630802154541,0.6061923503875732
114,1.0,0.0004082414961885661,1e-06,0.8548387289047241,0.6081833243370056
115,1.0,0.0005769240669906139,1e-06,0.856630802154541,0.6051203012466431
116,1.0,0.0006740051321685314,1e-06,0.856630802154541,0.5989757776260376
117,0.9993337988853455,0.0012902815360575914,1e-06,0.856630802154541,0.6028896570205688
118,1.0,0.0007696250104345381,1e-06,0.8584229350090027,0.6036093235015869
119,0.9986675381660461,0.0022538504563272,1e-06,0.8602150678634644,0.5946602821350098
120,1.0,0.0008968540350906551,1e-06,0.8602150678634644,0.6014944314956665
121,0.9993337988853455,0.0015603380743414164,1e-06,0.8602150678634644,0.5964055061340332
122,1.0,0.00030277756741270423,1e-06,0.8602150678634644,0.5990248322486877
123,0.9993337988853455,0.0044589475728571415,1e-06,0.8584229350090027,0.6127897500991821
124,1.0,0.0004914402379654348,1e-06,0.8620071411132812,0.6025462746620178
125,0.9993337988853455,0.0012950795935466886,1e-06,0.8584229350090027,0.6075491309165955
126,1.0,0.0008046402945183218,1e-06,0.8602150678634644,0.6017655730247498
