epoch,accuracy,loss,lr,val_accuracy,val_loss
0,0.9187208414077759,0.26144543290138245,0.001,0.5215053558349609,4.7543182373046875
1,0.9520319700241089,0.17350023984909058,0.001,0.4605734646320343,6.625014305114746
2,0.9726848602294922,0.06183377653360367,0.001,0.541218638420105,7.131953239440918
3,0.9820119738578796,0.056553661823272705,0.001,0.5967742204666138,10.06265926361084
4,0.9780146479606628,0.07310424000024796,0.001,0.5053763389587402,8.31760311126709
5,0.9860092997550964,0.038174305111169815,0.001,0.5161290168762207,5.122498035430908
6,0.9973351359367371,0.008674598298966885,0.001,0.5089605450630188,5.3080058097839355
7,0.9793471097946167,0.07463422417640686,0.001,0.6810035705566406,1.909340262413025
8,0.9846768975257874,0.05733995884656906,0.001,0.6397849321365356,1.3328195810317993
9,0.9960026741027832,0.016097595915198326,0.001,0.7670251131057739,0.891701340675354
10,0.9853430986404419,0.05182134732604027,0.001,0.8870967626571655,0.29423895478248596
11,0.9953364133834839,0.012029776349663734,0.001,0.883512556552887,0.7120064496994019
12,0.990006685256958,0.04857964813709259,0.001,0.9641577005386353,0.12466537207365036
13,0.9920053482055664,0.025211192667484283,0.001,0.6362007260322571,1.3600668907165527
14,0.9946702122688293,0.015074494294822216,0.001,0.9157705903053284,0.3777036666870117
15,0.9933377504348755,0.018231911584734917,0.001,0.7652329802513123,1.1786452531814575
16,0.9966688752174377,0.012479906901717186,0.001,0.8494623899459839,0.6316163539886475
17,0.9986675381660461,0.005249375011771917,0.001,0.7992831468582153,1.2026782035827637
18,0.990006685256958,0.030871327966451645,0.001,0.7544803023338318,1.3722978830337524
19,0.9873417615890503,0.04126313701272011,0.001,0.9426523447036743,0.24609699845314026
20,0.9973351359367371,0.009431364946067333,0.001,0.8548387289047241,0.6219571232795715
21,0.9973351359367371,0.01210852898657322,0.001,0.8225806355476379,0.5807936191558838
22,0.9966688752174377,0.011711583472788334,0.001,0.8691756129264832,0.5508502721786499
23,0.9966688752174377,0.02178109996020794,0.0003,0.8351254463195801,1.377518653869629
24,0.9966688752174377,0.009033413603901863,0.0003,0.8315412402153015,0.667977511882782
25,0.9986675381660461,0.0039208694361150265,0.0003,0.883512556552887,0.5109809041023254
26,1.0,0.0008854473708197474,0.0003,0.8548387289047241,0.4562961161136627
27,1.0,0.0006400977144949138,0.0003,0.8691756129264832,0.4801557660102844
28,1.0,0.0014320029877126217,0.0003,0.9068100452423096,0.4602387249469757
29,0.9993337988853455,0.002548829186707735,0.0003,0.8996415734291077,0.502374529838562
30,0.9993337988853455,0.003643528325483203,0.0003,0.8189964294433594,0.8320388197898865
31,0.9966688752174377,0.011648600921034813,0.0003,0.774193525314331,0.8675664067268372
32,0.9980013370513916,0.005573192611336708,0.0003,0.9283154010772705,0.4365845024585724
33,0.9966688752174377,0.008262284100055695,9e-05,0.8691756129264832,0.7018752098083496
34,0.9993337988853455,0.0029076789505779743,9e-05,0.8243727684020996,0.743484377861023
35,0.9973351359367371,0.009366708807647228,9e-05,0.8763440847396851,0.4366902709007263
36,0.9993337988853455,0.0016685398295521736,9e-05,0.8960573673248291,0.3746100664138794
37,1.0,0.0005014385678805411,9e-05,0.8817204236984253,0.3764607608318329
38,1.0,0.001513936324045062,9e-05,0.8763440847396851,0.3949441909790039
39,0.9980013370513916,0.007369088474661112,9e-05,0.8440860509872437,0.6077439785003662
40,1.0,0.00152182811871171,9e-05,0.8512544631958008,0.5152477622032166
41,1.0,0.0008328041294589639,9e-05,0.8691756129264832,0.4889409840106964
42,1.0,0.0005954910884611309,9e-05,0.8673835396766663,0.5152175426483154
43,1.0,0.001276740338653326,2.7e-05,0.8637992739677429,0.5339451432228088
44,1.0,0.00062149966834113,2.7e-05,0.8655914068222046,0.525145411491394
45,1.0,0.0003250500885769725,2.7e-05,0.8655914068222046,0.5270645022392273
46,1.0,0.00044739554869011045,2.7e-05,0.8655914068222046,0.5235861539840698
47,1.0,0.0008877940708771348,2.7e-05,0.8655914068222046,0.5190512537956238
48,0.9993337988853455,0.002193461637943983,2.7e-05,0.8637992739677429,0.5220640897750854
49,0.9980013370513916,0.014796530827879906,2.7e-05,0.8530465960502625,0.5915206074714661
50,0.9986675381660461,0.0037055984139442444,2.7e-05,0.8620071411132812,0.5219886898994446
51,1.0,0.0004076376208104193,2.7e-05,0.8637992739677429,0.5190355181694031
52,0.9993337988853455,0.002185824792832136,2.7e-05,0.8548387289047241,0.5381296873092651
53,1.0,0.0004291915684007108,8.1e-06,0.856630802154541,0.5302244424819946
54,1.0,0.0004463261575438082,8.1e-06,0.856630802154541,0.5332823991775513
55,0.9993337988853455,0.0015786438016220927,8.1e-06,0.856630802154541,0.5236048102378845
56,1.0,0.00048809885629452765,8.1e-06,0.856630802154541,0.5365430116653442
57,1.0,0.000414023466873914,8.1e-06,0.856630802154541,0.5347757935523987
58,1.0,0.00046584251685999334,8.1e-06,0.856630802154541,0.5378255248069763
59,1.0,0.00019274023361504078,8.1e-06,0.856630802154541,0.53786301612854
60,0.9980013370513916,0.006560844834893942,8.1e-06,0.8602150678634644,0.523399293422699
61,1.0,0.0015737732173874974,8.1e-06,0.8602150678634644,0.5262123346328735
62,0.9986675381660461,0.0029946279246360064,8.1e-06,0.8620071411132812,0.5007311105728149
63,1.0,0.00019145544501952827,2.43e-06,0.8602150678634644,0.5023654103279114
64,1.0,0.0003773214702960104,2.43e-06,0.8602150678634644,0.5031381845474243
65,1.0,0.0004048956907354295,2.43e-06,0.8637992739677429,0.5084801912307739
66,0.9986675381660461,0.0018038968555629253,2.43e-06,0.8620071411132812,0.5189658999443054
67,1.0,0.00017267891962546855,2.43e-06,0.8637992739677429,0.5151558518409729
68,1.0,0.0003749379247892648,2.43e-06,0.8637992739677429,0.5146009922027588
69,1.0,0.00017322013445664197,2.43e-06,0.8602150678634644,0.5052213668823242
70,1.0,0.0003571484994608909,2.43e-06,0.8584229350090027,0.5083275437355042
71,1.0,0.00019819289445877075,2.43e-06,0.8637992739677429,0.513951301574707
72,1.0,0.0010887779062613845,2.43e-06,0.8620071411132812,0.5156449675559998
73,0.9993337988853455,0.002099699340760708,1e-06,0.8637992739677429,0.512329638004303
74,1.0,0.0005633268738165498,1e-06,0.8637992739677429,0.5111513733863831
75,1.0,0.0010529870633035898,1e-06,0.8620071411132812,0.5129743218421936
76,1.0,0.00044568945304490626,1e-06,0.8602150678634644,0.5176485180854797
77,1.0,0.0009400160051882267,1e-06,0.8620071411132812,0.5172626376152039
78,1.0,0.0002987970947287977,1e-06,0.8637992739677429,0.5120940208435059
79,0.9993337988853455,0.0015266258269548416,1e-06,0.8620071411132812,0.5132177472114563
80,0.9980013370513916,0.002842973917722702,1e-06,0.8602150678634644,0.519883394241333
81,1.0,0.0002673529670573771,1e-06,0.8584229350090027,0.5272778868675232
82,0.9986675381660461,0.002099769189953804,1e-06,0.8602150678634644,0.520289421081543
83,1.0,0.00022036982409190387,1e-06,0.8602150678634644,0.5225971937179565
84,0.9993337988853455,0.002409293781965971,1e-06,0.8602150678634644,0.5249842405319214
85,0.9993337988853455,0.0014690146781504154,1e-06,0.8602150678634644,0.5248944759368896
86,1.0,0.00018984873895533383,1e-06,0.8602150678634644,0.5225947499275208
87,1.0,0.0002767989644780755,1e-06,0.8602150678634644,0.5222357511520386
88,1.0,0.00018571743567008525,1e-06,0.8602150678634644,0.5254077911376953
89,0.9993337988853455,0.003269112901762128,1e-06,0.8620071411132812,0.5168569087982178
90,1.0,0.00028637677314691246,1e-06,0.8602150678634644,0.5197299122810364
91,1.0,0.00033838715171441436,1e-06,0.8620071411132812,0.5173457860946655
92,0.9980013370513916,0.003371245926246047,1e-06,0.8602150678634644,0.5193576812744141
93,0.9993337988853455,0.002337356563657522,1e-06,0.8602150678634644,0.5209986567497253
94,1.0,0.0004695918469224125,1e-06,0.8602150678634644,0.5228865146636963
95,0.9993337988853455,0.00797253381460905,1e-06,0.8602150678634644,0.5231009721755981
96,1.0,0.000613803684245795,1e-06,0.8602150678634644,0.5250690579414368
97,1.0,0.0006009525386616588,1e-06,0.8602150678634644,0.5291262269020081
98,1.0,0.0003704726113937795,1e-06,0.8602150678634644,0.52933269739151
99,1.0,0.0011184514733031392,1e-06,0.8602150678634644,0.5267634391784668
100,0.9986675381660461,0.0032210724893957376,1e-06,0.8602150678634644,0.5292282700538635
101,0.9993337988853455,0.0010167717700824142,1e-06,0.8602150678634644,0.5297374129295349
102,1.0,0.00030695440364070237,1e-06,0.8584229350090027,0.5219701528549194
103,1.0,0.0004149481246713549,1e-06,0.856630802154541,0.5250810384750366
104,1.0,0.0005469422903843224,1e-06,0.8602150678634644,0.5316864848136902
105,1.0,0.0007386085344478488,1e-06,0.8602150678634644,0.5324414968490601
106,0.9993337988853455,0.0009540640166960657,1e-06,0.8602150678634644,0.5318145751953125
107,1.0,0.00035245841718278825,1e-06,0.8602150678634644,0.5282794237136841
108,0.9993337988853455,0.001353834057226777,1e-06,0.8602150678634644,0.5238661170005798
109,1.0,0.00015961003373377025,1e-06,0.8602150678634644,0.5290315747261047
110,1.0,0.0013790117809548974,1e-06,0.8602150678634644,0.5272238850593567
111,0.9993337988853455,0.0025648598093539476,1e-06,0.8602150678634644,0.5285195708274841
112,1.0,0.0006410912610590458,1e-06,0.8602150678634644,0.5307787656784058
