epoch,accuracy,loss,lr,val_accuracy,val_loss
0,0.9120586514472961,0.33139899373054504,0.001,0.5053763389587402,6.055960655212402
1,0.9646902084350586,0.11720369756221771,0.001,0.5053763389587402,7.803383827209473
2,0.9753497838973999,0.07516465336084366,0.001,0.5053763389587402,5.515204906463623
3,0.9860092997550964,0.04731098189949989,0.001,0.5053763389587402,5.647029399871826
4,0.9873417615890503,0.056019097566604614,0.001,0.6344085931777954,2.5562946796417236
5,0.9853430986404419,0.04089798778295517,0.001,0.6756272315979004,1.2485506534576416
6,0.9933377504348755,0.021036850288510323,0.001,0.6505376100540161,2.0379867553710938
7,0.992671549320221,0.02015841379761696,0.001,0.5770609378814697,2.196829080581665
8,0.992671549320221,0.01958388090133667,0.001,0.6236559152603149,2.1966264247894287
9,0.990006685256958,0.04394625872373581,0.001,0.8602150678634644,1.3844319581985474
10,0.9780146479606628,0.08834263682365417,0.001,0.6612903475761414,1.0072288513183594
11,0.984010636806488,0.05473041906952858,0.001,0.7903226017951965,0.9112049341201782
12,0.9966688752174377,0.011776636354625225,0.001,0.8745519518852234,0.6148493885993958
13,0.9820119738578796,0.07330863177776337,0.001,0.5860214829444885,3.4443252086639404
14,0.9960026741027832,0.009851769544184208,0.001,0.8207885026931763,0.7331888675689697
15,0.9906728863716125,0.0290515199303627,0.001,0.5770609378814697,6.588937282562256
16,0.9913390874862671,0.02803906984627247,0.001,0.6559139490127563,2.216876983642578
17,0.9973351359367371,0.016049768775701523,0.001,0.7078853249549866,1.5360263586044312
18,0.9980013370513916,0.004996799398213625,0.001,0.9014337062835693,0.4841216206550598
19,0.9953364133834839,0.010527057573199272,0.001,0.9426523447036743,0.1823836714029312
20,0.992671549320221,0.015526657924056053,0.001,0.7885304689407349,0.7656192779541016
21,0.9813457727432251,0.060321394354104996,0.001,0.9139785170555115,0.8548051118850708
22,0.9960026741027832,0.01185554824769497,0.001,0.939068078994751,0.8150728940963745
23,0.9966688752174377,0.014085968025028706,0.001,0.6397849321365356,2.3573741912841797
24,0.9880080223083496,0.032637666910886765,0.001,0.5555555820465088,8.849250793457031
25,0.9920053482055664,0.024698130786418915,0.001,0.6792114973068237,4.092634201049805
26,0.9906728863716125,0.028845859691500664,0.001,0.7168458700180054,4.08779239654541
27,0.9886742234230042,0.04140794277191162,0.001,0.5698924660682678,5.028273105621338
28,0.9906728863716125,0.03149518743157387,0.001,0.6648745536804199,1.1854181289672852
29,0.9980013370513916,0.007212311495095491,0.001,0.8189964294433594,0.6566974520683289
30,0.9993337988853455,0.0017448992002755404,0.0003,0.8709677457809448,0.4876687526702881
31,0.9980013370513916,0.006166066974401474,0.0003,0.8333333134651184,0.7007836699485779
32,0.9986675381660461,0.007697294931858778,0.0003,0.8888888955116272,0.4341985583305359
33,1.0,0.0013349794317036867,0.0003,0.9193548560142517,0.3456640839576721
34,0.9986675381660461,0.0037337089888751507,0.0003,0.8387096524238586,0.5996617674827576
35,0.9986675381660461,0.0026888109277933836,0.0003,0.8727598786354065,0.49631252884864807
36,0.9986675381660461,0.0027023409493267536,0.0003,0.9014337062835693,0.3867109417915344
37,0.9986675381660461,0.0024859264958649874,0.0003,0.8924731016159058,0.47163304686546326
38,0.9986675381660461,0.004297439940273762,0.0003,0.9014337062835693,0.42831429839134216
39,0.9986675381660461,0.002822781912982464,0.0003,0.8942652344703674,0.4223325550556183
40,0.9973351359367371,0.005317127797752619,9e-05,0.8906810283660889,0.488647997379303
41,1.0,0.0013767051277682185,9e-05,0.8763440847396851,0.5510421991348267
42,1.0,0.0006951165851205587,9e-05,0.8476702570915222,0.6026630401611328
43,0.9993337988853455,0.0010295038809999824,9e-05,0.8458781242370605,0.626600444316864
44,1.0,0.0007728068740107119,9e-05,0.842293918132782,0.64884352684021
45,1.0,0.0005043717683292925,9e-05,0.8387096524238586,0.6582135558128357
46,0.9980013370513916,0.0035383778158575296,9e-05,0.8315412402153015,0.7051602602005005
47,0.9993337988853455,0.0011862018145620823,9e-05,0.8440860509872437,0.6680734157562256
48,0.9986675381660461,0.0018152701668441296,9e-05,0.8243727684020996,0.7876110076904297
49,1.0,0.0007390399114228785,9e-05,0.8082437515258789,0.9071894288063049
50,0.9986675381660461,0.003941455390304327,2.7e-05,0.8369175791740417,0.7361056208610535
51,0.9993337988853455,0.000912798976060003,2.7e-05,0.8315412402153015,0.7348266839981079
52,0.9993337988853455,0.0019098286284133792,2.7e-05,0.8261649012565613,0.770302951335907
53,0.9993337988853455,0.00514771556481719,2.7e-05,0.8333333134651184,0.7082927227020264
54,1.0,0.0012362635461613536,2.7e-05,0.8333333134651184,0.7156847715377808
55,1.0,0.0009728611330501735,2.7e-05,0.8333333134651184,0.7311220765113831
56,1.0,0.0002764574019238353,2.7e-05,0.8315412402153015,0.7415153980255127
57,1.0,0.0004609460011124611,2.7e-05,0.8279569745063782,0.7772065997123718
58,1.0,0.0005764086381532252,2.7e-05,0.8243727684020996,0.7806220054626465
59,1.0,0.0010784213664010167,2.7e-05,0.8458781242370605,0.7230446934700012
60,0.9986675381660461,0.003734636353328824,8.1e-06,0.8494623899459839,0.7358846068382263
61,0.9993337988853455,0.002816367894411087,8.1e-06,0.8351254463195801,0.7566172480583191
62,0.9993337988853455,0.0020839902572333813,8.1e-06,0.8333333134651184,0.7542240023612976
63,1.0,0.0007290085777640343,8.1e-06,0.8315412402153015,0.7603458762168884
64,1.0,0.000504540977999568,8.1e-06,0.8297491073608398,0.7417263984680176
65,0.9993337988853455,0.0011541696731001139,8.1e-06,0.8369175791740417,0.7246536016464233
66,1.0,0.0007659440161660314,8.1e-06,0.8333333134651184,0.7327740788459778
67,1.0,0.0009785100119188428,8.1e-06,0.8315412402153015,0.7490864992141724
68,1.0,0.0006435702089220285,8.1e-06,0.8315412402153015,0.7377790212631226
69,0.9993337988853455,0.0016630348982289433,8.1e-06,0.8315412402153015,0.7546402215957642
70,0.9986675381660461,0.0017909752205014229,2.43e-06,0.8315412402153015,0.7559479475021362
71,0.9993337988853455,0.0014086581068113446,2.43e-06,0.8315412402153015,0.742732584476471
72,0.9993337988853455,0.001372015685774386,2.43e-06,0.8315412402153015,0.736808180809021
73,1.0,0.00043698138324543834,2.43e-06,0.8315412402153015,0.7374330759048462
74,1.0,0.0008732034475542605,2.43e-06,0.8315412402153015,0.7516509294509888
75,0.9993337988853455,0.0020291307009756565,2.43e-06,0.8315412402153015,0.7495418787002563
76,1.0,0.0006467340863309801,2.43e-06,0.8315412402153015,0.7502690553665161
77,0.9986675381660461,0.0032650602515786886,2.43e-06,0.8297491073608398,0.7438877820968628
78,0.9993337988853455,0.006313716527074575,2.43e-06,0.8261649012565613,0.7627589106559753
79,0.9980013370513916,0.006755724083632231,2.43e-06,0.8261649012565613,0.7636584043502808
80,0.9986675381660461,0.004030895885080099,1e-06,0.8261649012565613,0.7544841766357422
81,1.0,0.00015536235878244042,1e-06,0.8261649012565613,0.7576980590820312
82,0.9986675381660461,0.002954393858090043,1e-06,0.8261649012565613,0.7464463114738464
83,1.0,0.0005755455931648612,1e-06,0.8261649012565613,0.74720698595047
84,1.0,0.0008581205038353801,1e-06,0.8279569745063782,0.744592010974884
85,1.0,0.0004172275075688958,1e-06,0.8261649012565613,0.756805419921875
86,0.9993337988853455,0.0023553650826215744,1e-06,0.8279569745063782,0.7520540356636047
87,0.9973351359367371,0.004602048080414534,1e-06,0.8279569745063782,0.7481328248977661
88,1.0,0.0002309609844814986,1e-06,0.8279569745063782,0.7563518285751343
89,0.9993337988853455,0.001054667984135449,1e-06,0.8279569745063782,0.745844841003418
90,1.0,0.0005983700975775719,1e-06,0.8279569745063782,0.7468286752700806
91,1.0,0.000421228090999648,1e-06,0.8279569745063782,0.7548760771751404
92,0.9993337988853455,0.0033467647153884172,1e-06,0.8261649012565613,0.7566975951194763
93,0.9986675381660461,0.006551515776664019,1e-06,0.8243727684020996,0.7680478096008301
94,1.0,0.0008587820339016616,1e-06,0.8243727684020996,0.7772465348243713
95,1.0,0.0005474876961670816,1e-06,0.8261649012565613,0.7710019946098328
96,0.9993337988853455,0.0021837730892002583,1e-06,0.8261649012565613,0.7708718776702881
97,0.9993337988853455,0.0013314819661900401,1e-06,0.8261649012565613,0.765462338924408
98,1.0,0.0005208086804486811,1e-06,0.8243727684020996,0.7741908431053162
99,0.9993337988853455,0.0013028704561293125,1e-06,0.8261649012565613,0.7601468563079834
100,1.0,0.0005063400021754205,1e-06,0.8243727684020996,0.7666292786598206
101,0.9986675381660461,0.0030304184183478355,1e-06,0.8261649012565613,0.7532469034194946
102,0.9993337988853455,0.0033029126934707165,1e-06,0.8243727684020996,0.7686740756034851
103,1.0,0.0007468110998161137,1e-06,0.8279569745063782,0.7481494545936584
104,1.0,0.0005437838844954967,1e-06,0.8279569745063782,0.7463335394859314
105,1.0,0.00046433499664999545,1e-06,0.8261649012565613,0.7549505829811096
106,0.9993337988853455,0.002395791234448552,1e-06,0.8243727684020996,0.7604516744613647
107,1.0,0.0006070574163459241,1e-06,0.8279569745063782,0.7527809143066406
108,1.0,0.0007573118200525641,1e-06,0.8243727684020996,0.7643337249755859
109,0.9980013370513916,0.01314011961221695,1e-06,0.8261649012565613,0.7588123679161072
110,0.9993337988853455,0.001534986775368452,1e-06,0.8243727684020996,0.7702074646949768
111,0.9986675381660461,0.0053208861500024796,1e-06,0.8243727684020996,0.7825011610984802
112,1.0,0.0007286514737643301,1e-06,0.8225806355476379,0.7887179851531982
113,1.0,0.00023886254348326474,1e-06,0.8243727684020996,0.776674747467041
114,0.9993337988853455,0.0012867245823144913,1e-06,0.8243727684020996,0.7609302401542664
115,0.9986675381660461,0.003516747849062085,1e-06,0.8261649012565613,0.7601193189620972
116,0.9993337988853455,0.004750506952404976,1e-06,0.8261649012565613,0.7588358521461487
117,0.9993337988853455,0.0007413896382786334,1e-06,0.8261649012565613,0.7622385621070862
118,1.0,0.0007458798936568201,1e-06,0.8243727684020996,0.7760289311408997
119,0.9980013370513916,0.003632322186604142,1e-06,0.8243727684020996,0.7685238122940063
